iteration 	 master_max 	 master_avg 	subnet_0_max 	 subnet_0_avg 	subnet_1_max 	 subnet_1_avg 	full_max 	 full_avg
0	8.99428047659967E-4	1.44781062785013E-4	1115.860171001521	221.40708145530553	111.62092775067629	26.733982676971873	11416.104435697052	6083.157290480558
1	0.0010922849778580712	3.0287444875890895E-4	371.62902374903206	34.1710303534951	29.429458109774714	4.286935712872291	10443.623665189312	5816.622818314025
2	0.0010799911924550543	2.709628526342082E-4	37.68909389770124	3.0814423642715347	3.278981270032318	0.34768638004620517	9633.107997609564	3962.8998561194408
3	0.001144937879871577	2.806293958504587E-4	1.4483346128254198	0.08825977327180429	0.8879687591946777	0.10417502580714161	8927.004394776333	4416.753668005961
4	0.0011234433804929722	2.525598824831832E-4	0.24368487993706367	0.041932515788229305	0.08785634723528801	0.008404899183676469	8280.479020060971	4016.928509934664
5	9.288829642173368E-4	1.9893505304935388E-4	0.01910706912894966	0.003184785751353261	0.015484002809898811	0.002033364445659094	7703.72903581374	3662.420339229391
6	9.427684326510644E-4	2.018770957571784E-4	0.004249932957463898	6.608584072797813E-4	0.0041170519700699515	7.13325824431339E-4	7187.501652599662	3295.7416733194045
7	9.978854795917869E-4	2.228279387660829E-4	9.503685032541398E-4	1.2579433915662876E-4	0.002037120501086065	3.872443121841011E-4	6723.643959479377	3136.640916841031
8	9.74192371359095E-4	2.068449898615654E-4	9.73954771325225E-4	1.2120127232467187E-4	0.0012738856261194087	2.6346916295992605E-4	6305.156392827426	2921.647872395221
9	9.388783073518425E-4	2.0360915959827253E-4	9.47061664192006E-4	2.111227518071246E-4	9.897479721985292E-4	1.9649760928359684E-4	5915.264903214469	2492.8751958425432
10	8.983150473795831E-4	1.796952484861928E-4	9.681475348770618E-4	2.179201646868023E-4	9.790091498871334E-4	2.3541605711822436E-4	5560.003100369737	2348.0650960489575
11	9.817960672080517E-4	2.0947461462128558E-4	9.540364844724536E-4	2.198288672793246E-4	9.873364069790114E-4	2.2756612316290076E-4	5236.5006294137565	2141.3679120734887
12	9.433036429982167E-4	2.0673775740457737E-4	9.767865703906864E-4	2.197184797094249E-4	9.928496401698794E-4	2.2450009011683558E-4	4940.931875235139	1959.5513533941053
13	9.88516869256273E-4	2.04376934410296E-4	9.811298223212361E-4	2.1849716358701698E-4	9.566896096657729E-4	2.3424834421008987E-4	4670.126308631938	1939.4742996781163
14	9.388902690261602E-4	2.0478535543588805E-4	9.74306371062994E-4	2.0052830916808618E-4	9.71019770076964E-4	2.520041796830824E-4	4421.232235390111	1740.853410318482
15	9.558131205267273E-4	2.037687938051628E-4	9.728841541800648E-4	1.8844106567225287E-4	9.992500374664814E-4	2.668637520579458E-4	4191.962225079682	1598.7157063210848
16	9.794555662665516E-4	2.048904457296885E-4	9.838444020715542E-4	2.3249538615865666E-4	9.709426691415501E-4	2.3866262701760987E-4	3980.1388997826725	1534.0985793377006
17	9.926679795171367E-4	2.143785536645737E-4	9.773564597708173E-4	2.451853562080133E-4	9.96266258880496E-4	2.2064780567429158E-4	3783.9219025487255	1357.2036842818466
18	9.588294688001042E-4	2.120638429611669E-4	9.341736040369142E-4	2.4329334391458778E-4	9.82118242973229E-4	1.8431173311585423E-4	3601.5909837093495	1410.5517812823339
19	9.569042013026774E-4	2.1626601119351108E-4	9.441984439035878E-4	2.390534422915693E-4	9.97573152062614E-4	2.4835356827445526E-4	3428.4688352793746	1247.2015693804906
20	9.624193498893874E-4	2.1990196031159334E-4	9.597600783308735E-4	2.500933456709341E-4	9.62405219752327E-4	1.6382063333380688E-4	3266.6607967919263	1207.3674722177682
21	9.783082932699472E-4	2.2078820090124887E-4	9.389731931150891E-4	2.4980919526471453E-4	9.993340860319222E-4	2.531105227133784E-4	3114.965404664923	1169.384184915424
22	9.802692220546305E-4	2.2730480835283137E-4	9.808334052650025E-4	2.600612026273868E-4	9.79272283075261E-4	2.1077078876411784E-4	2972.9220667182817	1135.046409678461
23	9.403961430507479E-4	2.099954043236115E-4	9.97461760562146E-4	2.6436429018556536E-4	9.816108552058722E-4	2.1790164712806123E-4	2839.7564820103	1094.2499469160844
24	9.047656076290878E-4	2.0851442650382523E-4	9.227636746800272E-4	2.42577912887201E-4	9.650682331994176E-4	2.1414750823671994E-4	2714.7754542704497	1050.5800459169175
25	9.809196926653385E-4	2.294631193156723E-4	9.284683728765231E-4	2.5689579740303866E-4	9.595139517841744E-4	2.295015452951077E-4	2597.336406309798	983.9012237961767
26	9.623499245208222E-4	2.263122006903965E-4	9.44108880503336E-4	2.551595054380111E-4	9.949184568540659E-4	2.1804442442352467E-4	2486.8557673929317	974.9690448622828
27	9.047623552760342E-4	2.1566129422960026E-4	9.380144547321834E-4	2.461251359970144E-4	9.801431522191706E-4	2.3306952689992286E-4	2383.3368494837778	904.8262627907553
28	8.782448021520395E-4	2.0797784797347654E-4	9.292492468375713E-4	2.5358506895322027E-4	9.884273721354475E-4	2.303434728524572E-4	2287.27382304988	850.0578960385425
29	9.784435096662492E-4	2.3580467874732372E-4	9.530900879326509E-4	2.5661363252361805E-4	9.811137504129874E-4	1.9315247381298053E-4	2196.8376488841313	847.2512783009263
30	9.369757899548858E-4	2.3037631384189203E-4	9.670080125943059E-4	2.6851554082116177E-4	9.776956439964124E-4	1.805761364209156E-4	2111.5407407287857	795.9250005998089
31	8.809248283796478E-4	2.294746107812292E-4	9.920513984980062E-4	2.4284160669619292E-4	9.980018753594777E-4	2.1380719760005516E-4	2031.011348627304	783.5587977020605
32	9.844449814409018E-4	2.7699766451405594E-4	9.930069763868232E-4	2.759162176776694E-4	9.89630767435301E-4	2.169680333036712E-4	1955.0137879190734	761.9258847454728
33	9.415253080078401E-4	2.892149744487445E-4	9.813389397095307E-4	2.6842533935046557E-4	9.743689333845396E-4	2.076408704257259E-4	1882.904790614586	744.1925609659478
34	8.902510999178048E-4	2.5787090407902724E-4	9.898850021272665E-4	2.5781333556551544E-4	9.959069157048361E-4	2.0976086541679706E-4	1814.5326184915903	709.5901096934195
35	9.868002671282738E-4	2.544418415103185E-4	9.99579486233415E-4	2.6682529468026976E-4	9.662269440013915E-4	2.2763847835535888E-4	1749.6290776052047	684.7556615698401
36	9.396916102559771E-4	2.3824158127657333E-4	9.640071948524565E-4	2.4693200652513444E-4	9.684685718411856E-4	2.0241482030005907E-4	1687.9507669328013	654.0300676680348
37	9.019572626129957E-4	2.334200047092357E-4	9.234488970832899E-4	2.472682504909195E-4	9.798075010394314E-4	2.2752879542189302E-4	1629.2755162961548	648.1912271909449
38	9.90499036561232E-4	2.3730977227387484E-4	9.301260724896565E-4	2.4451594394171526E-4	9.668390393926529E-4	2.1673051643669603E-4	1573.497071695776	601.7873776689407
39	9.765617178345565E-4	2.377203018113505E-4	9.315968782175332E-4	2.4823107761787124E-4	9.767902811290696E-4	2.0599546916086044E-4	1520.2198157347448	616.0661649552083
40	9.411453356733546E-4	2.2560485361585356E-4	9.362134442199022E-4	2.442076900823284E-4	9.718496073674032E-4	2.2859167752358188E-4	1469.356413685833	603.4557690736899
41	8.923481309466297E-4	2.1932240467018951E-4	9.368636383442208E-4	2.441325472859348E-4	9.503968174158217E-4	2.366217622780963E-4	1420.9008012337727	586.598924176756
42	9.969330185413128E-4	2.2400772180238468E-4	9.916453855112195E-4	2.6651972381033475E-4	9.584622520151242E-4	2.184602775945209E-4	1374.485656776873	575.7871997330045
43	9.811026975512505E-4	2.6320898526440334E-4	9.687894053058699E-4	2.530775225111299E-4	9.839153190114303E-4	2.2671156751724855E-4	1330.0719830329472	554.9873439763486
44	9.047456551343203E-4	2.33310855202779E-4	9.53334616497159E-4	2.6541343959252117E-4	9.940058462234447E-4	2.547313602356612E-4	1287.5153748798184	538.9029279408439
45	9.914481834130129E-4	2.4791708363574634E-4	9.519817103864625E-4	2.6516418614619397E-4	9.675412729848176E-4	2.3946104433036908E-4	1246.779062737187	508.28460461963874
46	9.608211730665062E-4	2.385542285827052E-4	9.537265432300046E-4	2.6531212935765325E-4	9.97641025833218E-4	2.325617204384062E-4	1210.3401148050616	498.7795609869756
47	9.283050258090952E-4	2.3305351996069393E-4	9.740323876030743E-4	2.551630320863985E-4	9.583621913407114E-4	2.040752961430702E-4	1179.9512268333056	511.2805224519148
48	9.125960641540587E-4	2.2389337077170652E-4	9.649358835304156E-4	2.536853986439934E-4	9.613039859459604E-4	2.1796499923176782E-4	1150.8419232753804	485.80195380051066
49	9.132659470196813E-4	2.2263892440770923E-4	9.550319373374805E-4	2.5114139815272983E-4	9.988280235120328E-4	2.4771278436137287E-4	1122.9138523516594	498.38102601318593
50	9.799704039323842E-4	2.3263647099983328E-4	9.444885536140646E-4	2.5013645374587435E-4	9.909754116961267E-4	2.625922595758112E-4	1096.0512042463524	482.11847647728945
51	9.541037325107027E-4	2.33165223934603E-4	9.658639792178292E-4	2.343848626367162E-4	9.711900872844126E-4	2.057988789629099E-4	1070.2289531962888	461.6173257781067
52	9.897025593090802E-4	2.6393874164072753E-4	9.540762339383946E-4	2.6573782421716413E-4	9.83509136858629E-4	2.3196964092896837E-4	1044.854827136558	456.7159336645271
53	9.992796985898167E-4	2.3156088272199585E-4	9.32953918891144E-4	2.652766796459081E-4	9.710046306281583E-4	2.398094738068859E-4	1020.5171949210926	436.60408709751533
54	9.212709028361132E-4	2.2132810789282138E-4	9.92597604636103E-4	2.565626866106124E-4	9.822923816500406E-4	2.197245734330202E-4	997.1308961754548	435.99821683111185
55	9.598080068826675E-4	2.418593043826563E-4	9.455508989049122E-4	2.3849171832284122E-4	9.632748585772788E-4	2.363563133727098E-4	974.6490974893095	439.17336486057275
56	9.956993326341035E-4	2.2648596347029195E-4	9.935624548234046E-4	2.7148068508695087E-4	9.669087953625422E-4	2.1921044595497977E-4	952.9881482261408	414.45576913273266
57	9.644937017583288E-4	2.2459433173273945E-4	9.96933493297547E-4	2.6666505866046464E-4	9.913170717936737E-4	2.3937110757566598E-4	932.1629610407981	424.9891739991969
58	9.48805536609143E-4	2.429618595091266E-4	9.8095387511421E-4	2.5464814875290773E-4	9.966190148134046E-4	2.3506574714815542E-4	912.129968279769	403.7530552933781
59	9.242277592420578E-4	2.2488104216542772E-4	8.989156049210578E-4	2.3390612463458638E-4	9.97766654336374E-4	2.2468679088570565E-4	892.7827977781126	397.1697297323212
60	9.194420999847353E-4	2.20882534201585E-4	9.88749336102046E-4	2.5512079989284484E-4	9.964682733425434E-4	2.2935658438427708E-4	874.1665923246474	389.0451063529523
61	9.426246397197247E-4	2.33089627065717E-4	9.675287001300603E-4	2.4899910984073136E-4	9.688069203548366E-4	2.543510237948965E-4	856.1263875761069	370.41354008953635
62	8.809730934444815E-4	1.9391468016361944E-4	9.681422270659823E-4	2.4726461232961754E-4	9.946017717084032E-4	2.0878881733931768E-4	838.704029745335	360.37070814574736
63	9.56197727646213E-4	2.3106580176152585E-4	9.918919240590185E-4	2.46684836411353E-4	9.691328123153653E-4	2.5157161859992597E-4	821.8544416856603	362.0198609005892
64	9.496304501226405E-4	2.0991619600284719E-4	9.613167057977989E-4	2.503832734653384E-4	9.988537572098721E-4	2.2156027710350048E-4	805.5640762876137	354.75460957408586
65	9.111868857871741E-4	2.209091852075124E-4	9.189776728817378E-4	2.607885703444922E-4	9.971729775770655E-4	2.1751663516275026E-4	789.7990220512147	347.46050442857154
66	8.955646899266867E-4	2.0705014189430088E-4	9.993413241318194E-4	2.588249448528972E-4	9.920271472765307E-4	2.5970433231986274E-4	774.5795866684348	377.3216464041
67	9.067624341696501E-4	1.9598026070029434E-4	9.71947105426807E-4	2.811065949462125E-4	9.517338562545774E-4	2.5025758514025026E-4	759.6937674607616	373.90167074820914
68	9.933278342941776E-4	2.3926864692343358E-4	9.858554258244112E-4	2.4106130471905502E-4	9.732980361150112E-4	2.560702196637192E-4	745.2774997350934	361.54175433320484
69	9.663886630733032E-4	2.3021839429433882E-4	8.660770417918684E-4	2.3105382435019374E-4	9.805448080442147E-4	2.6553796224420537E-4	731.3090182539017	358.52012969288114
70	9.570496386004379E-4	2.2760790141712113E-4	8.540757980881608E-4	2.4015457405436212E-4	9.79732544919898E-4	2.6048352844816814E-4	717.768612189102	349.48777503541885
71	9.222607732226606E-4	2.0024230930589098E-4	9.206653376168106E-4	2.547645768352209E-4	9.75654176727403E-4	2.6677287315453275E-4	704.6368505617138	341.52351709191055
72	9.123282998189097E-4	2.107501060725719E-4	9.77540883468464E-4	2.438331697924172E-4	9.996723474614555E-4	2.502045029862194E-4	691.8960061235703	337.4853400359645
73	9.010475187096745E-4	2.0805840127154212E-4	9.963437623810023E-4	2.3424033922007462E-4	9.881902155939315E-4	2.5407075279731386E-4	679.5748035318975	332.8281997479994
74	8.86721012648195E-4	2.1578599857589737E-4	9.823504178712028E-4	2.4350480629381667E-4	9.659124591507862E-4	2.500713906859649E-4	667.5640447914775	313.64572687730816
75	9.99465468339622E-4	2.2828630542128602E-4	9.962259937310591E-4	2.2912404639293638E-4	9.646082721701532E-4	2.5286238670121057E-4	655.8977380669676	317.3389774724364
76	9.906176710501313E-4	2.2294346457453105E-4	9.222526932717301E-4	2.2777149661123985E-4	9.830098347265448E-4	2.601032223729386E-4	644.5620884611271	302.5013347089311
77	9.82563098659739E-4	2.2430895346174523E-4	9.190316195599735E-4	2.2364395954355132E-4	9.746363316480711E-4	2.304051537215667E-4	633.5436408960959	309.7603064610525
78	9.257889669243013E-4	2.1273084348649718E-4	9.064628393389285E-4	2.221463792011491E-4	9.942782271536998E-4	2.56055107335366E-4	622.8300653671613	303.84152951627675
79	9.977458394132555E-4	2.2358286250065166E-4	8.814680331852287E-4	2.1766180923970586E-4	9.717869365886145E-4	2.5371034441870843E-4	612.4098034142226	297.1194223307478
80	9.767224546521902E-4	2.1421978949960746E-4	8.687665704201208E-4	2.2019773186343627E-4	9.916573224018066E-4	2.6662390490824253E-4	602.2713560690172	289.20851996245074
81	9.604161896277219E-4	2.0650067563110497E-4	9.58126358455047E-4	2.0720440457466793E-4	9.985736965063552E-4	2.465033741897306E-4	592.4041841367725	285.84699986638714
82	9.8514644196257E-4	2.2303319135310383E-4	9.764632004589657E-4	2.478724260583931E-4	9.77697750158768E-4	2.3854314100264735E-4	582.7984512959665	282.92581328977946
83	9.468445714446716E-4	2.1107294791859616E-4	9.210336229443783E-4	2.3719935649069157E-4	9.943444024429482E-4	2.2691154936575034E-4	573.443915777927	278.2031019588173
84	9.453204493183875E-4	2.1159437247578435E-4	9.194535959977657E-4	2.260826552458184E-4	9.987566381823854E-4	2.4588140113259024E-4	564.3322473114822	270.20755315699876
85	9.181947498291265E-4	2.0649753473249305E-4	9.956519934348762E-4	2.522257190378241E-4	9.875075425043178E-4	2.623595274113633E-4	555.4544841483294	267.2991889729383
86	9.082166070584208E-4	2.018980953421719E-4	9.919193107634783E-4	1.9633541288044398E-4	9.888294043776114E-4	2.5854308759242764E-4	546.8022113059706	262.9337246483333
87	9.007598564494401E-4	1.982566072084327E-4	9.530379029456526E-4	2.1779914756982842E-4	9.81474676336802E-4	2.4130474607233536E-4	538.3675513528287	259.65200154397104
88	9.969917155103758E-4	2.0467955619096756E-4	9.25636719330214E-4	2.340814438923644E-4	9.848878744378453E-4	2.528497402875617E-4	530.1430605509959	245.25731856578017
89	9.915497757901903E-4	1.9656576924634547E-4	9.200359927490354E-4	2.226994111263212E-4	9.998018649639562E-4	2.4623955042535903E-4	522.1217704823939	241.37837734947206
90	9.747746444190852E-4	2.0169343009580518E-4	9.959187445929274E-4	2.4137254838992264E-4	9.895773755488335E-4	2.5535445551564377E-4	514.2968244410877	237.48668136451448
91	9.847359615378082E-4	2.1879928681300953E-4	8.890337785487645E-4	2.299892755104338E-4	9.969579280095786E-4	2.2835038065503627E-4	506.661454943649	242.5664124111093
92	9.768579620867968E-4	2.1559674595747228E-4	8.599303637311095E-4	2.3115068804393312E-4	9.85379346047921E-4	2.7025830308186906E-4	499.2095151836111	239.5903287744352
93	9.688110440038145E-4	2.141001902848736E-4	8.863397233653814E-4	2.620553184369196E-4	9.82671901510912E-4	2.634808822985163E-4	491.9348797216371	229.83524029852842
94	9.618236217647791E-4	2.090207409227415E-4	9.15138007258065E-4	2.9611412302925133E-4	9.715784231048019E-4	2.3631944959869527E-4	484.8319347706274	226.29334338022264
95	9.794254146981984E-4	2.193859039504208E-4	8.774577681833762E-4	3.011922448598442E-4	9.919840149450465E-4	2.3576200194005045E-4	477.8951432722097	221.2693833804577
96	9.888594177027699E-4	2.1451501429096837E-4	9.954909755833796E-4	3.5828364378821494E-4	9.963358479581075E-4	2.5414039176643725E-4	471.119490291836	219.43595990923444
97	9.87315652309917E-4	2.1332422230360945E-4	9.745774395923945E-4	3.183599837370821E-4	9.590995796315838E-4	2.5388950449284445E-4	464.4994776696549	216.88312818265885
98	9.653374563640682E-4	2.0611990624853536E-4	9.447152451684815E-4	2.9629872850023276E-4	9.893012943393842E-4	2.5317514043801903E-4	458.0301398820011	210.30576086048913
99	9.48347640587599E-4	2.0259475158209997E-4	9.677274792920798E-4	1.7818397850533074E-4	9.823298951232573E-4	2.614254427120007E-4	451.7070590115036	208.938317140533
100	9.80449020062224E-4	2.1627976225731388E-4	9.84693580903695E-4	1.6186196899070637E-4	9.616259280846862E-4	2.4233102958610059E-4	445.70560555084376	206.66091873379744
101	9.79100930635468E-4	2.229609187700341E-4	9.795839368962334E-4	1.7121575471416386E-4	9.386109977640444E-4	2.451472607382607E-4	439.81139656776213	204.67145780750707
102	9.339759417343885E-4	2.0799985544396225E-4	9.957796028174926E-4	2.0129025057637288E-4	9.925855472374678E-4	2.4123334126948144E-4	433.83039795511286	201.62949920106792
103	8.957496011134936E-4	1.8763314007876696E-4	9.30058804442524E-4	1.872711703277497E-4	9.993896546802716E-4	2.645123588081333E-4	427.98894640317303	196.31601938717264
104	9.252509407815523E-4	1.93600728876349E-4	9.316017531091347E-4	1.9961235630034936E-4	9.663281634857412E-4	2.753825101990515E-4	422.46918966886005	194.46294589969565
105	9.159345936495811E-4	2.0238342056638265E-4	9.447340444239671E-4	2.0897886711721976E-4	9.745532843226101E-4	2.6806858011433964E-4	416.863565906242	189.14578080944085
106	8.998127723316429E-4	1.9581535740475044E-4	9.499565385340247E-4	1.9880066329278634E-4	9.735759836075886E-4	2.5638113544346197E-4	411.5668974419532	188.93029760184345
107	9.872490772977471E-4	2.1508323863434435E-4	9.68592618846742E-4	2.1029122587107497E-4	9.940311174432281E-4	2.6828092351232106E-4	406.18692828321946	184.91007763340278
108	9.632031415094389E-4	1.8849437484194905E-4	9.79102153905842E-4	2.2427342525676772E-4	9.990834853397246E-4	2.5103103693855717E-4	400.9294998519472	182.53574930110096
109	9.879842982627451E-4	2.2623648791605692E-4	9.795643454708625E-4	2.1529993932745128E-4	9.856872607088007E-4	2.433068623225875E-4	395.7899841093458	187.8196541789005
110	9.602842037566006E-4	2.235630882668457E-4	9.174954757327214E-4	2.1068756166187086E-4	9.825514064232266E-4	2.4303538075940397E-4	390.7639297575224	179.6489141079117
111	9.116017899941653E-4	2.2844434806756908E-4	9.892248217511224E-4	2.4990799400776656E-4	9.822526274092525E-4	2.1689011023072916E-4	382.84666780623957	175.84604463551673
112	9.052687473740662E-4	2.1649724385497393E-4	9.605877421563491E-4	2.4217928909517166E-4	9.503999033313448E-4	1.8954202545905396E-4	373.5952459181717	175.09681741240408
113	9.094566012208816E-4	2.1704829450754914E-4	9.667626491136616E-4	2.5259111839659454E-4	9.899417173073743E-4	2.4241444432815208E-4	364.6471984598611	168.65405118960368
114	9.108347803703509E-4	2.3094640037015778E-4	9.55971103394404E-4	2.421910954581108E-4	9.622252582630608E-4	2.630165768740274E-4	355.99238362244796	168.6230323803041
115	9.120300164795481E-4	2.2556332205567742E-4	9.423801384400576E-4	2.387925670821763E-4	9.868193908459943E-4	2.6490095636215E-4	347.62097816952155	163.89266880850337
116	9.899538417812437E-4	2.3343402790487744E-4	9.951721704055672E-4	2.4506656602950116E-4	9.918369933075155E-4	2.0743474064984762E-4	339.52317103685346	150.7115300119307
117	9.663011878728867E-4	2.2870416396472137E-4	9.904089456540532E-4	2.3200411572664356E-4	9.831210802531132E-4	2.3439255999384783E-4	331.6896522695606	152.86408450450884
118	9.607281244825572E-4	2.285654254592373E-4	9.865782758424757E-4	2.3074046839610673E-4	9.610090444311936E-4	2.4777319402625336E-4	324.11147585496656	148.6231713044085
119	9.607903484720737E-4	2.3104822867026087E-4	9.927767905537621E-4	2.3001514209681774E-4	9.81603354375693E-4	2.425000943839266E-4	316.77998212288367	145.95075398641487
120	9.530286770313978E-4	2.2963560495554703E-4	9.600376897651586E-4	2.4121362501569694E-4	9.677269317762693E-4	2.5388240533547865E-4	309.68690666515613	136.9807929558105
121	9.478124848101288E-4	2.2538398297911044E-4	9.543505402689334E-4	2.4008878919066148E-4	9.946287784714514E-4	2.462879168120469E-4	302.8235431580979	133.25703021640706
122	9.634832968004048E-4	2.3896330731076887E-4	8.884809376468183E-4	2.173397859474664E-4	9.933341868872958E-4	2.221691943891675E-4	296.1820385790488	128.75598868949547
123	9.620658820495009E-4	2.384338225965621E-4	9.046184559338144E-4	2.199697477847402E-4	9.50689831370255E-4	2.333561016470295E-4	289.7550722010492	125.28619882288835
124	9.424953605048358E-4	2.2910939496796346E-4	8.953763071986032E-4	2.1973497814542498E-4	9.952963300747797E-4	2.2532559954734392E-4	283.5344514634344	125.83028221218609
125	9.522820182610303E-4	2.3613978155481163E-4	9.086442059924593E-4	2.2737031523665166E-4	9.755723194757593E-4	2.355377824723027E-4	277.5136322613689	118.66776425590649
126	9.480833250563592E-4	2.3511131657869556E-4	9.314375784015283E-4	2.3088477534876237E-4	9.89473179288325E-4	2.717711480463256E-4	271.6852439084032	115.51210373027136
127	9.446939802728593E-4	2.3427269006788266E-4	9.728859404276591E-4	2.2458619059761986E-4	9.988646215788322E-4	2.2431877779300046E-4	266.0424788899836	111.68390103402322
128	9.402783762197942E-4	2.3320597101701425E-4	9.770982624104363E-4	2.2522107165373042E-4	9.721491301206697E-4	2.3367475159108243E-4	260.57917683542473	108.74076867438738
129	9.358983661513776E-4	2.3216852841869695E-4	9.784633275558008E-4	2.3697150635567158E-4	9.83946315045614E-4	2.1754696364864468E-4	255.28880255157128	105.88821472844344
130	9.321249672211707E-4	2.3142730478866724E-4	9.737840664456598E-4	2.359487814138792E-4	9.829308783082524E-4	2.5011897631547103E-4	250.16568079622812	103.83458320036385
131	9.279766818508506E-4	2.3043572655296886E-4	9.720070929688518E-4	2.346234207301489E-4	9.6197392213071E-4	2.2526824105149163E-4	245.20320455305045	100.4431767126905
132	9.238927159458399E-4	2.2944518823351246E-4	8.959893602877855E-4	2.2865456650896673E-4	9.487061693107535E-4	2.333915209610202E-4	240.39641212578863	98.51964418261159
133	9.199026389978826E-4	2.2846621031931137E-4	9.019704211823409E-4	2.1690862486766177E-4	9.741653782384674E-4	2.0976442915742241E-4	235.73958694684552	95.32565705946405
134	9.158914908766747E-4	2.2751834276277805E-4	9.30148467887193E-4	2.3310755546719582E-4	9.824965179632272E-4	2.0459060856193814E-4	231.2275849703292	92.88296429427842
135	9.119744645431638E-4	2.2656451983493753E-4	9.022503072628751E-4	2.3034420732513135E-4	9.806440457396093E-4	2.1174072053753434E-4	226.8552291894448	89.89847006147174
136	9.080540912691504E-4	2.2521580340253421E-4	8.962222054833546E-4	2.2888233964075535E-4	9.950715702871094E-4	2.5167250757638087E-4	222.61800100214896	88.8254230914427
137	8.952383941505104E-4	2.2017741357558407E-4	8.902533154468983E-4	2.2563651751185935E-4	9.914833804032241E-4	1.984027111402178E-4	218.51055572516634	85.98888605156273
138	8.899342828954104E-4	2.1082033526909072E-4	9.829918290051864E-4	2.4115441725977387E-4	9.706419205031125E-4	2.042380287966514E-4	214.52889543003403	86.70985679419337
139	8.882985312084202E-4	2.1019863579567754E-4	9.456322377445758E-4	2.2654192134723415E-4	9.929772204486653E-4	2.449000775457188E-4	210.66868637563311	83.96296488739353
140	8.897618390619755E-4	2.198972913902253E-4	9.936097485478967E-4	2.4141363695283266E-4	9.415345848537982E-4	2.26108815801977E-4	206.92524305335246	82.37197628448041
141	9.035229741130024E-4	2.308689643541584E-4	9.95226379018277E-4	2.4467931919692397E-4	9.87590939985239E-4	2.1732141789875136E-4	203.2948645115248	79.78123398855223
142	9.033969545271248E-4	2.261825222376501E-4	9.88868099739193E-4	2.500761858190627E-4	9.747332062488567E-4	2.449218060779198E-4	199.77371605971712	75.80784509558498
143	8.701694259798387E-4	2.0346214587334542E-4	9.806796533666784E-4	2.4774046301774495E-4	9.735635458127945E-4	2.12702777352822E-4	196.35769297700608	74.4591643017208
144	9.83070825895993E-4	2.3191812997538363E-4	8.859882063916302E-4	2.1065804603495052E-4	9.924748301273212E-4	2.118154461531078E-4	193.04344512242824	74.44166063159281
145	9.840228303801268E-4	2.563214506153599E-4	9.956199801308685E-4	2.3999773535858063E-4	9.893479455058696E-4	2.548392516372486E-4	189.82755673659267	72.13435102840725
146	9.616540919523686E-4	2.150095029719523E-4	9.784068679437041E-4	2.587629670718646E-4	9.643973960464791E-4	1.9216201442557375E-4	186.70611117966473	70.3605231031214
147	9.744618546392303E-4	2.4302392448589672E-4	9.584766521584243E-4	2.417641295020682E-4	9.91659027931746E-4	2.5372151944866935E-4	183.6766763801861	69.08423552582788
148	9.747625445015728E-4	2.522139950087876E-4	9.125717042479664E-4	2.1299794295070266E-4	9.832830330651632E-4	2.2330260446778993E-4	180.73538618147722	67.40125725542043
149	9.688359077699715E-4	2.4782593700365394E-4	9.647419647080824E-4	2.3615183875638952E-4	9.989689096983057E-4	2.353986477222255E-4	177.87975376396207	65.34270486633667
150	9.665891648182878E-4	2.429994752674247E-4	9.605352825019509E-4	2.351314287504162E-4	9.797124944270763E-4	2.0622724647211495E-4	175.10638873124844	63.76573946137454
151	9.631425400584703E-4	2.4305352744704578E-4	8.925960319174919E-4	2.0759293123167783E-4	9.986316563299624E-4	2.5322739541855025E-4	172.41300037194742	62.2341788429049
152	9.603982616681606E-4	2.4688582907401725E-4	9.502208413323388E-4	2.2634495805201976E-4	9.96216301473396E-4	2.4315273270941919E-4	169.7963800407597	61.14081458055097
153	9.645363024901599E-4	2.5048367733688793E-4	9.791003903956152E-4	2.3035636698599167E-4	9.862885931397614E-4	2.1868196794486955E-4	167.25404579026508	59.686039228848706
154	9.306211431976408E-4	2.093920422339579E-4	9.037346662807977E-4	2.0718352461699397E-4	9.859507547389512E-4	2.247571225043863E-4	164.78391854825895	57.896711161932856
155	9.709158912301064E-4	2.52921051105659E-4	9.880987490760162E-4	2.4242580166173867E-4	9.814943400670018E-4	1.9230942003588776E-4	162.38297430574312	56.53209027897426
156	9.68909702351084E-4	2.4220835275627904E-4	9.746308933245018E-4	2.33055941650188E-4	9.979980009120482E-4	2.537668146834178E-4	160.04951043054461	55.206166025722574
157	9.664835233706981E-4	2.4063285363808972E-4	9.914919937727973E-4	2.507990375609855E-4	9.9614143891813E-4	2.295325841028927E-4	157.7806604433281	53.91739369147338
158	9.62018179052393E-4	2.3993994454940548E-4	9.95305716060102E-4	2.3516689664878262E-4	9.997583329095505E-4	2.296276860948955E-4	155.57452989424928	52.664710201586935
159	9.26735025132075E-4	2.1183191274758427E-4	9.887233291010489E-4	2.4011489334346454E-4	9.894846100451105E-4	2.1542212707139523E-4	153.9820515375177	51.83243536178494
160	9.24431747989729E-4	2.1032998683949699E-4	9.727099386509508E-4	2.3007809644089625E-4	9.667005924711702E-4	2.060745084691007E-4	153.4535447442613	51.734318139634375
161	9.183686051983386E-4	2.0752580676344223E-4	8.997472814371577E-4	2.066617981957582E-4	9.91033756008619E-4	2.3661451871429028E-4	152.92625859216787	51.63046633966782
162	9.16533317649737E-4	2.0958737895853118E-4	9.952617838280275E-4	2.36399848805983E-4	9.945074762072181E-4	2.2460820507206784E-4	152.4003439786611	51.521178390448206
163	9.142152266576886E-4	2.0955020754627186E-4	9.539969614706933E-4	2.2545087634474233E-4	9.990338883199001E-4	2.4016947694719654E-4	151.87605310589424	51.698629647878064
164	9.120270842686296E-4	2.0821634243475273E-4	9.043131585713127E-4	2.2733962603148217E-4	9.860145391940023E-4	2.174018109505437E-4	151.35301768302452	50.5017448450068
165	9.998616751545342E-4	2.2591416036448208E-4	9.744561975821853E-4	2.3235034004756016E-4	9.743522568896879E-4	2.4133410831367772E-4	150.83197486639256	51.16392153966646
166	9.943032055161893E-4	2.224048233983922E-4	8.931556449169875E-4	2.216301047532209E-4	9.95853484255349E-4	2.3128673442883037E-4	150.31220679107355	50.563543988660605
167	9.914440834108973E-4	2.370479282035376E-4	9.164312914435868E-4	2.2438927962866728E-4	9.847494420682779E-4	2.1441178881236885E-4	149.79453435065807	51.15937542305168
168	9.89045822279877E-4	2.3390220831061016E-4	9.343201254523592E-4	2.4079977958598616E-4	9.905615365823905E-4	1.8250101200670366E-4	149.2785185687826	50.315087534470436
169	9.026291372720152E-4	2.088869312501629E-4	9.852793155005202E-4	2.6206760067625195E-4	9.979707242564473E-4	2.3478946997553096E-4	148.7647346193844	49.93695121452364
170	9.998793902923353E-4	2.3838505640014774E-4	9.753265621839091E-4	2.49161784631724E-4	9.782288279893692E-4	2.2941398217499813E-4	148.25252015702426	50.71794267322641
171	9.969557177100796E-4	2.3928116188471905E-4	9.660748619353399E-4	2.465201765820287E-4	9.763487923919456E-4	2.1561038885274978E-4	147.7424217737862	50.56495513895778
172	9.909960208460689E-4	2.4025080492720007E-4	9.654296445660293E-4	2.444616326708153E-4	9.960815059457673E-4	2.2911015953542999E-4	147.23431956555578	50.83076472081198
173	9.891375375445932E-4	2.3057006328599527E-4	9.482260065851733E-4	2.401214335501815E-4	9.947731377906166E-4	2.385555036939437E-4	146.72833158104913	50.45784811089362
174	9.850722090050112E-4	2.2928509970370213E-4	9.476362156419782E-4	2.3091089042281965E-4	9.959770723071415E-4	1.8965915192272823E-4	146.2242280319333	50.09980635272217
175	9.80964887276059E-4	2.2816727487224854E-4	9.343618294224143E-4	2.2269574243788764E-4	9.627544422983192E-4	2.2098009417202805E-4	145.72260941879358	50.34659781537401
176	9.769047119334573E-4	2.2695537245454034E-4	9.291315072914585E-4	2.313143874440963E-4	9.705739612400066E-4	2.045668779792029E-4	145.22297864806023	49.988589502256204
177	9.727577653393382E-4	2.258526246805559E-4	9.962861058738781E-4	2.2575136811913882E-4	9.918217403992458E-4	2.1631227185502747E-4	144.72546309346217	50.01421915401816
178	9.863194591162028E-4	2.3947398149175568E-4	9.16765071451664E-4	2.2403467355616157E-4	9.96370868961094E-4	2.3830957955015624E-4	144.23048956505954	49.6659792507428
179	9.848213048826437E-4	2.3627322880201974E-4	9.93355521131889E-4	2.2990572915659868E-4	9.79339729383355E-4	2.58289382086772E-4	143.737595178216	49.50230224996526
180	9.807339029066497E-4	2.1698319415008882E-4	9.876047552097589E-4	2.486537783018624E-4	9.778100654784794E-4	2.564039972229136E-4	143.24701713660033	49.33715155833683
181	9.781040826055687E-4	2.2302344332274514E-4	9.910538792610168E-4	2.5163160789816176E-4	9.697796322143404E-4	2.2700815803443307E-4	142.7586615914188	49.17065873205493
182	9.735571129567688E-4	2.4014604241529014E-4	9.732120233820751E-4	2.4711822158375677E-4	9.838064904670318E-4	2.6676934517946973E-4	142.2726545112091	49.15887179246094
183	9.70762737779296E-4	2.389112965829554E-4	9.191095068672439E-4	2.429014722717208E-4	9.969240177269967E-4	2.0411292303290998E-4	141.7889357949025	48.834324393503564
184	9.658507296990138E-4	2.3668247558816802E-4	9.89892112556845E-4	2.488542069537895E-4	9.998546208862535E-4	2.4806279168387846E-4	141.30784531933023	48.66484013779179
185	9.486775961704552E-4	2.1977853903081267E-4	9.717140055727214E-4	2.4459882370138076E-4	9.508634138910566E-4	2.0891733843423846E-4	140.82880972811836	48.63404717678313
186	9.573684837960172E-4	2.317279022463481E-4	9.190860291710123E-4	2.3038228837322095E-4	9.97824421574478E-4	2.303140076685954E-4	140.35226886393502	48.457841222962564
187	9.366947633679956E-4	2.107532785885269E-4	9.410844731974066E-4	2.342420834490137E-4	9.941316402546363E-4	2.4529209772630506E-4	139.87812898345874	48.281228531413085
188	9.480579756200314E-4	2.1818932073074392E-4	9.855657453954336E-4	2.3365012575595756E-4	9.790177064132877E-4	2.1856382254408082E-4	139.40639678452862	47.97952789657236
189	9.301936952397227E-4	2.0818795455852525E-4	9.900240011120331E-4	2.4610376382649214E-4	9.885612707876135E-4	2.4103577733248745E-4	138.9369987209502	47.80699363111915
190	9.308769658673555E-4	2.103145350702107E-4	9.763391244632658E-4	2.4150751338917567E-4	9.72817587580721E-4	2.0560507571298374E-4	138.47000534576364	47.52010555909054
191	9.241600928362459E-4	2.056926598015707E-4	9.962746662495192E-4	2.3245931643032237E-4	9.489567833043111E-4	1.949169315974389E-4	138.00549173753825	47.57199432642553
192	9.356267401017249E-4	2.135610757250106E-4	9.834657821556902E-4	2.2818145838148968E-4	9.809824859985383E-4	2.1557582889443914E-4	137.5434506876336	47.39440551403088
193	9.2168731498532E-4	2.0660224090534028E-4	9.925396825565258E-4	2.4300901450260425E-4	9.762849749677116E-4	2.442470207854292E-4	137.08386886201333	47.114393421054935
194	9.277571898564929E-4	2.2380460231943288E-4	9.800733814699925E-4	2.386968098411065E-4	9.942686408521695E-4	2.2087270258086187E-4	136.62655137310503	46.94101073838202
195	9.236166370101273E-4	2.0901954922010192E-4	9.640555417718133E-4	2.3297970019484638E-4	9.859598976618145E-4	1.9420409573227046E-4	136.17166033029207	46.76769250504129
196	9.178110158245545E-4	2.1256430936773542E-4	9.91190500826633E-4	2.2951171907455623E-4	9.837665015766106E-4	2.511620966229642E-4	135.71949035092257	46.594561707294986
197	9.136998050962575E-4	2.0902180967823368E-4	9.555268979966058E-4	2.303668364826687E-4	9.81514682280249E-4	2.472442487047033E-4	135.2694440530904	46.251370323180716
198	9.108447684411658E-4	2.1023809404141502E-4	9.678709611762315E-4	2.3330247383152408E-4	9.973016196909157E-4	2.4312295817429503E-4	134.821996446728	46.24876233485978
199	9.121255134232342E-4	2.1959048954158788E-4	9.944919584086165E-4	2.2711878054906264E-4	9.739934848767007E-4	2.4327561155832738E-4	134.37687380390707	45.997790908674745
200	9.037076888489537E-4	2.0719159019790822E-4	9.85933177616971E-4	2.2169474753657898E-4	9.560881869674631E-4	2.799077671358054E-4	133.934156977979	45.8290125102666
201	9.137678716797382E-4	2.2029093706805726E-4	9.775777252798434E-4	2.2063619223141966E-4	9.998325094784377E-4	2.2819828695119782E-4	133.49377993054804	45.58979586209972
202	8.96532874321565E-4	2.0831110668950714E-4	9.992611712732469E-4	2.15429218102751E-4	9.649349340179469E-4	2.4289784866757526E-4	133.0558637852373	45.56096345063519
203	9.068498329725116E-4	2.1758644688816276E-4	9.758593978403951E-4	2.1573041046091628E-4	9.863340965239331E-4	2.638920781860619E-4	132.6203940860869	42.996918503317644
204	8.901478067855351E-4	2.0101782156416447E-4	9.574463665558142E-4	2.0930056149760882E-4	9.602152867955738E-4	2.0051372695296965E-4	132.1871851311007	45.1574715174143
205	8.903038688004017E-4	2.0597407328750705E-4	9.926358179654926E-4	2.2296641836874186E-4	9.592569892902247E-4	2.2247491312468593E-4	131.7567046925833	44.99070193871823
206	9.016638505272567E-4	2.0345613429526566E-4	9.309124143328518E-4	2.1551687004830455E-4	9.93797043520317E-4	2.5213294628106416E-4	131.32825208330178	44.776789921900146
207	8.920847321860492E-4	2.1250360023259419E-4	9.552426763548283E-4	2.0864780174936943E-4	9.774136869964423E-4	2.5081067731468363E-4	130.9024085654528	42.26668353602148
208	8.904044807422906E-4	2.0685514809883898E-4	9.497905302850995E-4	2.0841380061635087E-4	9.89895431075638E-4	2.803028777612244E-4	130.47869669893407	44.50438020096278
209	8.883773407433182E-4	2.0629669907066273E-4	9.75598910372355E-4	2.288995359473726E-4	9.910310636769282E-4	2.6451065870236053E-4	130.05750142096076	42.07665114836444
210	8.835501212161034E-4	2.0450463161978406E-4	9.537461655781954E-4	2.0616171692987943E-4	9.883738910048123E-4	2.2556442598618216E-4	129.63855320587754	44.25606325400795
211	8.574938692618161E-4	1.9118581203656504E-4	9.386434239786468E-4	1.9263384826141797E-4	9.97724037461012E-4	2.7087414930520025E-4	129.2219814408163	41.680385326020804
212	8.674988930579275E-4	1.9845862661895807E-4	9.279760997742414E-4	2.0077463056319782E-4	9.92186437088094E-4	2.2560955673043282E-4	128.8077185289876	41.62566450734832
213	8.649550727568567E-4	1.987217141504516E-4	9.580484929756494E-4	1.839992729401274E-4	9.749507596552576E-4	2.3314298814660955E-4	128.39571904350305	41.441437265439966
214	8.64069297676906E-4	2.0004046200483572E-4	9.138190171142924E-4	1.9166175931483546E-4	9.449852946090687E-4	2.3778519724916035E-4	127.98603324982105	39.260142704825576
215	8.855047635734081E-4	2.067284518489032E-4	9.494542664469918E-4	1.8179919864754387E-4	9.572871706495789E-4	2.3086618003734686E-4	127.6031723957858	39.88342861981127
216	9.919112781062722E-4	2.2199349132279167E-4	9.38329550990602E-4	1.8746185860436527E-4	9.801298856473295E-4	2.3677407922662042E-4	127.20383204732207	38.870298730363615
217	9.984184871427715E-4	2.2095730255387025E-4	9.364129800815135E-4	1.8785355890334662E-4	9.902375161345844E-4	1.8879040546538738E-4	126.817988260329	36.53098528076368
218	8.744480146560818E-4	1.9846343402605272E-4	9.352814086014405E-4	1.8732751383746896E-4	9.971001964004245E-4	2.3069607447057574E-4	126.44327535960474	36.48087071952052
219	8.650145900901407E-4	2.0052445725013968E-4	9.590481113264104E-4	1.8766649030415767E-4	9.958193495549494E-4	2.5954010180757376E-4	126.06113984485273	37.170678958925436
220	8.531048952136189E-4	1.9553700876713266E-4	9.507172999292379E-4	1.798820198928297E-4	9.071487438632175E-4	1.8831916480937453E-4	125.66898079807288	36.49369355062264
221	9.924544719979167E-4	2.1563687041634694E-4	9.849901434790809E-4	1.8878355009898466E-4	9.611351106286747E-4	2.177270048986442E-4	125.28889910998987	36.247308561135156
222	9.881689911708236E-4	2.135609369361191E-4	9.9466161645978E-4	1.8740320010692812E-4	9.442925636449218E-4	2.2817166815961896E-4	124.90928587075905	35.15633927599261
223	9.84319718554616E-4	2.1209761362115387E-4	9.866393465927104E-4	1.8512685122307933E-4	9.860279940312466E-4	2.4661093101332045E-4	124.53045180276968	35.21825721243022
224	9.820930426940322E-4	2.109351478793542E-4	9.45567690905591E-4	1.7420460135326722E-4	9.578776534908684E-4	2.2185501231279873E-4	124.1525440561818	35.6682883177904
225	9.789726173039526E-4	2.0999822772864717E-4	9.326599392807111E-4	1.863689671154134E-4	9.905258266371675E-4	2.6790278397590593E-4	123.77575804834487	35.53531579979534
226	9.751433390192688E-4	2.0856192022620235E-4	9.849559910435346E-4	1.763852127927142E-4	9.909889906793978E-4	2.4811151843096013E-4	123.39968709394452	35.40313268005106
227	9.978751095331972E-4	2.5284761813963995E-4	9.943963523255661E-4	1.9247489071858582E-4	9.672967225924367E-4	2.6208346482337833E-4	123.02520955371438	33.4341742857614
228	9.739368870214093E-4	2.44553727497987E-4	9.053154499270022E-4	1.7756509284178417E-4	9.861003911737498E-4	2.3823954200313184E-4	122.70166842077742	35.39522862110433
229	9.953128173947334E-4	2.4441872428724307E-4	9.095402929233387E-4	1.7396968435908397E-4	9.916556621192285E-4	2.2038362080628514E-4	122.3254208684375	35.267110510003825
230	9.88518519079662E-4	2.381690543188597E-4	9.881846490316093E-4	1.882694661314114E-4	9.725326744955964E-4	2.250174077538734E-4	121.95102852815762	34.112272018709156
231	9.851806516962824E-4	2.3739913322060602E-4	9.617137084205751E-4	1.6227938925415705E-4	9.523914900455566E-4	2.5429112959580595E-4	121.57840817052056	35.983726919857624
232	9.890540859487373E-4	2.3563843369629468E-4	9.601976726116845E-4	1.7388387450409937E-4	9.305858911830001E-4	2.2870485874749568E-4	121.19804563352955	35.68945661253561
233	9.85052929536323E-4	2.3482678625441622E-4	9.556635923217982E-4	1.7031100099605586E-4	9.580381065461552E-4	2.283054595181966E-4	120.82065646498813	34.729299337568044
234	9.281354432459921E-4	2.2064269469410647E-4	8.939876270233071E-4	1.6377845792400574E-4	9.886730658763554E-4	2.238701612681967E-4	120.4559750049375	35.62513946437019
235	9.766932726051891E-4	2.302875525856507E-4	8.765420152485603E-4	1.625278626609846E-4	9.370390016556485E-4	2.2076723175937455E-4	120.08319341557217	33.76005245728818
236	9.207164112012833E-4	2.1393117694969987E-4	8.718451326785726E-4	1.624159396366546E-4	9.526789708615979E-4	2.4863719182641425E-4	119.72308939381037	34.35527966541756
237	9.176383900921792E-4	2.1342023555916966E-4	8.661787451273995E-4	1.7074886645787046E-4	9.533534212096129E-4	2.2509251166736378E-4	119.36455038253916	34.422424077267436
238	9.297416254412383E-4	2.204313870606711E-4	8.693656482137158E-4	1.7545276762878832E-4	9.698810026748106E-4	2.6418193318867065E-4	119.00768732771394	34.10884143669406
239	9.269076108466834E-4	2.2001349461788777E-4	9.295442741859006E-4	1.7746728738832947E-4	9.89129207937367E-4	2.7946050685761077E-4	118.65244686682126	34.97427699191384
240	9.156708838418126E-4	2.202804829721572E-4	9.404046541021671E-4	2.3255016834203464E-4	9.814639615797205E-4	2.494875151296583E-4	118.28944821367622	33.201980416689985
241	9.117057488765568E-4	2.131855113475467E-4	9.408049436387955E-4	2.3266380800729774E-4	9.770843153091846E-4	2.4230218729333805E-4	117.93875439596013	32.94380618362095
242	9.133705170825124E-4	2.1823186998517485E-4	9.636709710321156E-4	2.4120273574226302E-4	9.914339859733445E-4	2.6403941361217813E-4	117.58949531943654	33.87040183510477
243	9.005492320284247E-4	2.1204733311606106E-4	9.536879470033455E-4	2.2413598201940962E-4	9.871929705695948E-4	2.4367851147398553E-4	117.2418576265627	32.75439679778973
244	8.979816338978708E-4	2.119407517966465E-4	9.55401626015373E-4	2.2777864821061183E-4	9.867515182122588E-4	2.451006737176257E-4	116.89593237172812	33.53977354499413
245	9.052411478478462E-4	2.1755898615083424E-4	9.597829530321178E-4	2.4850863777222304E-4	9.616663883207366E-4	2.2771317693516554E-4	116.55151981007657	33.240765367860206
246	8.901686815079302E-4	2.147224038708373E-4	9.4275624724105E-4	2.4006805218353597E-4	9.976257188100135E-4	2.951217665862974E-4	116.20889889914542	33.35455464680943
247	8.941071573644876E-4	2.1229903923085657E-4	9.083372187888017E-4	2.4852518614958775E-4	9.765794693521457E-4	2.536384305638395E-4	115.86779497587122	34.03717425546317
248	9.952732943929732E-4	2.2790145139879315E-4	9.114229178521782E-4	2.569192772170936E-4	9.532167932775337E-4	2.4097710070556888E-4	115.51902238128241	32.07331813986628
249	9.990019025281072E-4	2.3663674692215865E-4	9.118788875639439E-4	2.5663760416136936E-4	9.481346933171153E-4	2.602893724720754E-4	115.18235816515516	32.962827466217924
250	9.951145511877257E-4	2.2167281967995224E-4	9.463389496886521E-4	2.4432352429357704E-4	9.636972029056778E-4	2.522298888018614E-4	114.84723318103352	32.79695654210187
251	9.921179225784726E-4	2.235848140117014E-4	9.179871458400157E-4	2.368469758342447E-4	9.141719092440326E-4	2.426112480212136E-4	114.51354905279004	32.51445918001761
252	9.910477292578435E-4	2.213900721471873E-4	9.026473608173546E-4	2.509699209743606E-4	9.65340552284033E-4	2.3450776895014565E-4	114.18164497797261	32.59936347717463
253	9.87596862614737E-4	2.2090706461312947E-4	9.251302544726059E-4	2.5316774611686317E-4	9.795391524676234E-4	2.415009208432041E-4	113.8512870206323	32.29359412067853
254	9.8446621268522E-4	2.3499347571487306E-4	9.412278741365299E-4	2.7602871787166803E-4	9.860166787802882E-4	2.6946636942886255E-4	113.5224393462122	33.21536610703596
255	9.894070371956332E-4	2.3433249461959348E-4	9.4396791246254E-4	2.4742336536291986E-4	9.618352532925201E-4	2.705211300183562E-4	113.18592583423015	32.31722367426576
256	9.802834847505437E-4	2.3790019076841418E-4	9.368948813062161E-4	2.4726646864413245E-4	9.325619703304255E-4	2.2251203753565252E-4	112.86145080701681	32.18786426134616
257	9.790352487470955E-4	2.379792043939233E-4	9.594550501788035E-4	2.642670846701852E-4	9.730296033012564E-4	2.856534111401743E-4	112.53830278359237	32.835242675226006
258	9.841071369010024E-4	2.3795482265995816E-4	9.963134634745074E-4	1.913935924373315E-4	9.870434587355703E-4	2.3006908191505586E-4	112.20730306953192	31.916061668373906
259	9.733214938023593E-4	2.3747208288114053E-4	9.93782383375219E-4	1.9091342780181247E-4	9.824247629239835E-4	2.633734083398546E-4	111.88823258149205	32.559252991010425
260	9.663942055340158E-4	2.337881782295881E-4	9.024546743603423E-4	2.327405750596275E-4	9.91322520576432E-4	2.7550961359078686E-4	111.56163948608446	31.774439305172933
261	9.905876650009304E-4	2.491927647497505E-4	8.973824878921732E-4	2.329553917964707E-4	9.990568394186994E-4	2.310151409663218E-4	111.24646116499207	31.658753715960767
262	9.880175639409572E-4	2.485703553247731E-4	9.701008011688828E-4	1.7512802081303864E-4	9.866943855740828E-4	2.587704581127246E-4	110.93239156561322	30.67206892912205
263	9.851000213529915E-4	2.477572545103612E-4	9.469553688177257E-4	1.9799699972888145E-4	9.755349733495677E-4	2.4295305858712695E-4	110.61979561689077	31.395793905860156
264	9.819002298172563E-4	2.469815601216396E-4	9.293068433180451E-4	1.773586918089081E-4	9.888173790386645E-4	2.4871460596581787E-4	110.30881229246734	32.13442435765669
265	9.75473434664309E-4	2.467882943165023E-4	9.394464423166937E-4	2.70303944865912E-4	9.750348160650901E-4	2.4913649873378204E-4	109.99996580195148	32.82649395878983
266	9.681267256382853E-4	2.2789687354816124E-4	9.736816537042614E-4	2.752285892774094E-4	9.970427381631453E-4	2.5268806976321646E-4	109.68284584174398	31.987461145904895
267	9.702976094558835E-4	2.458805052810931E-4	9.882000358629739E-4	2.7767481032211E-4	9.68936403751286E-4	2.1916254207618685E-4	109.37683609875967	31.826237121114122
268	9.580441401340067E-4	2.335082232093555E-4	9.90530859780847E-4	2.8858813198769047E-4	9.670308754721191E-4	2.7171253757320727E-4	109.0720709869347	32.57443973652122
269	9.609369226382114E-4	2.3389903490169672E-4	9.960350289475173E-4	2.554904847721477E-4	9.519821478534141E-4	2.48309757814279E-4	108.75929398689186	31.40164264288378
270	9.521123884042026E-4	2.3031215623632307E-4	9.020176075864583E-4	2.697397033224316E-4	9.99895946279139E-4	2.4332721056413467E-4	108.45803195339977	31.543337085860486
271	9.485057798883645E-4	2.330368317416287E-4	9.078466100618243E-4	2.713432318316712E-4	9.88403375231428E-4	2.660251816149974E-4	108.15788742431323	31.38117758093315
272	9.482465393375605E-4	2.309305276867235E-4	9.158613975159824E-4	2.732884314700014E-4	9.649056628404651E-4	2.406564631047405E-4	107.85870501433965	30.465643575239113
273	9.360988915432245E-4	2.220299122200231E-4	9.240045328624547E-4	2.7547607253930847E-4	9.929683778864273E-4	2.606451523902389E-4	107.56083291760297	32.170501523582026
274	9.37455850362312E-4	2.2107010208856083E-4	9.262855137421866E-4	2.3246451756080957E-4	9.299150801780343E-4	2.442658838520271E-4	107.25513019191567	31.213509323729816
275	9.314062554039992E-4	2.2719240605511003E-4	8.929240930228843E-4	2.4867771493330206E-4	9.67774393984655E-4	2.6917001957991636E-4	106.96089628318441	31.052855494264332
276	9.275394440919627E-4	2.264502640173305E-4	9.005564415929257E-4	2.50573421720313E-4	9.608195684904786E-4	2.5977396064005387E-4	106.6677351508115	31.712343579496164
277	9.266493125323905E-4	2.1760125982837054E-4	9.529990056762472E-4	2.6649881799350057E-4	9.979415608540876E-4	2.766385883562959E-4	106.36709928419441	30.925757351748672
278	9.145959047600627E-4	2.251370962767396E-4	9.496670245425776E-4	2.4827704325208945E-4	9.973318647098495E-4	2.5574310509743467E-4	106.07724275291548	30.51616532657277
279	9.040379372891039E-4	2.199074257077882E-4	9.554954594932497E-4	2.495593912969745E-4	9.90675463071966E-4	2.294078898005734E-4	105.78858300379943	30.633914207586646
280	9.023720340337604E-4	2.2009828535374254E-4	9.409389458596706E-4	2.593523261033436E-4	9.95140497252578E-4	2.509215946033424E-4	105.50108193093911	31.269850562186686
281	8.913137135095894E-4	2.1772406435047743E-4	9.464796467000269E-4	2.4100830332513554E-4	9.95335605693981E-4	2.783685711329926E-4	105.20609728532145	30.483004528933428
282	8.822446106933057E-4	2.1018381503381533E-4	9.530638171781902E-4	2.5799720182915516E-4	9.686560006230138E-4	2.8870318051170163E-4	104.92198937517242	31.07610101269506
283	9.951372921932489E-4	2.210074060712941E-4	9.623633604860515E-4	2.3026944557480827E-4	9.270624914279324E-4	2.555364851175423E-4	104.63023496576352	30.321269718466272
284	8.857783686835319E-4	2.123903679603245E-4	9.603857979527675E-4	2.5876082308341525E-4	9.886826846923213E-4	2.4702120038669177E-4	104.34948079433525	30.137606222496444
285	8.728104294277728E-4	2.0997031806473386E-4	9.675814471847843E-4	2.6052537929178375E-4	9.447831707802834E-4	2.793602168467527E-4	104.06945404733415	30.914549273392467
286	9.965853823814541E-4	2.2696249343425733E-4	9.811617692321306E-4	2.6283152294189643E-4	9.85898945145891E-4	2.404632174676301E-4	103.78206114500063	30.695737004894053
287	9.88390118436655E-4	2.2634443412243853E-4	9.854189565885463E-4	2.6403991831040036E-4	9.986527256842237E-4	2.527008399668931E-4	103.49682103376836	29.04034668963265
288	8.798121125437319E-4	2.144416144801653E-4	9.833096128204488E-4	2.640742243564656E-4	9.89000025583664E-4	2.840830037372835E-4	103.22197220131056	29.701728561154493
289	9.851052309386432E-4	2.3019124655547784E-4	9.88882314231887E-4	2.653309646371656E-4	9.632041351324006E-4	2.5269557456193285E-4	102.94799476317712	30.416001698584306
290	9.767387764441082E-4	2.2878977233631304E-4	9.576022039254894E-4	2.3428885758440974E-4	9.932884463523806E-4	2.8620219003577016E-4	102.66631372575648	29.614440843406907
291	9.922550816554576E-4	2.4111710663419217E-4	9.43454448133707E-4	2.496751606266681E-4	9.909153213811805E-4	2.3752671306088554E-4	102.3955252764863	29.52468954733651
292	9.735350613482296E-4	2.3095416618161834E-4	9.62621025792032E-4	2.3575626199027314E-4	9.940168420143891E-4	2.770543159801056E-4	102.12521521569579	29.4907163449206
293	9.84783808235079E-4	2.3865132297942182E-4	9.635831265768502E-4	2.3591175563367493E-4	9.46411297945815E-4	2.666122643766858E-4	101.85603060357971	29.40349038581278
294	9.816269448492676E-4	2.3823663213988765E-4	9.35542571824044E-4	2.4922373660078375E-4	9.695339622339816E-4	2.799721793956227E-4	101.58776472893078	29.31676749420647
295	9.648365085013211E-4	2.295435031555826E-4	9.417716937605292E-4	2.5078264818524795E-4	9.964404046058917E-4	2.540938412266769E-4	101.32056643924443	29.17159400577189
296	9.635036112740636E-4	2.2950609454710502E-4	9.455843473915593E-4	2.507066237112981E-4	9.848708741628798E-4	2.6284439242290855E-4	101.05439149602898	29.07372443273396
297	9.582450948073529E-4	2.1697854481317336E-4	9.62642407102976E-4	2.3651661166664343E-4	9.937411489318038E-4	2.857212403455378E-4	100.78902547812322	29.694318160026846
298	9.63367359872791E-4	2.2921802301425486E-4	9.653741244619596E-4	2.370110999216759E-4	8.948686706844455E-4	2.4566197958004034E-4	100.51652681283304	28.976645466129572
299	9.580730566085549E-4	2.282444618685986E-4	9.682176942078513E-4	2.3779470117507776E-4	9.898013536258077E-4	2.9474577284200855E-4	100.25441069051158	29.599575883785256
300	9.589060937287286E-4	2.3192145072243876E-4	9.706332184578059E-4	2.3825353422705968E-4	9.683637676971557E-4	2.819524076941256E-4	99.98494974381174	28.810175681071605
301	9.573689894750714E-4	2.326294959857478E-4	9.698761123217992E-4	2.380545874043962E-4	9.63966310791875E-4	2.539634883209091E-4	99.72576213025604	29.360378482058426
302	9.595338851795532E-4	2.2918467238923766E-4	9.851937647908926E-4	2.4700185606669605E-4	9.536741520150827E-4	2.5169663275306266E-4	99.45925534126582	28.645681638187288
303	9.89706692053005E-4	2.519245972507633E-4	9.831496136030182E-4	2.467323848922488E-4	9.77749407866213E-4	2.6061018213567876E-4	99.20256995238014	28.494752374886662
304	9.819678380154073E-4	2.4897447183320766E-4	9.858577832346782E-4	2.4728678159464896E-4	9.713637300592382E-4	2.8497023723567897E-4	98.94684162072372	28.412087497928816
305	9.78971627773717E-4	2.483558369931416E-4	9.679475560915307E-4	2.605677094332601E-4	9.808463382796617E-4	2.4578357675864027E-4	98.69223626778694	29.009977093597023
306	9.509518095001113E-4	2.2904416764504276E-4	9.754846878422541E-4	2.5635990591424694E-4	9.465746170462808E-4	2.781092323937842E-4	98.43006971856812	28.248289203062132
307	9.727283613756299E-4	2.4707691409275867E-4	9.718853816593764E-4	2.61075353184173E-4	9.561333426972851E-4	2.688903160528103E-4	98.17795914545422	28.1680790593774
308	9.617660543881357E-4	2.4367975656787167E-4	9.763425705386908E-4	2.619581008071566E-4	9.903370464598993E-4	2.6720707055953125E-4	97.92661478102673	27.320857669990733
309	9.582347120158374E-4	2.4273484050354454E-4	9.794249153856072E-4	2.624447694462764E-4	9.498154124685243E-4	2.8250075242333656E-4	97.67604938984732	28.08290706048872
310	9.31624359509442E-4	2.2675962609355337E-4	9.80101684035617E-4	2.4519659266310364E-4	9.596051563676156E-4	2.76490397381809E-4	97.42641309273313	27.930350725807696
311	9.28839945117943E-4	2.2626849568041507E-4	9.814143068069825E-4	2.45256221581979E-4	9.687546626082622E-4	2.7041668944521543E-4	97.17780082780519	28.517211357427957
312	9.344250047433889E-4	2.2609304305660772E-4	9.88847221378819E-4	2.467873008095796E-4	9.835067266976694E-4	2.6762154061543697E-4	96.92193341773236	27.017825309952237
313	9.242872183676809E-4	2.3048307484714315E-4	9.864468729574583E-4	2.4681134374108734E-4	9.975427565223072E-4	2.6499401474545855E-4	96.67603883007541	27.697986727283666
314	9.210196367348544E-4	2.2844048871775157E-4	9.888873210002203E-4	2.473128010776769E-4	9.4006527797319E-4	2.9489964955874874E-4	96.43072594158002	28.27797211530573
315	9.047034254763275E-4	2.176069679990178E-4	9.972602374546113E-4	2.483540033451924E-4	9.946943182512769E-4	2.9704932475016987E-4	96.17861084951437	28.296685599182425
316	9.021409205161035E-4	2.1716272476624E-4	9.990976632252568E-4	2.4867084329312564E-4	9.84113812137366E-4	2.666894038792206E-4	95.92826637151302	27.47058286157546
317	9.15168842766434E-4	2.1658084442606197E-4	9.945193260136875E-4	2.481081444721926E-4	9.836882777563005E-4	2.928550158490647E-4	95.68749605846824	27.276513923572246
318	9.101479663513601E-4	2.1446693153848173E-4	9.969713419195614E-4	2.484277252921762E-4	9.968331251002382E-4	2.935039179539993E-4	95.4472383739485	27.319728923578154
319	9.110384271480143E-4	2.1576748786173995E-4	9.99030319690064E-4	2.487036726961378E-4	9.971724673505378E-4	2.586543144218467E-4	95.20774921943666	26.503994354694985
320	9.053527319338173E-4	2.1103652616147884E-4	9.645911368352245E-4	2.3333245534841213E-4	9.88657582865926E-4	2.6739970834594514E-4	94.96904448454734	26.431892788858534
321	8.914430509321392E-4	2.0507413137238473E-4	9.994659239964676E-4	2.4839035142639626E-4	9.90104988886742E-4	2.3471989756294084E-4	94.73179849272128	27.05532483248572
322	9.029473294503987E-4	2.1352771072997713E-4	9.971134923034697E-4	2.4780854073469527E-4	9.554172902426217E-4	2.4212674470943188E-4	94.49470943663619	26.908041539070872
323	8.994715171866119E-4	2.146647464542184E-4	9.98856128717307E-4	2.4803637103920254E-4	9.77235382379149E-4	2.505263238278313E-4	94.2584486741398	26.750748858346622
324	9.98044059087988E-4	2.4169677144527668E-4	9.907829808071256E-4	2.4944810913188245E-4	9.853246201600996E-4	2.828341871528599E-4	94.02322869305499	26.76369088244885
325	9.936104670487111E-4	2.429247861073236E-4	9.919525036821142E-4	2.4971124630296956E-4	9.63976586717763E-4	2.642781284651262E-4	93.78853355566389	26.692084523268864
326	9.92066034086747E-4	2.3790158829797292E-4	9.930459928000346E-4	2.49913235793115E-4	9.462593079661019E-4	2.3985299685271355E-4	93.5548884011805	26.437143936475067
327	9.883460770652164E-4	2.3631041804037523E-4	9.94042493402958E-4	2.500912429429169E-4	9.509585543128196E-4	2.100559547126439E-4	93.32206880516605	26.625091877656036
328	9.999244357459247E-4	2.475652794601046E-4	9.94963658740744E-4	2.50251210861185E-4	9.689091020845808E-4	2.424300907163717E-4	93.09015476345667	27.120450794602338
329	9.903523969114758E-4	2.467351918312488E-4	8.86785363945819E-4	2.6662064208031895E-4	9.867464229955658E-4	2.8511917541026646E-4	92.85155196551932	26.320817597569405
330	9.934115805663168E-4	2.4580645804235247E-4	9.9297464475967E-4	2.496792671834179E-4	9.455822428208194E-4	2.791917626186407E-4	92.62223246257054	26.073043125940085
331	9.90837230347097E-4	2.453770026477287E-4	9.975098073482513E-4	2.500891847564068E-4	9.724597057356732E-4	2.901434106850805E-4	92.39360965727246	26.254494814278598
332	9.8541917395778E-4	2.4361585328733782E-4	9.983250056393445E-4	2.50219663939788E-4	9.630213203308813E-4	2.62284299789288E-4	92.16582303409814	26.110499856012282
333	9.827658941503614E-4	2.430930508126039E-4	9.989647223846987E-4	2.5030858360596225E-4	9.916295907714812E-4	2.6250827307714125E-4	91.93890995698166	26.731727199007718
334	9.753520935191773E-4	2.44960898271529E-4	8.914202253436088E-4	2.666648857986478E-4	9.878056234811083E-4	2.4355113844699695E-4	91.70549633345217	25.22134396375187
335	9.773620695341378E-4	2.418205835056142E-4	9.96196933556348E-4	2.494658973428786E-4	9.494555779383518E-4	2.2246551949253228E-4	91.48092844214989	25.820377847850853
336	9.748057927936316E-4	2.4141041485563618E-4	9.994912543334067E-4	2.501810669604436E-4	9.652589451434324E-4	2.410813640096876E-4	91.25719146165648	25.662105465600302
337	9.726195130497217E-4	2.411508568911813E-4	9.995505242841318E-4	2.506289966449599E-4	9.981151292777213E-4	2.8582260400915923E-4	91.0343146136438	25.51530452454666
338	9.698486828710884E-4	2.2620350591751048E-4	9.843220323091373E-4	2.3859105655493954E-4	9.752019082043262E-4	2.45115577015408E-4	90.81206479578395	24.783735388341242
339	9.671935986261815E-4	2.2571502759092255E-4	9.824188891798258E-4	2.380459318060432E-4	9.858647954388289E-4	2.5882194749626673E-4	90.59073245743639	25.292272730002978
340	9.645449172239751E-4	2.252342701467569E-4	9.831427305471152E-4	2.3788615008329386E-4	9.556668392178835E-4	2.470574250797394E-4	90.37006858328823	25.22338193116346
341	9.615090093575418E-4	2.388903276369092E-4	8.928262495828676E-4	2.6742905030350183E-4	9.760200680375419E-4	2.785093192666063E-4	90.1502605274436	25.693617013646648
342	9.523417229502229E-4	2.3860037927079248E-4	8.804180379229365E-4	2.5881914370984305E-4	9.953746912287897E-4	2.7575835061889446E-4	89.92392909250339	24.354906164694484
343	9.580795594956726E-4	2.2467816634161864E-4	8.931555603339802E-4	2.6712505540013684E-4	9.534500968584325E-4	2.6386691163477534E-4	89.70645700901514	24.29159585633882
344	9.573755960445851E-4	2.2439253516495227E-4	8.94084991159616E-4	2.676063687149194E-4	9.795810510695446E-4	2.6454296603333204E-4	89.48984737723367	24.79548193978509
345	9.510967356618494E-4	2.3031626478768884E-4	8.766684850343154E-4	2.576767887901575E-4	9.854905229076394E-4	2.5445241620205807E-4	89.27372285988531	24.979048491138055
346	9.485039336141199E-4	2.2980452467891155E-4	9.992957493523136E-4	2.511281083319898E-4	9.89403529501942E-4	2.917173198355484E-4	89.05853639059933	25.724579724803228
347	9.405263408552855E-4	2.2267086715146433E-4	9.014955257953261E-4	2.680547469371332E-4	9.822200845519546E-4	2.457719036783601E-4	88.83669416932389	24.13668084714694
348	9.470669610891491E-4	2.090846643113764E-4	9.99594180029817E-4	2.5119288423819196E-4	9.92220118860132E-4	2.7178642555785267E-4	88.62365313328337	24.712197555241577
349	9.430730133317411E-4	2.0912984400638378E-4	8.968300599008217E-4	2.6689658242785613E-4	9.476307823206298E-4	2.825964253542475E-4	88.41145962543669	25.234324337215295
350	9.272825845982879E-4	2.1949725360173033E-4	9.781686176211224E-4	2.4239252308751898E-4	9.956235608115094E-4	2.653466466344453E-4	88.19235050387215	24.67747411418882
351	9.354964713566005E-4	2.0694604027085006E-4	9.985018987208605E-4	2.500099374409384E-4	9.97880801151041E-4	2.3139341127002158E-4	87.98224318597931	24.692004798446177
352	9.974319764296524E-4	2.3899230054666987E-4	9.939809060597327E-4	2.2910658136142642E-4	9.670286970049347E-4	2.474622351303584E-4	87.77246807471965	24.462509409850725
353	9.942807191691827E-4	2.3869198903412326E-4	9.710914991956088E-4	2.4072157624498782E-4	9.9005193078483E-4	2.694189898442935E-4	87.56373871906544	24.400573091941602
354	9.913360936479876E-4	2.380290219662129E-4	9.71566783846356E-4	2.408353074284166E-4	9.918669593389495E-4	2.4309965994169554E-4	87.3553864954738	24.50491349656564
355	9.89393451163778E-4	2.3367587473330787E-4	9.85323713393882E-4	2.4291856506947782E-4	9.865307063137152E-4	2.4324757394063217E-4	87.14771447819658	23.897267448688172
356	9.856757715169806E-4	2.3501125997427152E-4	9.860031714197248E-4	2.429926512220469E-4	9.839654721872648E-4	2.813921806506002E-4	86.9408400649263	24.48893665158333
357	9.580354981153505E-4	2.2914332657819614E-4	9.766283037606627E-4	2.4135965671528788E-4	9.903301543090492E-4	2.484247107790654E-4	86.73451288067736	23.70051972382609
358	9.552546798659023E-4	2.2937272715353174E-4	9.754310158314183E-4	2.4097149936755285E-4	9.558407914482814E-4	2.56103124472798E-4	86.52898262446979	24.33629631787246
359	9.527324928058079E-4	2.2883712717884918E-4	9.714695179354749E-4	2.4203370555499402E-4	9.854834793259215E-4	2.468140649009423E-4	86.32394771731924	23.93850764460889
360	9.501919121248648E-4	2.282709665450966E-4	9.80298286776815E-4	2.3855854174300851E-4	9.75778746578726E-4	2.817065367483904E-4	86.11970592595753	24.002451831340007
361	9.476659324718639E-4	2.288053974552895E-4	9.781005001059384E-4	2.3767538064491637E-4	8.988846802822081E-4	2.1687389011929836E-4	85.91624100683839	24.098856158468973
362	9.63198886893224E-4	2.3502433687099255E-4	9.75965916950372E-4	2.3720437428860822E-4	9.795970368031703E-4	2.742152945237259E-4	85.71333944555954	23.69107970172203
363	9.606462517695036E-4	2.344579857890494E-4	9.682948448244133E-4	2.3646807231075242E-4	9.958779028238496E-4	2.749934547799577E-4	85.51134175225161	23.632409867767112
364	9.582702350598993E-4	2.3283545688173034E-4	9.663470236773719E-4	2.3598005457737097E-4	9.399792068052193E-4	2.470477132372734E-4	85.30985768677783	24.33752482790945
365	9.669389401096851E-4	2.3552543007099302E-4	9.760994580574334E-4	2.4133830460226004E-4	9.823409814089246E-4	2.855074926696604E-4	85.10224994103191	24.20219608494412
366	9.641847263992531E-4	2.3490698549721856E-4	9.76461626123637E-4	2.4139774409534233E-4	9.890505170915276E-4	2.767605287837276E-4	84.89614629858988	23.459978845484006
367	9.520396488369443E-4	2.3409556597471238E-4	9.622058787499554E-4	2.3531522561699665E-4	9.908438917136664E-4	2.542851524534693E-4	84.69816240822547	23.483402330808083
368	9.493165252933977E-4	2.3350587689492387E-4	9.773159044925706E-4	2.3782208963580318E-4	9.966288725991035E-4	2.3934395315573846E-4	84.50093295556144	23.452097984769836
369	9.475935639784439E-4	2.3298090800381033E-4	9.634016369091114E-4	2.404699288750375E-4	9.775186154001858E-4	2.799406936186902E-4	84.30413389331079	23.163771964910516
370	9.450410088902572E-4	2.324052673429833E-4	9.733033930388046E-4	2.371904105655568E-4	9.46649199249805E-4	2.643596177630821E-4	84.10797832539538	23.950165442861493
371	9.985241922549903E-4	2.447143677272834E-4	9.659258448664332E-4	2.359818710891855E-4	9.992566112941859E-4	2.9799954591973283E-4	83.90563170297537	23.448816660788715
372	9.398860856890678E-4	2.370556117966771E-4	9.676919262346928E-4	2.3577169354368756E-4	9.832455777996074E-4	2.4841103829982916E-4	83.71138824676746	23.439754769636718
373	9.370162915729452E-4	2.3259287845576183E-4	9.646095195421367E-4	2.3500361159425792E-4	9.79705586360069E-4	2.482727508290087E-4	83.51766538943048	23.29777853838211
374	9.999355534091592E-4	2.4283951097459067E-4	9.84091850114055E-4	2.4469388847200174E-4	9.871071897578076E-4	2.727107305986465E-4	83.3247952714446	23.278307294989457
375	9.973073028959334E-4	2.4231405750470004E-4	9.861910511972383E-4	2.4513671708299283E-4	9.637751300033415E-4	2.524207057679935E-4	83.13212437715265	23.107474896502907
376	9.303584156441502E-4	2.34607533820963E-4	9.569103813191759E-4	2.339270840507354E-4	9.721500027808361E-4	2.783464496383533E-4	82.93991303545772	23.051596476249806
377	9.283055660489481E-4	2.3424730425176677E-4	9.543398482492194E-4	2.350040951318204E-4	9.72251227722154E-4	2.3243107501197562E-4	82.74854963304824	23.157922705586643
378	9.257206966140075E-4	2.337139016162837E-4	8.77262296853587E-4	2.6727329356523614E-4	9.553606903409673E-4	2.565053447023788E-4	82.55782603498665	22.94069206311169
379	9.850998176261783E-4	2.4026019837037894E-4	8.764684607740492E-4	2.669031696157241E-4	9.606796995740297E-4	2.6618745587394653E-4	82.36762655636994	22.75376048554449
380	9.82592348009348E-4	2.3975535787030823E-4	8.751549175940454E-4	2.662778250819899E-4	9.903658556140726E-4	2.6473777112793567E-4	82.17798727931222	22.004540572043783
381	9.8009395878762E-4	2.392521364527056E-4	9.007327607832849E-4	2.558289742065144E-4	9.64099930570228E-4	2.862823041528257E-4	81.98885931872064	22.72693071039686
382	9.811330528464168E-4	2.4109917594614672E-4	8.97215519216843E-4	2.546454914032626E-4	9.997341676353244E-4	3.025662378569485E-4	81.80050675803795	23.244746818479154
383	9.633424924686551E-4	2.3714417711744317E-4	9.391568555656704E-4	2.3066876725226455E-4	9.876727071969071E-4	3.0932822025208034E-4	81.6056322537188	22.62066207236654
384	9.71195928286761E-4	2.3684787865931866E-4	9.334500646218657E-4	2.2938940297723907E-4	9.976839835417195E-4	2.4392880538102148E-4	81.41905356870848	21.79774991607844
385	9.687487909104675E-4	2.3635293746337993E-4	8.903671368898358E-4	2.3136251294480253E-4	9.827182402659673E-4	2.637381127456275E-4	81.233227588702	22.302358668553804
386	9.653437591623515E-4	2.353537742237677E-4	8.75605730470852E-4	2.2842589438870823E-4	9.706388498216256E-4	2.6939376361476765E-4	81.04780972216395	22.223228457043483
387	9.54264251049608E-4	2.301618407727801E-4	8.773495919740526E-4	2.4221874270457695E-4	9.204439938912401E-4	2.5362113238981584E-4	80.86289530526847	21.643967005829985
388	9.532831609249115E-4	2.30206692685897E-4	8.765077291172929E-4	2.420038016962594E-4	9.808235736272763E-4	2.777036133920774E-4	80.67856434400892	22.275333473294108
389	9.876993717625737E-4	2.5045769107236995E-4	8.741692536204937E-4	2.4142336685050898E-4	9.755824448802741E-4	2.6759919443130844E-4	80.49478363784146	21.62443243718449
390	9.872147638816386E-4	2.5026938110386256E-4	8.853587605699431E-4	2.45246094295751E-4	9.992556513225281E-4	2.887912023996967E-4	80.31156880524941	22.171221851774497
391	9.511037496849895E-4	2.315694888238795E-4	8.843228306432138E-4	2.444109804541924E-4	9.565979114540824E-4	2.729763249429679E-4	80.12895581152407	22.08024417944579
392	9.487229981459677E-4	2.3109373105398845E-4	8.806285131868208E-4	2.43439257905391E-4	9.86571686098614E-4	2.751922099584192E-4	79.94696554593975	22.628088518900928
393	9.334356291219592E-4	2.2561422883882187E-4	8.771916118348599E-4	2.4245429562268266E-4	9.88509167882512E-4	2.5727644620217137E-4	79.75888137589209	21.343333179854994
394	9.606945222913055E-4	2.3202743923320668E-4	8.771081766099087E-4	2.4165481873155684E-4	9.654600664816826E-4	2.6209644311786013E-4	79.57870807111613	21.96638233548361
395	9.590696336090332E-4	2.3168545812950468E-4	9.916368671838427E-4	2.524641530067913E-4	9.683782936917851E-4	2.5877268512197065E-4	79.39912307128543	21.915369366946585
396	9.54974973865319E-4	2.3350493811449268E-4	9.763854322955012E-4	2.493233241693815E-4	9.562754221406067E-4	2.841322158263808E-4	79.21996158213005	21.944670529728636
397	9.52442425841582E-4	2.3304882652155356E-4	9.750033786986023E-4	2.485369171248247E-4	9.80255670583574E-4	2.9172065698540833E-4	79.04128004741506	21.894024570659646
398	9.500244468654273E-4	2.32573762514221E-4	9.724792616907507E-4	2.7628793521154E-4	9.583581759216031E-4	2.7148400093405405E-4	78.86331664095633	21.178168509830392
399	9.47614042161149E-4	2.3642867381568067E-4	9.725616982905194E-4	2.761825295426112E-4	9.974881286325399E-4	2.767907040806812E-4	78.68567130708834	21.561246482515624
400	9.452602243982255E-4	2.3592703219037502E-4	9.707225253805518E-4	2.753212774505614E-4	9.731594727782067E-4	2.929804804339523E-4	78.50863397648209	21.620761152978574
