Origin	Destination	Demand	Cost
1	2	1365.9	12.930192958933729
1	3	407.4	14.599002891222028
1	4	861.4	11.894022317985558
1	5	354.4	19.84366293745393
1	6	545.1	12.086927350298932
1	7	431.5	11.081407665694735
1	8	1.0	12.915947174220138
1	9	56.8	10.03630554561556
1	10	75.3	7.5978533665528145
1	11	1.0	7.291247553297349
1	12	37.9	8.284877761615974
1	13	48.5	8.583485168871507
1	14	1.0	14.206488763861518
1	15	185.9	14.617507996736745
1	16	12.1	13.595641384583535
1	17	81.1	13.716447430323159
1	18	126.6	15.997184485515241
1	19	67.2	18.55662721275823
1	20	382.4	23.81886855594143
1	21	101.6	19.123846828646737
1	22	71.7	14.936656155160316
1	23	25.8	14.635303303719315
1	24	21.1	8.936423649420819
1	25	665.1	7.475329769330931
1	26	29.0	5.433990207433456
1	27	18.9	6.533297259781771
1	28	75.9	6.235055987917266
1	29	139.1	4.444886815434502
1	30	119.1	12.39762801842616
1	31	295.6	9.097849848517052
1	32	85.9	6.45001062745411
1	33	74.3	4.7483665879367685
1	34	96.4	16.397180805858394
1	35	53.6	10.721090899163446
1	36	37.9	7.185671578657099
1	37	13.7	18.316905153477688
1	38	107.7	11.785542309924796
2	1	1171.2	10.406017767725826
2	3	608.1	11.079672797008982
2	4	1271.4	14.865316296236943
2	5	542.3	23.202813239987357
2	6	808.4	17.166966217921892
2	7	629.1	16.16145160934695
2	8	1.0	17.995980608665906
2	9	74.9	15.116338980061338
2	10	87.3	12.677886800998591
2	11	1.0	12.371280987743123
2	12	48.1	11.12088814873659
2	13	63.9	10.822779649696914
2	14	1.0	10.10502390461627
2	15	566.3	11.891248327583334
2	16	22.0	12.715565790312759
2	17	107.5	17.075609861302848
2	18	213.9	19.35634691649493
2	19	101.1	21.915789643737913
2	20	511.1	27.177965464105398
2	21	156.8	24.203874767747003
2	22	105.2	20.016682534387016
2	23	39.0	19.715329683495156
2	24	47.6	8.056348055150055
2	25	942.1	6.595254175060168
2	26	51.8	7.97178270679418
2	27	27.7	9.892459690761461
2	28	111.9	9.594218418896956
2	29	194.1	9.524920249880276
2	30	194.8	16.131772847455863
2	31	329.9	12.89327668981036
2	32	95.1	11.530044061899885
2	33	79.1	9.828400022382544
2	34	134.9	20.13126702768226
2	35	81.3	15.80112301856764
2	36	55.1	12.265705013102874
2	37	19.6	22.293104215791132
2	38	166.9	16.86556892263762
3	1	721.1	14.911596594177242
3	2	1237.9	13.642524900848617
3	4	1107.9	9.029787295110436
3	5	386.6	17.367233236804204
3	6	582.8	18.523823012349144
3	7	457.9	17.8674025573702
3	8	1.0	19.69035538774888
3	9	57.1	18.476831924632624
3	10	62.4	16.489841056370288
3	11	1.0	16.183235243114815
3	12	33.4	14.869365175138459
3	13	37.2	14.571256676098779
3	14	1.0	8.469253609772625
3	15	241.6	7.035293647658925
3	16	15.6	8.03852103895227
3	17	102.6	11.240017729673431
3	18	159.1	13.520754784865513
3	19	71.1	16.080197512108505
3	20	385.6	21.342442035785368
3	21	109.6	19.60701808919151
3	22	78.1	20.372299428565828
3	23	25.1	20.669689502957898
3	24	32.8	5.71334033297574
3	25	687.5	7.060566662728944
3	26	27.3	11.720259733196047
3	27	21.4	10.000297651159922
3	28	82.9	10.298688917224684
3	29	109.6	13.336900774152006
3	30	132.1	11.105732102692402
3	31	234.5	10.217381109991036
3	32	69.9	12.557961410734952
3	33	61.1	13.640407360397711
3	34	101.6	15.404462799221854
3	35	58.7	15.219029124880544
3	36	43.4	15.62599377011911
3	37	13.6	16.457512084161674
3	38	116.9	17.520489638571473
4	1	1222.5	12.904131994856069
4	2	2106.7	18.171567781651646
4	3	938.6	9.734324398100192
4	5	665.9	15.36279193389834
4	6	988.8	15.91512577806057
4	7	769.8	15.258705323081625
4	8	1.0	17.081658153460307
4	9	91.6	15.8681346903441
4	10	108.6	13.881143822081711
4	11	1.0	13.574538008826245
4	12	47.8	14.968436486618252
4	13	61.0	15.267043893873785
4	14	1.0	12.99829649057565
4	15	651.9	11.56433652846195
4	16	27.7	9.133250869938296
4	17	166.3	9.235576426767562
4	18	297.6	11.516313481959646
4	19	155.6	14.075756209202638
4	20	601.6	19.338000732879497
4	21	191.1	17.602576786285645
4	22	132.6	17.763602194277258
4	23	37.8	18.06099226866932
4	24	62.4	7.809645329490564
4	25	881.0	9.156871659243773
4	26	53.6	12.117548932435733
4	27	36.1	7.3916004168713565
4	28	107.7	7.689991682936115
4	29	179.9	10.728177270963398
4	30	301.6	9.101290799786529
4	31	508.9	7.6086838757024635
4	32	119.4	9.94926417644638
4	33	94.3	11.031657043465684
4	34	167.5	13.392419338023666
4	35	98.7	12.610331890591969
4	36	74.6	13.017296535830504
4	37	21.7	14.453070781255807
4	38	199.9	14.911792404282897
5	1	243.4	19.87563363894851
5	2	419.2	25.007136395140844
5	3	145.3	16.56989301158939
5	4	311.6	13.294429960935956
5	6	195.6	14.386687347454998
5	7	158.7	16.929140320289775
5	8	1.0	14.762392205562916
5	9	19.8	17.242702321070706
5	10	21.3	19.76323214099252
5	11	1.0	19.84275171170908
5	12	6.8	21.939938130710694
5	13	13.6	21.923276321225032
5	14	1.0	19.83386510406485
5	15	71.6	18.399905141951148
5	16	4.4	15.968819483427493
5	17	31.3	13.203706949980537
5	18	46.9	9.416748537891188
5	19	31.8	7.131808360767504
5	20	166.6	7.134614182258494
5	21	48.7	6.626643601619835
5	22	24.8	10.631774175887172
5	23	15.3	12.934200956436595
5	24	7.8	14.64521394297976
5	25	184.7	15.992440272732964
5	26	7.5	19.0722793783223
5	27	5.1	13.659814119754193
5	28	22.2	13.958205385818953
5	29	41.6	16.996390973846246
5	30	57.1	9.225703387806913
5	31	109.7	12.52548363005694
5	32	24.6	15.16508493364373
5	33	22.6	16.914006621156894
5	34	45.7	5.775290096029007
5	35	21.6	11.775499603917016
5	36	11.4	14.391864166557152
5	37	7.0	3.477137596590002
5	38	38.5	9.785001092050168
6	1	637.4	13.809232452018232
6	2	1089.9	20.046393800383978
6	3	381.8	18.90006149119002
6	4	812.1	15.345176371373395
6	5	338.2	13.780721502043365
6	7	477.9	8.798437413314977
6	8	1.0	6.63168929858812
6	9	73.6	8.201822767674386
6	10	54.3	10.722352587596141
6	11	1.0	11.328719302907405
6	12	32.4	14.640189392027253
6	13	35.7	14.938796799282825
6	14	1.0	21.322689605311723
6	15	179.1	20.730073621551778
6	16	11.8	18.298987963028125
6	17	79.1	16.852404168325307
6	18	131.4	17.62963503661195
6	19	62.2	16.95476759870172
6	20	366.0	16.193903746691586
6	21	96.8	11.498884411718501
6	22	88.2	7.311693738232087
6	23	27.3	7.010340886791072
6	24	18.5	16.052624490871057
6	25	491.4	14.591596616300773
6	26	21.1	11.789301837844734
6	27	14.2	11.417555513024952
6	28	56.2	11.119314241160449
6	29	101.6	8.177037661381478
6	30	108.6	13.032082468532565
6	31	281.4	9.732272345804462
6	32	82.6	8.570033559403138
6	33	72.6	7.873127067760562
6	34	88.6	12.461498895391674
6	35	67.7	6.461307034419198
6	36	47.3	5.350984613160811
6	37	13.9	10.69194273654945
6	38	132.7	4.160579892996566
7	1	682.3	12.538290116219043
7	2	1191.8	18.775485749845615
7	3	431.1	17.96675192698288
7	4	883.4	14.411866807166254
7	5	379.6	16.516381827988447
7	6	646.4	8.902587191479581
7	8	1.0	10.018279591791277
7	9	63.3	7.437360474961346
7	10	74.6	9.451410251796936
7	11	1.0	10.057776967108213
7	12	35.8	13.369247056228051
7	13	33.9	13.667854463483584
7	14	1.0	20.051781554773395
7	15	172.3	19.79676405734464
7	16	12.7	17.365678398820982
7	17	72.4	15.919094604118166
7	18	111.0	16.696325472404787
7	19	69.6	18.578982262608115
7	20	352.2	18.92956407263667
7	21	107.4	14.234544737663585
7	22	93.1	10.04735406417717
7	23	25.8	9.746001212736155
7	24	26.8	14.781716440332684
7	25	478.0	13.320683990677646
7	26	29.3	10.518359502045532
7	27	16.0	10.146613177225749
7	28	61.6	9.848371905361242
7	29	101.9	6.906095325582275
7	30	139.8	12.098772904325429
7	31	295.2	8.798962781597321
7	32	86.4	7.29912550886477
7	33	73.4	6.602184731961358
7	34	92.4	12.22767760252763
7	35	72.4	6.227462560996116
7	36	55.6	4.586522320447772
7	37	9.7	13.427603062494534
7	38	156.9	6.896240218941649
8	1	44.3	14.188783340829449
8	2	95.3	20.75240989072108
8	3	1.3	20.62208962167418
8	4	28.1	17.067204501857557
8	5	26.6	14.592572986105978
8	6	33.8	6.064637417433308
8	7	35.8	8.166892004473572
8	9	13.8	8.581373656485589
8	10	1.5	11.101903476407346
8	11	1.0	11.70827019171862
8	12	1.5	15.019740280838457
8	13	7.0	15.318347688093988
8	14	1.0	21.702339155764165
8	15	49.8	22.113358388639398
8	16	2.0	20.021016093512287
8	17	23.0	18.574432298809473
8	18	31.5	19.35166316709612
8	19	14.4	17.766619082764336
8	20	63.1	17.0057552307542
8	21	12.8	12.310735895781116
8	22	7.8	8.123545222294702
8	23	1.0	7.822192370853687
8	24	1.8	16.432274041323456
8	25	45.8	14.971180161233587
8	26	1.3	12.168852726655938
8	27	1.6	11.797106401836157
8	28	6.9	11.498865129971652
8	29	17.4	8.556588550192682
8	30	17.1	14.754110599016723
8	31	51.6	11.454300476288626
8	32	7.4	10.256879282437094
8	33	19.3	8.252677956571766
8	34	5.1	13.273350379454282
8	35	6.3	7.273158518481815
8	36	1.3	5.730535501972015
8	37	1.0	11.503794220612065
8	38	41.8	4.9724313770591815
9	1	198.6	11.31118099537334
9	2	293.5	17.874808924868727
9	3	132.6	18.722636575925556
9	4	201.4	15.16775145610893
9	5	75.9	17.0709213588614
9	6	157.6	7.752228401885267
9	7	99.3	6.746663919555688
9	8	1.0	8.581187968811626
9	10	49.8	8.224301130951236
9	11	1.0	8.83066784626251
9	12	7.8	12.142137935382351
9	13	3.1	12.44074534263788
9	14	1.0	18.824736810308064
9	15	1.0	19.235756043183276
9	16	3.8	18.121563047763658
9	17	21.6	16.13276459866508
9	18	38.8	17.92444565641951
9	19	17.3	19.20815889970099
9	20	97.1	19.484103603509638
9	21	58.4	14.789084268536541
9	22	51.4	10.601893595050132
9	23	26.3	10.300540743609114
9	24	21.1	13.55467169586736
9	25	236.4	12.09357781577748
9	26	26.3	9.29125038119983
9	27	7.6	8.919504056380047
9	28	23.8	8.62126278451554
9	29	42.6	5.678986204736573
9	30	63.0	13.326989345289357
9	31	59.1	10.027116158043933
9	32	43.8	7.37927693698099
9	33	8.5	5.375075611115656
9	34	41.4	12.857207075478547
9	35	31.3	6.857015214506071
9	36	43.1	3.1494306974681203
9	37	7.1	13.98214259336749
9	38	44.1	7.4507797498146005
10	1	12.3	8.784280547304512
10	2	21.1	15.347908476799915
10	3	9.5	16.195736127856726
10	4	13.1	12.6408510080401
10	5	5.8	19.50666932198018
10	6	11.1	10.187909584335488
10	7	5.8	9.182411876292594
10	8	1.0	11.016935925548525
10	9	1.0	8.137294296943946
10	11	1.0	6.303767398193683
10	12	1.8	9.615237487313522
10	13	1.0	9.913844894569054
10	14	1.0	16.297836362239234
10	15	1.0	16.708855595114446
10	16	1.0	15.594662599694812
10	17	1.0	13.605864150596249
10	18	2.5	15.397578400782596
10	19	1.8	18.70541983713941
10	20	1.0	21.919851560246514
10	21	4.6	17.224832225273435
10	22	3.0	13.037641551787024
10	23	1.0	12.736288700346007
10	24	2.0	11.027771247798526
10	25	12.5	9.566677367708651
10	26	2.3	6.764349933131002
10	27	1.8	6.392603608311219
10	28	2.8	6.094362336446714
10	29	2.0	3.152085756667744
10	30	4.0	10.80002583270321
10	31	3.3	7.5002157099751035
10	32	3.3	4.852376488912161
10	33	1.0	3.1507324493948206
10	34	2.0	14.799554978245569
10	35	2.5	8.82207965049183
10	36	2.3	5.286660329985484
10	37	1.3	16.417893904806068
10	38	3.8	9.886531061253187
11	1	35.8	8.480542626032667
11	2	58.8	15.044170555528014
11	3	22.8	15.89199820658488
11	4	45.8	12.337113086768257
11	5	12.0	20.11446584259609
11	6	14.8	10.795702756631597
11	7	21.1	9.7902050485887
11	8	1.0	11.624729097844627
11	9	1.0	8.74508746924005
11	10	17.8	6.306635290177303
11	12	2.0	9.311499566041675
11	13	5.5	9.610106973297208
11	14	1.0	15.994098440967392
11	15	12.0	16.405117673842632
11	16	1.0	15.290924678422968
11	17	11.0	13.302126229324408
11	18	1.0	15.70399446294902
11	19	9.0	18.83018300158609
11	20	25.3	22.527648087244323
11	21	8.5	17.832628752271233
11	22	4.0	13.645438078784808
11	23	1.0	13.344085227343793
11	24	4.8	10.724033326526694
11	25	51.5	9.262939446436807
11	26	8.8	6.4606120118591575
11	27	1.8	6.088865687039375
11	28	11.8	5.79062441517487
11	29	18.0	3.1536687390589915
11	30	11.8	11.106441894869654
11	31	25.1	7.806631772141542
11	32	5.5	5.158792551078599
11	33	1.0	3.4571485115612584
11	34	16.3	15.105957779546154
11	35	3.3	9.429872822787935
11	36	4.6	5.894453502281587
11	37	1.5	17.02568707710217
11	38	7.8	10.494324233549296
12	1	35.2	8.033827277190953
12	2	61.4	12.126992294053244
12	3	19.8	13.075176566784318
12	4	44.7	14.059939066209996
12	5	15.9	22.009579685678368
12	6	23.2	13.751213267943982
12	7	17.3	12.745715559901079
12	8	1.0	14.580239609157005
12	9	2.6	11.700597980552429
12	10	7.1	9.26214580148968
12	11	1.0	8.955539988234216
12	13	5.3	6.29867097175362
12	14	1.0	12.682662439423819
12	15	17.1	13.093681672299034
12	16	1.8	12.071815060145813
12	17	7.1	15.739661958389231
12	18	12.8	18.163101233739663
12	19	6.9	20.722543960982676
12	20	32.0	25.483158598556688
12	21	11.4	20.788139263583602
12	22	5.7	16.600948590097186
12	23	1.0	16.29959573865617
12	24	1.5	7.412597324983106
12	25	59.2	5.951503444893217
12	26	3.3	3.1491760103155686
12	27	1.8	8.526401416104196
12	28	8.0	8.228160144239691
12	29	12.3	6.109179250371369
12	30	11.1	14.061952406182016
12	31	21.1	10.76214228345392
12	32	5.0	8.114303062390977
12	33	6.3	6.412659022873636
12	34	8.1	18.061468290858524
12	35	5.1	12.385383334100313
12	36	1.5	8.849964013593967
12	37	1.3	19.981197588414556
12	38	11.3	13.449834744861668
13	1	1.0	8.33193756643555
13	2	1.0	11.828386677002632
13	3	1.0	12.776570949733706
13	4	1.0	13.761333449159373
13	5	1.0	21.710974068627745
13	6	1.0	14.04932355718857
13	7	1.0	13.043825849145676
13	8	1.0	14.878349898401602
13	9	1.0	11.998708269797026
13	10	1.0	9.560256090734278
13	11	1.0	9.253650277478814
13	12	1.0	6.298173853742685
13	14	1.0	12.384056822373207
13	15	1.0	12.795076055248423
13	16	1.0	11.773209443095201
13	17	1.0	15.441056341338609
13	18	1.0	17.864495616689055
13	19	1.0	20.423938343932043
13	20	1.0	25.68618286760889
13	21	1.0	21.086249552828193
13	22	1.0	16.89905887934178
13	23	1.0	16.597706027900767
13	24	1.0	7.113991707932494
13	25	1.0	5.652897827842605
13	26	1.0	3.149068411800275
13	27	1.0	8.227795799053588
13	28	1.0	7.929554527189082
13	29	1.0	6.407289539615967
13	30	1.0	14.360062695426619
13	31	1.0	11.060252572698518
13	32	1.0	8.412413351635575
13	33	1.0	6.7107693121182335
13	34	1.0	18.359578580103104
13	35	1.0	12.68349362334491
13	36	1.0	9.148074302838564
13	37	1.0	20.279307877659146
13	38	1.0	13.747945034106262
14	1	9.8	13.654241156755374
14	2	16.8	11.894255648348226
14	3	9.0	8.70102450280073
14	4	14.3	12.379084923119374
14	5	4.5	20.716530864813166
14	6	5.8	20.415170600789093
14	7	4.3	19.40967931489131
14	8	1.0	21.24420399769545
14	9	1.0	18.364562369090883
14	10	1.5	15.926110190028135
14	11	1.0	15.619504376772671
14	12	1.5	14.369111537766138
14	13	1.0	14.071003038726458
14	15	1.0	9.512600033375083
14	16	1.5	10.229304275026182
14	17	1.0	14.589315357682342
14	18	1.0	16.870052412874433
14	19	1.3	19.429495140117442
14	20	1.0	24.6917396637943
14	21	3.3	22.95631571720042
14	22	1.5	23.07091983611957
14	23	1.0	22.963556772492936
14	24	2.8	5.5700865398634765
14	25	11.3	6.61796065181701
14	26	2.5	11.220006095823726
14	27	1.5	9.929059550963247
14	28	2.0	10.227450817028009
14	29	1.0	12.773143638909824
14	30	4.5	14.170347577696532
14	31	3.5	12.869252490164488
14	32	2.0	14.087594218073777
14	33	1.0	13.076623411412092
14	34	1.8	18.17072360904182
14	35	1.3	17.917649532434286
14	36	1.8	15.513928402132422
14	37	1.3	19.80680971217061
14	38	2.8	20.113795778698446
15	1	33.8	14.767687098211805
15	2	61.8	13.613287433467793
15	3	33.3	7.0814360937780965
15	4	51.5	10.867074020199567
15	5	16.8	19.204519961893336
15	6	21.8	20.361109737438273
15	7	14.3	19.704689282459324
15	8	1.0	21.52764211283801
15	9	1.0	19.155769285866764
15	10	7.3	16.717317106804018
15	11	1.0	16.41071129354855
15	12	2.8	14.725473314856938
15	13	1.3	14.427364815817262
15	14	1.0	8.4400161423918
15	16	1.8	9.875807764041399
15	17	1.0	13.07730445476256
15	18	1.0	15.358041509954642
15	19	5.0	17.91748423719763
15	20	1.0	23.179728760874497
15	21	11.5	21.444304814280642
15	22	7.3	22.209586153654964
15	23	1.0	22.50697622804703
15	24	9.5	5.569448472694222
15	25	35.0	6.916674802447426
15	26	7.8	11.576367872914528
15	27	2.3	10.227773701593662
15	28	6.3	10.526164967658424
15	29	4.0	13.564350555685705
15	30	15.5	12.942997773481233
15	31	12.0	12.054667835080165
15	32	5.8	14.386308368704203
15	33	1.0	13.867830328187972
15	34	7.0	17.241764137643152
15	35	4.8	17.056315849969675
15	36	5.0	16.305135318908313
15	37	1.5	18.294798809250807
15	38	11.3	19.357776363660605
16	1	17.4	13.874655373411215
16	2	29.2	15.3716013230253
16	3	11.6	7.352305968541547
16	4	22.6	9.151359648153925
16	5	11.3	17.488805589847694
16	6	11.1	18.645395365392634
16	7	8.0	17.98897491041369
16	8	1.0	19.81192774079237
16	9	1.3	18.262719107256753
16	10	1.0	15.824266928193998
16	11	1.0	15.517661114938534
16	12	1.0	13.832423136246923
16	13	1.6	13.534314637207245
16	14	1.0	10.245815626324587
16	15	12.8	9.182318098903306
16	17	6.0	11.361590082716921
16	18	6.8	13.642327137909003
16	19	4.6	16.201769865151995
16	20	13.6	21.464014388828854
16	21	5.3	19.728590442235
16	22	4.7	20.493871781609318
16	23	1.0	20.791261856001388
16	24	1.0	4.676398294084205
16	25	24.2	6.023624623837409
16	26	1.3	10.683317694304511
16	27	1.0	9.33472352298364
16	28	5.2	9.633114789048408
16	29	5.2	12.671300377075694
16	30	5.3	11.227304455735887
16	31	11.3	10.338953463034526
16	32	3.0	12.679533763778442
16	33	3.1	12.974780149577965
16	34	4.7	15.526049765597515
16	35	3.1	15.340601477924034
16	36	1.3	15.41208514029829
16	37	1.0	16.579084437205164
16	38	4.4	17.642061991614963
17	1	55.3	14.13963978075156
17	2	88.3	19.2711425369439
17	3	58.0	10.833899153392444
17	4	86.0	7.558436102739008
17	5	31.1	14.656492121895365
17	6	33.8	17.188200563860622
17	7	21.5	16.531780108881676
17	8	1.0	18.35473293926036
17	9	1.0	16.137908181818236
17	10	7.3	13.69945600275549
17	11	1.0	13.392850189500024
17	12	3.6	15.771483298055646
17	13	1.8	15.47337479901597
17	14	1.0	14.097871245867902
17	15	1.0	12.6639112837542
17	16	1.6	10.232825625230545
17	18	5.8	10.66518985865682
17	19	9.1	13.369456397199665
17	20	24.8	18.631700920876526
17	21	15.3	16.541855985923696
17	22	11.3	19.036676980077306
17	23	1.0	19.334067054469376
17	24	8.8	8.909220084782815
17	25	56.5	10.256446414536018
17	26	8.0	12.622377856113236
17	27	3.0	7.20991259754513
17	28	9.0	7.508303863609892
17	29	7.1	10.546489451637177
17	30	21.0	7.089495650681543
17	31	16.8	8.881758661502513
17	32	9.8	11.222338962246429
17	33	3.5	10.849969224139445
17	34	11.1	11.388240960543172
17	35	8.0	13.88340667639202
17	36	12.0	13.287274214859773
17	37	1.5	13.691766219854829
17	38	11.6	16.18486719008295
18	1	181.1	16.011531189013695
18	2	311.6	21.14303394520603
18	3	201.8	12.705790561654577
18	4	334.7	9.43032751100114
18	5	136.8	10.275001332331039
18	6	135.4	16.916293400312867
18	7	109.2	16.259872945333946
18	8	1.0	18.082825775712596
18	9	11.8	16.869302312596403
18	10	39.6	15.392666079173882
18	11	1.0	15.696214249356702
18	12	15.3	18.07583568077588
18	13	11.1	18.059173871290216
18	14	1.0	15.969762654130035
18	15	49.3	14.535802692016333
18	16	9.6	12.10471703349268
18	17	11.5	9.339604500045722
18	19	54.4	8.98796560763534
18	20	204.1	14.250210131312198
18	21	68.7	12.514786184718345
18	22	41.4	16.51991675898568
18	23	1.3	18.822343539535098
18	24	29.3	10.781111493044946
18	25	214.4	12.12833782279815
18	26	33.3	15.208176928387491
18	27	13.3	9.795711669819376
18	28	41.8	10.09410293588414
18	29	41.6	12.544532607830783
18	30	152.3	4.602989753591883
18	31	131.4	7.902760843946111
18	32	41.2	10.542371299428696
18	33	19.1	12.543179300557856
18	34	71.4	8.63666224485892
18	35	33.8	13.611499512844276
18	36	41.8	14.018464158082828
18	37	4.8	9.36528017968851
18	38	67.6	15.673143675148674
19	1	58.1	18.33398541983587
19	2	96.8	23.465488176028206
19	3	44.8	15.028244792476752
19	4	97.2	11.752781741823318
19	5	39.7	7.767718800105487
19	6	47.3	17.55863385253538
19	7	36.9	19.265297712913597
19	8	1.0	17.934338710643296
19	9	16.1	19.224125168537945
19	10	11.1	18.473731494276265
19	11	1.0	18.30110349259645
19	12	3.8	20.398289911598056
19	13	7.1	20.381628102112394
19	14	1.0	18.29221688495221
19	15	34.8	16.85825692283851
19	16	2.6	14.427171264314858
19	17	21.3	11.6620587308679
19	18	36.4	7.875100318778547
19	20	97.6	11.742927599086645
19	21	26.4	9.798590106700216
19	22	14.7	13.80372068096754
19	23	12.0	16.10614746151698
19	24	3.8	13.103565723867122
19	25	101.2	14.450792053620324
19	26	3.5	17.53063115920966
19	27	4.5	12.118165900641555
19	28	11.3	12.416557166706315
19	29	21.2	15.454742754733603
19	30	31.8	7.684055168694276
19	31	42.7	10.983826259048508
19	32	13.2	13.623436714531088
19	33	12.5	15.624244715660257
19	34	27.7	6.649074716905355
19	35	15.4	12.649284224793357
19	36	8.8	16.37349120157948
19	37	5.6	6.649084101670386
19	38	27.1	12.956947597130556
20	1	25.5	21.53160359634261
20	2	57.8	26.663106352534943
20	3	1.0	18.225862968983492
20	4	31.1	14.950399918330056
20	5	25.3	6.841185587458445
20	6	18.1	15.278987631347972
20	7	25.3	17.821440604182747
20	8	1.0	15.654692489455888
20	9	7.1	18.135046698519847
20	10	2.5	20.655532424885475
20	11	1.0	21.261899140196686
20	12	1.5	23.595908088104792
20	13	4.6	23.57924627861913
20	14	1.0	21.489835061458948
20	15	32.8	20.05587509934525
20	16	2.3	17.624789440821594
20	17	7.0	14.85967690737464
20	18	13.5	11.072718495285287
20	19	15.3	8.787778318161603
20	21	14.3	7.518943885512811
20	22	6.1	11.524074459780145
20	23	1.0	13.826501240329566
20	24	1.8	16.30118390037386
20	25	24.3	17.648410230127062
20	26	1.0	20.72824933571639
20	27	1.3	15.315784077148294
20	28	5.3	15.614175343213056
20	29	12.8	18.110263377620356
20	30	39.6	10.881673345201015
20	31	53.8	13.971224719512886
20	32	4.8	16.61082564990194
20	33	12.8	17.806352963412838
20	34	9.6	6.667590379921982
20	35	6.1	12.66779988780999
20	36	1.0	15.284210508813082
20	37	1.0	4.369437880482977
20	38	33.3	10.67730137594314
21	1	141.9	20.225178586537208
21	2	261.1	26.462293876539952
21	3	71.5	18.852989422142656
21	4	173.8	15.57752637148922
21	5	103.4	6.240858674662414
21	6	136.0	11.761707870214636
21	7	137.5	14.304160843049413
21	8	1.0	12.137412728322552
21	9	42.3	14.617768902193344
21	10	32.3	17.13829872211509
21	11	1.0	17.74466543742635
21	12	11.3	21.056135526546203
21	13	21.9	21.354742933801727
21	14	1.0	22.11696151461811
21	15	109.6	20.683001552504415
21	16	7.4	18.251915893980758
21	17	44.3	15.486803360533804
21	18	93.9	11.69984494844445
21	19	51.7	9.414904771320769
21	20	311.2	8.654040919310635
21	22	46.6	8.006794698646809
21	23	1.3	10.30922147919623
21	24	12.9	16.928310353533025
21	25	211.6	18.275536683286226
21	26	11.8	18.205247972363697
21	27	7.4	15.095790416744704
21	28	33.3	15.394181682809464
21	29	61.9	14.592983795900427
21	30	81.8	9.455418429901714
21	31	136.5	12.152371580145594
21	32	29.9	14.174702121297393
21	33	32.9	14.289073202279488
21	34	69.8	5.150816169646526
21	35	36.7	9.150703707445532
21	36	18.8	11.766930747679746
21	37	3.1	3.152079909168499
21	38	91.4	7.160021614809804
22	1	86.0	16.215354101084444
22	2	151.8	22.452469391087195
22	3	53.6	19.772653973037993
22	4	112.8	16.217768853221365
22	5	64.1	10.39025220155526
22	6	89.4	7.751883384761878
22	7	74.9	10.294336357596656
22	8	1.0	8.127588242869795
22	9	21.5	10.607944416740581
22	10	18.6	13.128474236662337
22	11	1.0	13.73484095197361
22	12	6.4	17.046311041093443
22	13	11.1	17.344918448348967
22	14	1.0	22.68248119100941
22	15	52.3	21.602666103399752
22	16	4.3	19.171580444876092
22	17	21.3	17.724996650173278
22	18	32.9	15.849238475337295
22	19	27.3	13.564298298213615
22	20	124.5	12.803434446203479
22	21	45.6	8.108415111230393
22	23	11.1	6.299396993743474
22	24	7.5	17.11306385876903
22	25	136.4	16.997702514526527
22	26	8.0	14.195377428547959
22	27	5.1	13.09727096607315
22	28	18.7	13.395662232137909
22	29	31.9	10.583113252084702
22	30	39.0	13.453818364554369
22	31	89.6	10.604864827652433
22	32	19.6	10.175618629390378
22	33	17.8	10.279202658463786
22	34	36.1	9.149216104299187
22	35	25.2	5.151620215538516
22	36	17.6	7.757060203864037
22	37	5.6	7.301473436061344
22	38	53.8	3.150197129357047
23	1	119.2	15.918766618672008
23	2	197.1	22.155927967037734
23	3	56.9	20.074855474821614
23	4	116.0	16.51997035500499
23	5	53.2	12.773236184946306
23	6	109.6	7.455341960712418
23	7	66.7	9.997794933547194
23	8	1.0	7.831046818820335
23	9	11.8	10.311356934328149
23	10	11.6	12.831886754249906
23	11	1.0	13.43825346956118
23	12	4.1	16.74972355868102
23	13	7.4	17.048330965936547
23	14	1.0	22.984682692793033
23	15	41.9	21.904867605183373
23	16	3.1	19.47378194665972
23	17	9.8	18.027198151956902
23	18	47.8	18.23222245872834
23	19	17.4	15.94728228160466
23	20	82.1	15.186418429594527
23	21	51.7	10.49139909462144
23	22	37.6	6.304208421135029
23	24	6.3	17.415265360552667
23	25	157.2	16.701163439076144
23	26	6.0	13.898836004498499
23	27	4.4	13.39947246785677
23	28	12.9	13.228848407814212
23	29	22.5	10.286571828035243
23	30	47.8	14.206876452164162
23	31	59.7	10.907066329436057
23	32	21.9	10.477820131173996
23	33	18.1	9.982661234414326
23	34	23.4	11.454013578294607
23	35	21.9	5.453821717322141
23	36	11.3	7.460518779814575
23	37	5.8	9.684457419452391
23	38	55.3	3.153094575899508
24	1	29.8	9.198243178899949
24	2	51.3	10.695203028941096
24	3	29.8	5.662579241801213
24	4	44.3	6.808998383255897
24	5	13.6	15.146444324949666
24	6	18.5	15.6369361005641
24	7	12.3	14.631403444624109
24	8	1.0	16.46596244177712
24	9	1.0	13.586320813172543
24	10	9.8	11.147868634109809
24	11	1.0	10.841262820854332
24	12	4.1	9.156024842162715
24	13	1.8	8.857916343123037
24	14	1.0	5.569417332240382
24	15	1.0	5.681084347315927
24	16	1.0	4.659217735162707
24	17	1.0	9.019228817818881
24	18	1.5	11.299965873010974
24	19	4.3	13.859408600253966
24	20	4.0	19.121653123930827
24	21	8.6	17.386229177336972
24	22	5.8	17.5008332962561
24	23	1.0	17.798223370648152
24	25	39.5	1.3472263297532037
24	26	11.5	6.006919400220305
24	27	3.5	4.658325228899442
24	28	5.3	4.956716494964203
24	29	4.1	7.994902082991487
24	30	15.5	8.600261037833048
24	31	12.1	7.345914977681297
24	32	9.1	8.816859896009978
24	33	1.0	8.298381855493753
24	34	6.8	12.600637069178358
24	35	4.6	12.3475629925708
24	36	6.8	10.73568684621409
24	37	1.8	14.236723172307137
24	38	6.8	14.64902350626174
25	1	796.8	7.851067858186516
25	2	1232.3	9.347976699187893
25	3	819.0	7.1236731218911
25	4	1232.4	8.270092263345784
25	5	333.6	16.607538205039553
25	6	517.8	14.535653530153017
25	7	283.8	13.530089047823456
25	8	1.0	15.36461309707939
25	9	1.0	12.484971468474805
25	10	91.8	10.046519289412059
25	11	1.0	9.739913476156595
25	12	54.3	7.808798512409512
25	13	37.5	7.5106900133698336
25	14	1.0	6.731158994530601
25	15	359.8	7.142178227405815
25	16	18.3	6.120311615252595
25	17	1.5	10.48032269790878
25	18	131.3	12.761059753100863
25	19	82.3	15.320502480343855
25	20	292.6	20.582747004020714
25	21	229.1	18.847323057426863
25	22	163.3	17.385318785073384
25	23	31.5	17.083965871876885
25	24	123.5	1.461093880089888
25	26	154.5	4.659693070467101
25	27	48.9	4.459639842630811
25	28	171.8	4.4597821639982405
25	29	117.5	6.893552738293747
25	30	195.3	10.061354917922928
25	31	211.1	7.4604568416797115
25	32	191.6	8.313839803125612
25	33	49.3	7.197032510796014
25	34	142.4	14.061730949268242
25	35	111.6	12.860632606066476
25	36	159.8	9.634337501516343
25	37	26.1	15.697817052397026
25	38	137.8	14.234204878082368
26	1	244.6	5.182869154635277
26	2	383.6	8.977816283737676
26	3	241.8	9.92600055646875
26	4	372.0	10.910763055894428
26	5	101.9	18.8604036753628
26	6	155.7	10.90025514538831
26	7	92.4	9.894757437345401
26	8	1.0	11.729281486601328
26	9	2.1	8.84963985799675
26	10	38.4	6.411187678934004
26	11	1.0	6.104581865678539
26	12	19.6	3.1491054419424103
26	13	15.4	3.1494949614380507
26	14	1.0	9.533486429108248
26	15	18.6	9.944505661983463
26	16	5.6	8.922639049830243
26	17	6.6	12.590485948073653
26	18	41.6	15.013925223424108
26	19	29.1	17.573367950667098
26	20	122.3	22.63220000400598
26	21	66.0	17.93718113986948
26	22	47.6	13.749990466256506
26	23	4.3	13.448637604720544
26	24	31.6	4.263421314667537
26	25	419.6	2.8023274345776485
26	27	13.1	5.3772254057886295
26	28	55.4	5.078984133924129
26	29	49.8	3.2582211278156925
26	30	58.6	11.210952008031352
26	31	61.2	7.911184160898244
26	32	59.0	5.2633449398353
26	33	28.3	3.5617009003179594
26	34	47.4	15.210510168302836
26	35	34.6	9.534425211544635
26	36	51.6	5.999005891038289
26	37	6.8	17.130239460101883
26	38	45.8	10.598873267604318
27	1	39.3	7.216151748742764
27	2	64.1	13.188162695182067
27	3	33.8	9.803132519545507
27	4	54.9	6.248247399728882
27	5	22.8	14.028353039242418
27	6	33.4	10.978677645951318
27	7	22.2	9.973113163621754
27	8	1.0	11.807637212877692
27	9	1.0	8.927995584273106
27	10	7.0	6.489543405210357
27	11	1.0	6.182937591954893
27	12	3.3	8.561570700510515
27	13	2.5	8.263462201470837
27	14	1.0	9.929029344826473
27	15	8.8	10.340048577701685
27	16	1.0	9.202058991383602
27	17	3.6	7.213260542285033
27	18	11.5	10.181874587303728
27	19	5.8	12.741317314546718
27	20	14.9	18.00356183822358
27	21	12.3	15.090906077725704
27	22	7.9	13.554263067120962
27	23	1.0	13.526989987675172
27	24	6.5	4.658964230385761
27	25	67.0	4.45943302385807
27	26	7.8	5.412465258568105
27	28	9.1	0.29839126606476096
27	29	8.6	3.3365768540920464
27	30	18.8	6.239227510606591
27	31	22.1	3.238431936411876
27	32	11.3	4.158534667110537
27	33	4.6	3.6400566265943133
27	34	11.2	10.238798715668043
27	35	7.6	8.400992763435665
27	36	7.8	6.077361617314643
27	37	1.3	12.542365084316222
27	38	9.9	10.677228993880659
28	1	135.4	6.917760482678004
28	2	238.8	12.889771429117305
28	3	89.3	10.101373791410015
28	4	179.4	6.546488671593386
28	5	78.1	14.326594311106922
28	6	116.3	10.680286379886557
28	7	86.7	9.674721897556992
28	8	1.0	11.50924594681293
28	9	24.1	8.629604318208344
28	10	26.6	6.191152139145597
28	11	1.0	5.884546325890132
28	12	9.8	8.263179434445753
28	13	15.1	7.965070935406076
28	14	1.0	10.227270616690978
28	15	75.8	10.638289849566187
28	16	6.3	9.500300263248125
28	17	34.3	7.511501814149539
28	18	43.3	10.480115859168233
28	19	24.1	13.039558586411221
28	20	102.5	18.301803110088084
28	21	38.6	15.389147349590216
28	22	25.1	13.529951573051427
28	23	19.8	13.228598721610409
28	24	14.1	4.957205502250267
28	25	257.4	4.459425351025244
28	26	16.1	5.114073992503343
28	27	7.6	0.2982412718645056
28	29	51.4	3.0381855880272854
28	30	59.3	6.537468782471108
28	31	116.1	3.299058270913407
28	32	34.3	4.018424224771259
28	33	26.6	3.3416653605295523
28	34	41.0	10.53703998753255
28	35	25.4	8.69923403530017
28	36	17.6	5.778970351249882
28	37	1.8	12.840606356180713
28	38	42.1	10.378837727815919
29	1	91.6	5.632194790636767
29	2	132.6	12.195797646210949
29	3	55.0	13.043650371188981
29	4	95.1	9.488765251372355
29	5	36.3	16.960793748835414
29	6	88.3	7.6421007918592725
29	7	41.6	6.636536309529707
29	8	1.0	8.471060358785644
29	9	6.1	5.591418730181058
29	10	2.0	3.152966551118311
29	11	1.0	3.1516816415259385
29	12	3.5	6.463151730645777
29	13	7.6	6.761759137901308
29	14	1.0	13.145750605571507
29	15	21.5	13.556769838446723
29	16	1.8	12.442576843027062
29	17	5.8	10.453778393928506
29	18	46.9	12.550283448295017
29	19	8.3	15.858167160246861
29	20	52.1	19.374025532986852
29	21	27.4	14.679026787498898
29	22	28.2	10.491836114012486
29	23	19.3	10.19048326257147
29	24	1.0	7.8756854911307945
29	25	191.9	6.414591611040906
29	26	2.0	3.6122641764632575
29	27	3.8	3.240517851643475
29	28	11.6	2.9422765797789694
29	30	17.3	7.95273088021565
29	31	34.1	4.6529630330825515
29	32	24.4	2.0051238120196078
29	33	21.5	0.3034797725022669
29	34	11.9	11.952289040487148
29	35	15.6	6.276204083728942
29	36	11.3	2.7407847632225963
29	37	7.8	13.872085112329849
29	38	16.6	7.340722268776965
30	1	143.3	13.319829869622984
30	2	314.5	19.291750770791324
30	3	89.1	10.854355284398142
30	4	219.3	7.578892233744708
30	5	131.1	9.192429729131911
30	6	105.9	12.313303646721
30	7	106.3	11.6569165575984
30	8	1.0	13.479863471164492
30	9	21.6	12.266376701045164
30	10	59.3	10.789771965390448
30	11	1.0	11.093320135573267
30	12	11.6	14.404790224693103
30	13	14.1	14.367140322351057
30	14	1.0	14.118327376873587
30	15	195.8	12.684367414759901
30	16	9.9	10.253281756236246
30	17	67.8	7.0954483898044565
30	18	51.0	4.597552568079375
30	19	56.4	7.905394004436211
30	20	259.5	12.104231579315428
30	21	76.6	9.452360335242144
30	22	39.4	13.447999294538851
30	23	1.3	14.45926577713818
30	24	27.6	8.599784953265528
30	25	233.6	9.947011283018727
30	26	19.8	11.516143379448316
30	27	9.4	6.103678120880217
30	28	41.8	6.402069386944978
30	29	48.6	7.941637431243416
30	31	246.4	3.2998665624642687
30	32	36.6	5.939476282473521
30	33	37.8	7.940284487185616
30	34	75.9	4.298745309861628
30	35	34.9	9.008604792891932
30	36	15.8	9.415568973156413
30	37	2.4	6.602270569173287
30	38	128.1	11.310065807059855
31	1	248.7	10.217163140432419
31	2	416.3	16.189174086871716
31	3	178.1	10.29857446655166
31	4	332.5	6.743689346735033
31	5	135.6	12.492197576265005
31	6	203.3	9.013532556366762
31	7	148.4	8.357112101387811
31	8	1.0	10.180064931766497
31	9	35.4	8.966541468650288
31	10	51.1	7.489905235227784
31	11	1.0	7.793453405410602
31	12	16.6	11.104923494530443
31	13	23.9	11.264473593160488
31	14	1.0	12.87257754264342
31	15	111.9	12.128586596913419
31	16	9.4	9.697500938389764
31	17	47.1	8.250917143686946
31	18	91.4	7.897320415212476
31	19	51.1	11.2051618515693
31	20	261.4	15.10483722523151
31	21	93.1	12.1508424997423
31	22	65.7	10.862008972583446
31	23	13.3	11.159399046975516
31	24	25.9	7.602512428202712
31	25	408.6	7.460444415547722
31	26	29.8	8.254035940347922
31	27	13.4	3.2417871950275807
31	28	55.6	3.2994026577544138
31	29	74.2	4.641771763884664
31	30	119.3	3.299844757807717
31	32	64.2	2.639610455482581
31	33	39.8	4.64041845661174
31	34	82.9	7.299339268270463
31	35	52.8	5.70873866889816
31	36	38.5	6.115703314136713
31	37	9.4	9.602864522716525
31	38	87.1	8.010199182589089
32	1	141.2	7.63435609903885
32	2	241.5	13.901820773681616
32	3	102.1	12.946413687614605
32	4	191.7	9.391528567797977
32	5	79.7	15.140113708002572
32	6	114.7	8.926826857870658
32	7	85.5	7.991822350686155
32	8	1.0	10.093359233270395
32	9	21.3	7.288746958807949
32	10	31.8	4.850294779745203
32	11	1.0	5.153842949928022
32	12	9.9	8.46531303904786
32	13	12.9	8.763920446303391
32	14	1.0	14.245568074368991
32	15	43.9	14.656587307244203
32	16	5.3	12.345340159452707
32	17	23.3	10.89875636474989
32	18	44.6	10.545236546950038
32	19	23.0	13.853077983306871
32	20	87.6	17.752664542711273
32	21	53.9	14.17215101052246
32	22	33.7	10.175382122578277
32	23	13.6	10.472772196970345
32	24	11.8	8.975502959928278
32	25	217.3	8.299306101533274
32	26	18.8	5.6144254848653405
32	27	9.6	4.3165387295425175
32	28	32.6	4.018297457678012
32	29	46.8	2.0021613084020826
32	30	67.8	5.9476839788706615
32	31	103.0	2.647839221062944
32	33	23.6	2.0008080011291587
32	34	41.1	9.94717212361665
32	35	31.8	5.0221118188929905
32	36	28.4	4.438112991849488
32	37	7.1	12.250703532569146
32	38	54.0	7.323572332583918
33	1	131.2	5.936105384257684
33	2	221.4	12.499732206572883
33	3	71.6	13.347560964809901
33	4	134.9	9.792675844993273
33	5	53.7	16.657384105321494
33	6	101.9	7.338621019357005
33	7	82.0	6.33305653702744
33	8	1.0	8.167580586283378
33	9	23.9	5.287938957678791
33	10	32.6	3.1506532783100503
33	11	1.0	3.455592235146855
33	12	9.4	6.767062324266694
33	13	13.4	7.065669731522224
33	14	1.0	13.449661199192423
33	15	43.0	13.860680432067635
33	16	5.1	12.746487436648001
33	17	16.3	10.757688987549423
33	18	25.6	12.54943787281537
33	19	21.4	15.857279309172206
33	20	116.1	19.070566349969717
33	21	35.9	14.375547014996634
33	22	31.7	10.188356341510218
33	23	7.0	9.887003490069203
33	24	11.6	8.17959608475171
33	25	151.1	6.718502204661822
33	26	15.6	3.9161747700841745
33	27	8.4	3.544428445264392
33	28	28.6	3.2461871733998864
33	29	47.1	0.30391059362091655
33	30	64.6	7.9518853047359945
33	31	88.4	4.652040546928277
33	32	31.9	2.004201325865334
33	34	43.2	11.95137981519875
33	35	31.3	5.972724311226676
33	36	27.1	2.43730499072033
33	37	5.3	13.56860533982758
33	38	47.9	7.037242496274697
34	1	256.3	17.323740692051565
34	2	507.2	23.29575487408567
34	3	136.8	15.15895754465333
34	4	388.4	11.883494493999894
34	5	206.3	5.392304024805575
34	6	181.2	12.9033713345855
34	7	208.4	12.914435754248565
34	8	1.0	13.279076192693417
34	9	77.8	12.873263209872913
34	10	57.1	14.79353749643563
34	11	1.0	15.097077824151711
34	12	32.9	18.408548299404504
34	13	38.1	18.371048473622587
34	14	1.0	18.175435267244765
34	15	221.1	16.988969675015085
34	16	13.6	14.557884016491432
34	17	102.5	11.400050650059642
34	18	145.3	8.52433100827649
34	19	121.2	6.6491161728516355
34	20	571.6	7.805486269453795
34	21	131.4	5.153615025380515
34	22	68.6	9.149253984677223
34	23	1.8	11.450884943567095
34	24	26.8	12.606017935004383
34	25	321.6	13.953244264757592
34	26	23.3	15.520057961074539
34	27	17.1	10.107592702506425
34	28	81.7	10.405983968571187
34	29	151.9	11.945396578382036
34	30	281.6	4.304602260255186
34	31	428.9	7.303648496671517
34	32	68.6	9.943235269979954
34	33	95.1	11.94404327110912
34	35	74.8	6.298373856517198
34	36	41.3	10.02262924291446
34	37	4.3	2.303525259311659
34	38	234.6	8.301685079180668
35	1	146.2	11.926453408871797
35	2	247.5	18.163649042498353
35	3	93.5	14.62103375749948
35	4	156.8	11.066148637682852
35	5	68.1	11.392480828176316
35	6	121.7	6.90314676909576
35	7	82.4	6.910784927159723
35	8	1.0	7.278851627203677
35	9	6.8	6.869612382784082
35	10	32.5	8.839573544449694
35	11	1.0	9.44594025976097
35	12	8.4	12.757410348880807
35	13	6.6	13.05601775613634
35	14	1.0	17.530860975470894
35	15	26.6	16.451045887861234
35	16	4.8	14.019960229337583
35	17	11.1	12.57337643463476
35	18	37.8	13.35064193800101
35	19	29.2	12.649292976222377
35	20	132.3	13.805663072824537
35	21	67.9	9.150039191629471
35	22	41.7	5.153270303685287
35	23	12.6	5.450660378077355
35	24	17.1	11.961443643230513
35	25	154.2	12.4050837743927
35	26	19.5	9.906522794698288
35	27	7.4	7.945650750534633
35	28	29.4	8.244042016599394
35	29	31.9	6.294258618235031
35	30	71.9	8.753089369921636
35	31	89.1	5.4532446121139175
35	32	39.1	5.023998413851863
35	33	19.8	5.990348024614114
35	34	41.7	6.298341151999933
35	36	34.6	4.018978415825617
35	37	7.5	8.303702062682401
35	38	63.8	2.3014605136909285
36	1	59.4	8.458247838857435
36	2	111.9	15.021875768352816
36	3	19.3	15.86970341940965
36	4	53.5	12.314818299593021
36	5	29.0	14.220008985612829
36	6	42.8	4.901316028636676
36	7	44.6	3.895751546307111
36	8	1.0	5.73027559556305
36	9	12.9	3.1492244274362657
36	10	5.0	5.37136797443533
36	11	1.0	5.977734689746606
36	12	3.1	9.289204778866445
36	13	7.9	9.587812186121978
36	14	1.0	15.971803653792175
36	15	39.3	16.382822886667388
36	16	1.6	15.268629891247754
36	17	13.3	13.279831442149172
36	18	24.3	15.071580327415122
36	19	17.3	16.357246526452414
36	20	95.3	16.633191230261044
36	21	18.1	11.938171895287967
36	22	11.9	7.750981221801549
36	23	1.3	7.449628370360537
36	24	2.3	10.701738539351462
36	25	61.6	9.240644659261575
36	26	1.0	6.438317224683925
36	27	2.3	6.066570899864142
36	28	13.4	5.768329627999637
36	29	24.4	2.8260530482206674
36	30	39.0	10.474027759335746
36	31	61.1	7.174183001528028
36	32	13.1	4.526343780465084
36	33	26.6	2.522142454599751
36	34	16.6	10.006294702229969
36	35	14.0	4.006102841257494
36	37	1.3	11.131230220118912
36	38	41.3	4.599867376566031
37	1	19.8	19.006650140333267
37	2	31.8	24.13815289652561
37	3	21.3	15.700909512974157
37	4	34.1	12.425446462320723
37	5	12.6	3.088778765493916
37	6	14.6	10.909549750864993
37	7	12.1	13.45200272369977
37	8	1.0	11.285254608972911
37	9	6.8	13.765564724480724
37	10	3.0	16.28609454440248
37	11	1.0	16.892461259713755
37	12	1.1	20.203931348833592
37	13	2.0	20.502538756089123
37	14	1.0	18.964881605449616
37	15	6.3	17.530921643335915
37	16	1.8	15.09983598481226
37	17	4.3	12.334723451365305
37	18	2.0	8.547765039275953
37	19	6.3	6.2628248621522715
37	20	23.8	5.501961010142136
37	21	8.1	3.149506005029834
37	22	5.8	7.154636579297168
37	23	1.0	9.45706335984659
37	24	3.3	13.776230444364527
37	25	27.3	15.12345677411773
37	26	4.5	17.35304379465107
37	27	1.8	12.405735336460392
37	28	5.8	12.7041364680102
37	29	8.1	13.740779618187815
37	30	11.0	6.602754759694192
37	31	16.1	9.601777313936376
37	32	5.6	12.24138776941896
37	33	1.3	13.4368690245669
37	34	13.1	2.2981524994390052
37	35	5.6	8.298362007327011
37	36	6.5	10.914726569967147
37	38	6.0	6.307863495460164
38	1	111.2	13.065110913364423
38	2	192.6	19.302272261730156
38	3	55.3	16.92176089892211
38	4	112.7	13.366875779105483
38	5	51.4	9.620141609046799
38	6	89.2	4.6016862554048314
38	7	71.1	7.144139228239608
38	8	1.0	4.977391113512748
38	9	19.6	7.457701229020562
38	10	17.6	9.97823104894232
38	11	1.0	10.584597764253594
38	12	6.4	13.896067853373435
38	13	9.4	14.194675260628966
38	14	1.0	19.831588116893524
38	15	43.8	18.751773029283864
38	16	4.9	16.32068737076021
38	17	17.3	14.874103576057395
38	18	38.9	15.079127882828832
38	19	27.3	12.794187705705152
38	20	106.2	12.033323853695018
38	21	42.1	7.338304518721933
38	22	29.4	3.151113845235521
38	23	1.0	3.1491998643864267
38	24	11.1	14.26217078465314
38	25	121.7	13.847505452584668
38	26	11.1	11.045180299190914
38	27	6.6	10.246377891957259
38	28	18.6	10.375192702506626
38	29	27.2	7.432916122727657
38	30	57.3	11.053816511344268
38	31	84.2	7.7539717535365495
38	32	25.1	7.324725555274495
38	33	24.6	7.12900552910674
38	34	31.1	8.300919002395105
38	35	21.4	2.300727141422632
38	36	19.1	4.606863074506989
38	37	2.3	6.531362843552883
