iteration 	 master_max 	 master_avg 	subnet_0_max 	 subnet_0_avg 	subnet_1_max 	 subnet_1_avg 	full_max 	 full_avg
0	0.0	0.0	0.0	0.0	0.0	0.0	0.0	0.0
1	180.64086982607765	16.09246382193032	60.64926222182912	6.004301899147458	82.65189997157594	7.389351503850628	96.89108911439251	7.661312639846303
2	87.22576787540316	6.787136019057291	60.64926222182912	5.839057443759046	56.28802184324201	5.139874631776314	86.33743138255801	7.499280428611548
3	63.20600450823335	4.881130644429876	50.85298860214224	4.446943646866113	49.793441097613474	4.622147410609596	89.95570230023012	6.512095961714977
4	52.395439200507894	4.255792149445803	41.970614543681364	3.7853230620481466	43.70552231611744	3.570131575211257	90.94931886649256	5.95066570237089
5	46.486024446873174	3.7428339992486017	35.661519610807794	3.5258608958573587	33.10657034447559	3.1761759582316853	82.17290199529346	5.030790675641112
6	35.522723164566145	3.5055168907055743	33.5246266898206	3.3023560075136134	31.5841750998084	2.8371991262303897	83.20589271215118	4.883858607913585
7	33.57275720909391	3.2376656251203624	27.829398339526477	3.1570410976224212	26.934595396613915	2.3237577829527387	82.00009235390861	4.697217419506298
8	34.477549151617595	3.13533506695986	38.83069744004128	3.0710342336820897	27.35845238384061	1.8916625807165135	77.21932326263155	4.423418448641198
9	30.525314952858906	3.168962997381311	27.958911678064396	2.5972446790199197	19.17944510154781	2.0252000211137546	75.18391235523535	4.049526802783429
10	32.53424441723291	2.9156700972251266	17.024212082446176	2.2028078168214575	16.011109889369656	1.9699826866916108	76.94623520660429	4.022579295913098
11	32.4529724770243	2.804765338676398	19.422934266522965	1.868592631562502	23.978224548638444	1.8369359773769658	68.84201818894681	3.8224514767727418
12	29.677160309454	3.190615972291594	13.105315040637066	1.4709132206160411	16.15174083994176	1.7378309728054704	66.40075187609918	3.6114222843951693
13	30.440450107458833	3.0557359843569434	11.99470351130772	1.1326476132319063	9.565452431957176	1.0642195611478398	58.82965338795836	2.9143786082399257
14	27.173656477510733	2.7587346684664658	11.248887157787905	1.0065766549321638	12.28506091979505	1.0223454923318058	55.740251198837136	2.6570400476077385
15	28.02533221420328	2.7810453344820583	8.951586466587514	1.100196356443528	10.036445357316154	0.7172895607228649	52.99324744372984	2.583592552203477
16	28.18649321264641	2.783505012161135	8.579488921414402	0.7294165027910893	6.682091488665211	0.523463489728872	52.71394313208282	2.3614166610140948
17	28.341243837730254	2.642679745758086	7.85647130744087	0.6793676476032892	5.304008872970996	0.4745110377887275	52.4396773187441	2.3415714282105835
18	28.326412204696304	2.612028513530436	6.388629843214375	0.526193862162501	7.116386596229177	0.40603292999081875	50.40106660707008	2.1901499129485136
19	27.647926415163376	2.6887378051118174	5.146285175647975	0.4215733961526049	5.531066487149177	0.38674656731588913	43.535767059747826	2.1062618840255776
20	28.283905644653558	2.669373063343702	4.715326726483909	0.3214627466294049	5.1495533254820565	0.27244244392677064	45.18897621692761	2.1563087668536687
21	28.712765931218982	2.718815847078384	5.402019071397294	0.31354774208057645	5.854727198105611	0.1539665594263561	43.862289793073096	1.9368776588291705
22	27.56221679981629	2.6585582952928872	4.80486207959801	0.25004486703802714	2.068800652431733	0.13225911895330822	44.458254159749366	1.9949034494586826
23	27.946530420673422	2.642857959521766	6.033762621671642	0.16201006090576117	1.9999104485519794	0.1344313831363393	45.08741287465902	1.9799330755843316
24	29.135246028153553	2.678663300538288	2.15147264265908	0.11522281027825805	2.2753234957007358	0.11906719895442348	45.51002030070645	1.964608361578172
25	28.547828868381917	2.65621587027752	2.038040924124253	0.11625817153871094	1.9588106481341612	0.08712443036689058	45.292604554808655	1.9849954458997674
26	28.6185161062918	2.674365754374349	1.8413114804911643	0.1045265114004076	1.6342742646834552	0.09184057148996226	46.03747288826765	2.0243796060575505
27	28.269693531813218	2.6771136407830607	1.297311204111125	0.08394509379726912	1.499196561107759	0.07828767953452746	45.07825356827991	2.0189100690874544
28	28.029266862341935	2.668764001510313	1.2271207344767276	0.09466543892332697	0.8722612677199919	0.051266616006324504	44.79329611202793	1.974648802116572
29	28.273777528838508	2.654650571140517	1.0671295315726113	0.07513334782564245	0.8063188119189562	0.04985989911746696	45.21514070801355	1.9597836133299704
30	28.585129695170593	2.6398267115949645	0.817675722824518	0.07221488203135541	0.7267506747209218	0.034749170175162616	44.78014661964158	1.9678373336358563
31	28.991737905509375	2.628933659160333	0.7495415784440027	0.04941046325519036	0.5484364053704454	0.03378428584939843	44.784553498704625	1.925704437342365
32	28.99708239290659	2.634533857151763	0.5518716788018523	0.04657874913144209	0.6041394721789324	0.02817998970788493	45.10711168066461	1.9221022568143085
33	29.079507048744663	2.6301881551692974	0.394264255386922	0.03941312241122959	0.44898615679821674	0.023830842417509577	45.10204028093145	1.9307946614527645
34	29.295280125897328	2.6313270814618486	0.33389890314619564	0.0333330199887946	0.4457938030560271	0.021996641055166754	44.916623768051664	1.9236112677799144
35	29.242481798648768	2.628241026750256	0.37460337511484454	0.031217810782537624	0.2641532807745861	0.01811410984234374	45.02042547859553	1.9153827975820277
36	29.46112344948049	2.62476832944708	0.23610461620733503	0.015081177745706791	0.2458095210998259	0.013289219541834577	44.726272670676195	1.896646489501207
37	29.4886306426923	2.621683174786585	0.2051042936862828	0.013193203452827533	0.20666676481813084	0.010716827971992478	44.73842807540586	1.8850178137759082
38	29.499547811026847	2.620138919978724	0.17065408818043437	0.01057254787791457	0.16957865958078244	0.008970836891999668	44.803214616926255	1.8989680531178528
39	29.491893825475813	2.612063483407532	0.1641096066285641	0.01148176688089895	0.13156810015367526	0.008734848723758851	44.73604950754151	1.8950790560157342
40	29.529053826946605	2.6122270037317095	0.14406604696644365	0.009148816876506536	0.16371190733332242	0.007853762604522517	44.73442582244077	1.8873762410547492
41	29.573073745046898	2.6124336791163256	0.12071348317888919	0.008169934586313325	0.11191693551007731	0.00854965268836645	44.7235654714907	1.8903437003081378
42	29.612212009321425	2.6121997369679772	0.10828877279793403	0.008428586677100723	0.13104013356338484	0.005728455222592055	44.7393624749129	1.8866575149815168
43	29.63846446151188	2.6108727811115924	0.07787776494627252	0.006445508388280663	0.09936285876449702	0.005242387844459291	44.68240524774211	1.9043984594941332
44	29.68342789976855	2.610007208620838	0.09355287397781709	0.00603185619014963	0.06007468288998652	0.003440310445075936	44.69066758021261	1.8754240161784688
45	29.682565015437916	2.609596253037781	0.06939316819323693	0.004950173364026775	0.05638475632241935	0.003093677547750873	44.65329158821917	1.8833998773740892
46	29.66924672422492	2.6084726236767404	0.06042125736625081	0.0045710407617596425	0.045707259177156345	0.0028456370953982985	44.66449165549169	1.8904139393096067
47	29.699494546761667	2.6090451330177773	0.0384414559481705	0.0034068298816482038	0.04885348426216396	0.0025351344941768597	44.65301257801397	1.8930358735020558
48	29.697920489971374	2.609182476813718	0.03333677469175811	0.0029463409553624853	0.034437834950530544	0.0024893914954604445	44.679361117990844	1.888069823713012
49	29.70102768214031	2.6096104711206793	0.028726541041631748	0.0033968191024025406	0.0321825861012357	0.002342975160117652	44.66357072230861	1.8866423485616293
50	29.708746058879303	2.6093046260333406	0.03138503236987589	0.0019424052676218636	0.031199403878346743	0.0014292180641396048	44.64831869409179	1.8696076688026801
51	29.711850772766155	2.6090467971239253	0.021713493393029637	0.0016436041048988755	0.021567183454266114	0.0010872639536378124	44.645659976701225	1.8797822426754116
52	29.715572988841345	2.609240181522767	0.018093581883679377	0.0016221754156527147	0.011775872664578912	8.034300792907471E-4	44.646298160298656	1.8905538954005991
53	29.714856278536587	2.6088279014115545	0.01502291856175475	0.0013486225146047393	0.013938751176020503	8.019709631671646E-4	44.63159950198997	1.8734491640669333
54	29.714017802877386	2.608830838156245	0.01299885179309257	0.001207477163552418	0.012565003713717715	6.093143545993409E-4	44.621513770696495	1.8739245800445137
55	29.71632391085234	2.603466368899552	0.01278522690874695	0.0010170794135511167	0.008518803546568421	5.549037244347672E-4	44.607278319630225	1.8895153888203866
56	29.714041564716403	2.603578362224424	0.0093174226426882	8.702960577156826E-4	0.010563902929440872	6.04531769223003E-4	44.59325996342224	1.8800803419261256
57	29.714280561261507	2.6163339789685227	0.013450303970998334	8.209312594030728E-4	0.007035867637348758	4.812162807874998E-4	44.585239404394386	1.863014327731215
58	29.713543087889306	2.574544570010947	0.007442571059790737	4.692904615972021E-4	0.007317906912909677	4.365839818733116E-4	44.56526472762901	1.8216293216872321
59	29.713558064457786	2.560122479293524	0.008047937422020368	5.042735334316729E-4	0.007175321961458536	3.3695638526318005E-4	44.55273168648244	1.832540759607748
60	29.711574122853463	2.5105421578674165	0.0064049127851006915	4.8606350628977764E-4	0.004924490717279184	2.2610290343689002E-4	44.53626993325186	1.8212127793164923
61	29.714700271766475	2.15626929872583	0.005436989786829827	4.177205602945028E-4	0.0054599784948159424	2.900933991220635E-4	44.518659953260205	1.6532435292325396
62	29.71520184896287	2.13010627500356	0.006787775587419276	2.078335570901009E-4	0.004025685154481096	1.8447948173516693E-4	44.50875171769673	1.6618766235552878
63	29.71368005707896	1.8090977902854444	0.0036221204163808807	1.8640334814261773E-4	0.0032199955730192187	2.0796211613319286E-4	44.49351338847303	1.4868046887073865
64	29.714328839859988	1.6204132123509147	0.0029205831054142095	2.2228016353241804E-4	0.0027404062191180856	1.4072471976488978E-4	34.14413101670066	1.3529687661094232
65	29.715373816053795	1.4853980462606258	0.002635053914652019	2.0439590818017815E-4	0.002359709303739521	1.2578656426187764E-4	34.140756890074286	1.314336428562889
66	29.715372296339204	1.2367328691896229	0.0019038766268266727	1.6640778240157702E-4	0.002128878201524742	1.1915833069295747E-4	36.06003192811807	1.1809597794998907
67	29.716142205526424	0.9846090446292595	0.002043697012602763	1.2024828082438246E-4	0.002140930953725473	1.1963431146300007E-4	36.440755365846144	1.1036325854246727
68	29.714917727878202	0.8618965330007383	0.001267101921392566	9.543777956707753E-5	0.001629267447491145	1.0175950529178194E-4	36.43738883817034	0.9909934365069158
69	29.71653263091952	0.7397380214701433	0.0014621673013621717	8.903613881204429E-5	0.0014692172882817545	7.285588559251967E-5	36.43473909724771	0.8736833854867472
70	29.71678872358577	0.6977379506705321	0.0013929887507728722	7.950153820700919E-5	0.0014803856590646092	7.62748009493115E-5	36.4305251311908	0.8398988939086247
71	29.716052668017664	0.5185574386810636	0.0011844431494623109	8.972814676447646E-5	0.0012529741133988637	5.9835096649906495E-5	36.42775113362041	0.7588491109247779
72	8.258759281945757	0.388483250468412	7.178992370953097E-4	6.642132514236432E-5	9.201614119405122E-4	5.327731010556032E-5	30.889386609458988	0.6438031725015155
73	8.221757789138621	0.31515079236476323	0.0010565010747711767	6.177713421198903E-5	0.001272620847252881	5.764000734746292E-5	30.87854339183265	0.6113324989448838
74	8.221760776150752	0.29577752683740005	5.801332104127255E-4	4.2311917671025874E-5	7.176632564309671E-4	4.686558824676342E-5	30.864198259861112	0.6008605085217296
75	8.221614132041346	0.2919357761459628	5.09189588321135E-4	3.7273534863839675E-5	7.117534543077397E-4	4.5613957501438575E-5	30.850977007670068	0.5852833501403354
76	8.220219456400102	0.23467927175799588	5.824191933925249E-4	3.500267520971097E-5	9.128914720868408E-4	3.863165247684476E-5	30.840259584345503	0.5785764610291119
77	6.237434045444587	0.15959456479944478	4.0122970378320133E-4	3.1046434398823655E-5	5.988416649955752E-4	4.232912227592667E-5	30.826067323793616	0.5306638312986408
78	6.2384560668708815	0.15079203163698962	2.6717267301279435E-4	2.2519595204936606E-5	5.602077233923808E-4	3.454711258663063E-5	30.813139343707633	0.5365350544866754
79	6.239294733039557	0.14188075336881656	2.2338320845705084E-4	2.220738031945798E-5	6.193913109626692E-4	3.6136598926733317E-5	30.80198212538096	0.5199932587544837
80	5.828216293073439	0.12180389052956037	3.202608689321096E-4	1.9889146243800678E-5	4.7233488166043003E-4	2.989284807558212E-5	30.78806433324273	0.5192637037283648
81	5.828327929662322	0.10252680670968885	2.1741896777172087E-4	1.5878631000136517E-5	4.1983968987935327E-4	2.846909908784698E-5	30.775095957313894	0.5109004665754667
82	5.828464534258721	0.09348330015711696	2.4022852058180888E-4	1.0124014068711545E-5	5.672584802169922E-4	3.0438754019916538E-5	30.763844504610866	0.5055964020641891
83	5.828671441950803	0.08910313866442951	1.4842372637957624E-4	9.220698896945201E-6	4.123317684587846E-4	2.3003558051577133E-5	30.75000582626349	0.5096963394311751
84	5.828744480813363	0.08313005845770506	1.3070548448723684E-4	1.1125408747747042E-5	3.3664900411878307E-4	2.078932810424486E-5	30.737123557654783	0.4900973068126679
85	5.176003991137179	0.060735319981879164	9.256741027030557E-5	7.77240504807441E-6	5.435334008581094E-4	2.6705141927127697E-5	30.725792265256032	0.48534406251315865
86	5.176366300101584	0.05955883061378215	9.463686322774834E-5	6.709241159839656E-6	3.8939187670194997E-4	1.858851085819136E-5	30.712102567281207	0.48211531043776396
87	5.177154303030939	0.055737168955749435	6.837672874482337E-5	5.444722272230084E-6	4.5558000542200716E-4	2.3611095022690876E-5	30.427620477547002	0.4767290543934445
88	3.7982820739011913	0.03099469329270697	5.326597028698643E-5	4.47953838883062E-6	3.748786648500868E-4	1.6034920857667147E-5	30.41400783705575	0.46840977319174654
89	3.798433169386282	0.031003532689657564	5.3405834471220714E-5	4.160635611723304E-6	3.2540522639834535E-4	1.7507155069663795E-5	30.40125628056328	0.4707457441342522
90	3.7984539174501784	0.02731208075530419	3.100630319607944E-5	2.7815526743649177E-6	4.5678720250919014E-4	2.2829465269799983E-5	30.389681133469637	0.4650791192258984
91	3.7982656318267836	0.025263715950929886	3.100630319607944E-5	2.785166083610437E-6	3.425843245210558E-4	1.455706359483869E-5	30.376233687165907	0.4625441344356215
92	3.7983995260914014	0.021489861144769494	3.0211627723986112E-5	2.5268845295991996E-6	2.640471610746431E-4	1.545503645878416E-5	29.283845488110686	0.4285463273588448
93	3.798426289720446	0.021499244271276828	2.995300225450137E-5	1.9875461655224098E-6	4.0906620665026594E-4	2.03850285518748E-5	29.272211560292718	0.4310490742716494
94	3.798253263250402	0.016843864037982312	2.335130400865637E-5	1.2601776579924924E-6	3.137905927346196E-4	1.337359076849756E-5	29.25886106386927	0.40772736306248464
95	3.7983820623570494	0.016864120006195096	2.8413387312298255E-5	1.907404388978068E-6	3.4881590689650466E-4	1.8550319856537375E-5	29.247060767698592	0.40972670123708316
96	3.7982428523916063	0.01539125795093967	1.3365466543291404E-5	1.1631007690754125E-6	2.863481548587288E-4	1.2437107546912012E-5	29.233744444358223	0.3997280251978549
97	3.7983648809594044	0.015395575294193768	1.3119898593316748E-5	1.136970267730291E-6	2.2698051409264508E-4	1.3224173262812515E-5	29.22107447032348	0.4001275920875327
98	3.798391209280826	0.01540603181093027	1.1082630770431479E-5	9.447703419129261E-7	3.2730357914800834E-4	1.6478440889737083E-5	29.20931600275926	0.39964359756343
99	3.7982558648228597	0.013921001051320023	1.337640777165916E-5	9.413465570538558E-7	2.6529758317295205E-4	1.1167431025036108E-5	29.196137294869068	0.3882346162478716
100	3.79836906110679	0.013922998777464057	9.361371219540615E-6	7.277759426029596E-7	2.0581243379069747E-4	1.1617465874635968E-5	29.18349721092669	0.38905824432577885
101	0.03189961536058661	2.1871050662432097E-4	8.53102633158187E-6	7.775837913299829E-7	3.1644176262801693E-4	1.5318462964739006E-5	29.17168232635514	0.3866291989973081
102	0.03190093384526449	2.0093852743591293E-4	9.729164219152153E-6	4.7365571626239195E-7	2.423109903020304E-4	1.0361576906814771E-5	29.158572525971856	0.3852183386832913
103	0.031900173451710145	2.132272094091609E-4	4.971012245391648E-6	3.567016777142158E-7	2.723173779131116E-4	1.403659516191089E-5	29.146626404867128	0.3839187558169046
104	0.03190131084417658	1.950914627402671E-4	5.284793527238207E-6	3.904857099048342E-7	2.2155790426836575E-4	1.0022348765002951E-5	29.13353318109379	0.3842205924116371
105	0.031900550438237474	1.9655289294580788E-4	4.176797453681047E-6	2.838888494870235E-7	8.716567005251363E-5	3.720561956654933E-6	29.120958271385177	0.3848469890803109
106	0.031900539671745776	2.0345490915827025E-4	3.746199467968836E-6	2.717360009541858E-7	2.5236396415095896E-4	1.1518367785549414E-5	29.109056828293994	0.3848062660168495
107	0.03190166026511321	1.88408930977962E-4	2.5306955819814902E-6	1.9414933687528594E-7	8.591513288891406E-5	3.339168758338411E-6	29.09607848192286	0.382726061436661
108	0.03190101350864438	1.911055826950128E-4	1.8725655834828103E-6	1.6122072524981704E-7	5.7714414978704554E-5	2.4366993672912313E-6	29.083469468616656	0.38426941688551564
109	0.03190101318917016	1.9847580712490867E-4	1.980245485810883E-6	1.7497711423144673E-7	8.246021427638084E-5	3.8306811362321605E-6	29.07144262810516	0.38215065457588326
110	0.03190204365575511	1.8426357215303764E-4	1.86964967952008E-6	1.5195923665869927E-7	6.131258413688556E-5	2.438491578131954E-6	29.058513489651858	0.3807695619889303
111	0.0319014523522938	1.853588333690334E-4	1.512449191665155E-6	1.1589093096782348E-7	4.840782442983027E-5	2.327761605902191E-6	29.045914534912747	0.3838501799175602
112	0.03190144906992742	1.9452564456221694E-4	1.5860986906091057E-6	1.0702684888517106E-7	7.68144536387183E-5	3.3329023375420577E-6	29.033867669475264	0.3830677052811568
113	0.031902410888037025	1.7827205733234524E-4	9.461972858559875E-7	6.754693064208722E-8	5.2060926151398235E-5	1.9971278538423015E-6	29.020981361433627	0.3827462501665048
114	0.03190183558548654	1.7925137709399073E-4	6.903004106106891E-7	5.68168442915209E-8	4.0186234922856556E-5	1.779476095352634E-6	29.00841208741118	0.3828333741083329
115	0.03190181896646749	1.910554377271182E-4	6.41994226668885E-7	5.5990176215288866E-8	6.68510096772934E-5	2.872348104859195E-6	28.996371451247278	0.3895321921921182
116	0.031902722431581765	1.7268438572165616E-4	5.795184350176896E-7	5.141545695447336E-8	4.3454732470138424E-5	1.562042187817028E-6	28.983531946060012	0.38077873324418376
117	0.031902151703576465	1.7402735473790744E-4	5.340794260177972E-7	4.125548441095883E-8	3.3637731544189364E-5	1.3160927033609448E-6	28.970982540286066	0.38337728402453225
118	0.03190210851171571	1.8769543277225904E-4	5.592484626504302E-7	3.6363435713676863E-8	2.7299169857997185E-5	1.2802562774146704E-6	28.958948909744812	0.38898113774676657
119	0.03190296915519042	1.6805066116073255E-4	3.227053184673423E-7	2.8049701038224824E-8	3.2999068587002967E-5	1.2657145428264257E-6	28.9461703491098	0.37926187037884995
120	0.03190240693136559	1.6954617159721337E-4	3.0396203953841905E-7	2.2929361097985717E-8	2.8339227707618875E-5	9.983760240599376E-7	28.933639495365625	0.38028992293031594
121	0.03190234595128061	1.844509818756382E-4	2.659258626636074E-7	2.1213211075171177E-8	2.3322545413151374E-5	1.0331761352307329E-6	28.921614838506045	0.3903693595975985
122	0.03190316669390825	1.642016219785764E-4	3.15943353257353E-7	2.2297671417394133E-8	1.3441515466894316E-5	4.545319503764654E-7	28.908896703048114	0.3773223890871251
123	0.03190262069996663	1.656211902623299E-4	2.7723283579916824E-7	1.8830433419993392E-8	1.1272721675226194E-5	2.9127829103731E-7	28.896390977585575	0.3770725638794292
124	0.03190254869142706	1.8126077311123316E-4	1.5188447122227444E-7	1.5077384778319467E-8	1.0153494514497652E-5	4.1280241239390055E-7	28.884352946035882	0.38811542043308145
125	0.03190332941603913	1.615139315687903E-4	2.379461889745471E-7	1.1967610867122648E-8	9.667975611193924E-6	4.2534740754176693E-7	28.871683907493306	0.3801652149544982
126	0.03190280621085151	1.6232104128582168E-4	1.1312404524232988E-7	9.82219416387962E-9	9.041056884484533E-6	2.69775937363337E-7	28.859197986802734	0.3794196860242388
127	0.03190272524540205	1.7826539275280965E-4	1.2596645859730415E-7	7.366361296980287E-9	9.100430986563879E-6	3.4032317859352007E-7	28.847161453909273	0.38783487516393117
128	0.03190346718542969	1.5904166378842024E-4	7.824490211305601E-8	6.868796567210825E-9	8.584235040132171E-6	4.0124909058421874E-7	28.834531836460613	0.37793627317937134
129	0.03190296627097666	1.594719024631489E-4	1.0399991623444294E-7	6.230660138695017E-9	7.5385241196102015E-6	2.545898250845393E-7	28.822066575174638	0.3788470200064319
130	0.0319028801147212	1.7539269536564637E-4	7.221544251478917E-8	5.458470693401267E-9	3.996489326141273E-6	1.3222655421959759E-7	28.810030665102452	0.38755459075832016
131	0.031903586006485796	1.567962448885741E-4	7.059157169919672E-8	3.912349904653209E-9	4.8446292453263595E-6	1.8304676574340107E-7	28.797441319145364	0.3757273418048103
132	0.031903108076107856	1.5697791135279695E-4	3.780004931286385E-8	3.0137813881929943E-9	3.8102764783332077E-6	1.1349779940707113E-7	28.784996620523387	0.3778027494657534
133	0.03190301961717523	1.7268164790183022E-4	4.075361559330304E-8	3.238347497250493E-9	3.6561827236880617E-6	1.1755809695071431E-7	28.772958577021093	0.386590044750832
134	0.031903691682153124	1.547175907745282E-4	3.604041154403603E-8	2.5282200914131694E-9	2.9211241248106035E-6	8.167245415057142E-8	28.760404827333062	0.37488868101083195
135	0.03190323675705997	1.5480832526460736E-4	2.6275195352809533E-8	2.4496735180530313E-9	3.2118257067281775E-6	1.0491054931180495E-7	28.747978672691467	0.3768915414239651
136	0.03190314786456838	1.7153675377667665E-4	2.6548590881247947E-8	1.6292463804226704E-9	3.4322450908064184E-6	9.523534410932193E-8	28.735937536274655	0.38681212788265373
137	0.03190378793898674	1.5319871989595134E-4	2.2181694703249377E-8	1.4777455670525269E-9	1.7329439074842412E-6	6.864941655574877E-8	28.723418743010868	0.3760784571792493
138	0.031903337153700306	1.520770879620049E-4	1.499945412319903E-8	1.2516074804768677E-9	1.116609904983079E-6	3.957701694933892E-8	28.711010018302822	0.37554897203363513
139	0.031903229413345	1.5189439143929587E-4	1.2219935285884276E-8	1.0114417976613163E-9	8.701238130015554E-7	4.300556173693811E-8	28.698694572523216	0.3760756432639559
140	0.031903223696886585	1.7027266141066727E-4	1.1093383989191352E-8	8.770370764888985E-10	1.6850018269565226E-6	3.79248852575773E-8	28.686662981555074	0.38595725207294374
141	0.03190381225454786	1.5236849350659483E-4	1.5600804204041196E-8	9.697822329171649E-10	6.331782103075057E-7	2.2361961985354592E-8	28.67418608889342	0.3740020607265817
142	0.0319033754514777	1.5021250886745443E-4	1.2056929676873551E-8	6.216374129401005E-10	5.3332969685016E-7	3.1103148970193223E-8	28.661806422546263	0.3748075222035461
143	0.031903254833011374	1.4991366392738158E-4	1.0098048619511246E-8	5.598861757358338E-10	2.5536253644986573E-7	1.418499292754507E-8	28.649508191150744	0.3823990416043435
144	0.03190322850238658	1.4974836586817338E-4	9.105839637868485E-9	4.46623768351786E-10	2.2093206553108757E-7	1.497544482610682E-8	28.637232416809937	0.38304361797218534
145	0.031903222535639486	1.4947825727329445E-4	6.426631671274663E-9	4.770217158310752E-10	2.4117312946714264E-7	1.579311306568677E-8	28.624964033139264	0.3827385599738312
146	0.03190321918513206	1.492288827814426E-4	4.055934255120519E-9	3.498560195221854E-10	2.74309023495789E-7	1.646887047203119E-8	28.612699183459405	0.3846039905995889
147	0.03190321363015869	1.489655292686226E-4	3.860208153128042E-9	3.482022031085635E-10	1.4551220672842646E-7	6.11907223632484E-9	28.60043893595516	0.3819344231056706
148	0.03190320801514446	1.4870657344219154E-4	4.306492940031603E-9	2.435306593108776E-10	1.5635299988048246E-7	6.159975634936206E-9	28.58818381684494	0.38202208132130244
149	0.03190320212374331	1.4845987345040714E-4	3.527460989971587E-9	2.2898994399667726E-10	2.1248795789574615E-7	6.383101913843051E-9	28.57593320013438	0.3826597420689786
150	0.031903195541559626	1.4821172530026303E-4	3.803236836574797E-9	1.6825353800190275E-10	2.2541425437339058E-7	6.3170261502584076E-9	28.56368792366804	0.3838537434974306
151	0.031903189235585216	1.479683523052823E-4	2.3613395683241833E-9	1.5794700587905376E-10	2.308938036321706E-7	6.350842267282231E-9	28.551447873750355	0.3818818039356034
152	0.03190318298474182	1.4773857221834388E-4	2.21672280531493E-9	1.3987450189598998E-10	2.280416104838423E-7	6.332563184055682E-9	28.539213059609764	0.38308325150218475
153	0.0319031767887239	1.4751141396267283E-4	2.020300371441408E-9	1.2688102264135168E-10	1.0995303156846603E-7	2.613111326746021E-9	28.52698343887357	0.3810906549474683
154	0.0319031706697217	1.4728771014666046E-4	1.1360512530700362E-9	1.0760965147397957E-10	1.1009369416115078E-7	2.591476427192743E-9	28.51475923722051	0.3805165632990191
155	0.03190316464407772	1.4706652922173572E-4	1.6529071444892907E-9	9.279455202765848E-11	1.1153489154480667E-7	2.56508126853767E-9	28.50254038645673	0.38171018987950184
156	0.031903158723835645	1.4684841104399408E-4	1.1093348462054564E-9	8.94582515933693E-11	1.1097895225020693E-7	2.6041130829707535E-9	28.49032692550381	0.38085391192440754
157	0.031903152911240795	1.466334361339533E-4	9.449649951420724E-10	8.801750710891632E-11	1.11599792518291E-7	2.5635586303324613E-9	28.478118877136495	0.3809552761925214
158	0.03190314720731635	1.464217058188048E-4	9.449649951420724E-10	8.742699944611844E-11	1.1062695293162506E-7	2.4042641563362227E-9	28.465916264312277	0.38198774933973606
159	0.031903141612232844	1.4621328206311412E-4	9.449649951420724E-10	8.742639000454322E-11	1.1054019566358875E-7	2.4839667584468506E-9	28.453719113551145	0.381527343417188
160	0.031903136125130516	1.460081521016463E-4	9.449649951420724E-10	8.74257900116746E-11	1.093135502117093E-7	2.335351490758668E-9	28.441527437494628	0.3816183566016753
161	0.031903130744645125	1.4580642245500368E-4	9.449649951420724E-10	8.742518529445267E-11	1.0801208105704063E-7	2.458048187931229E-9	28.42934125516286	0.38115837545255205
162	0.031903125469092686	1.4560809500165789E-4	9.449649951420724E-10	8.742458530158404E-11	1.0604025746374646E-7	2.43390953269887E-9	28.417160580787737	0.3809740100928363
163	0.03190312029641973	1.454131693124385E-4	9.449649951420724E-10	8.74240089304819E-11	1.0664004079785627E-7	2.426929508729543E-9	28.40498542523271	0.38052005778446496
164	0.0319031152244591	1.452217373061788E-4	9.449649951420724E-10	8.742341366196657E-11	1.0403429939742637E-7	2.372775390310525E-9	28.39281580876373	0.3803380580413789
165	0.03190311025105075	1.4503382174864228E-4	9.449649951420724E-10	8.742287981004409E-11	1.0307491749017572E-7	2.2390579203134065E-9	28.380651733477613	0.38015613701218515
166	0.0319031053741341	1.4484938667404788E-4	9.449649951420724E-10	8.742235068247491E-11	1.0140446349282684E-7	2.4133077327238E-9	28.368493211272877	0.3796997468677554
167	0.031903100591641476	1.4466833090646483E-4	9.449649951420724E-10	8.742184045231891E-11	9.953114243899108E-8	2.286291170674178E-9	28.356340255034567	0.3797791629286162
168	0.03190309590107887	1.4449056082697055E-4	9.449649951420724E-10	8.74213443952228E-11	9.821398094800315E-8	2.219432510790804E-9	28.344192858038653	0.3804188231839058
169	0.0319030913007623	1.4431612224778215E-4	9.449649951420724E-10	8.742082944071351E-11	9.68744338081251E-8	2.2632352822450333E-9	28.33205103202907	0.3808059793907751
170	0.03190308678919962	1.4414495336047332E-4	9.449649951420724E-10	8.742034283232399E-11	9.455757776777318E-8	2.1609671089587814E-9	28.319914792936416	0.37977614721025166
171	0.031903082364323154	1.4397691953342743E-4	9.449649951420724E-10	8.741991291617402E-11	9.331530392842069E-8	2.139381645043508E-9	28.30778412862565	0.37904461067660583
172	0.031903078024697606	1.438121179990759E-4	9.449649951420724E-10	8.741946410261088E-11	9.116357446714574E-8	2.102778736127749E-9	28.295659052959408	0.3788848959825801
173	0.031903073769044	1.436504342529291E-4	9.449649951420724E-10	8.741902001340103E-11	9.029085035194839E-8	2.0766724963027186E-9	28.283539566455403	0.3787036057065264
174	0.03190306959545097	1.43491837929364E-4	9.449649951420724E-10	8.741861371901755E-11	8.737171697248414E-8	1.8588974832915762E-9	28.271425671328082	0.37986489446641597
175	0.03190306550245481	1.433362751065281E-4	9.449649951420724E-10	8.741819325157418E-11	8.697042019889523E-8	1.8581109488933612E-9	28.259317372270836	0.3799561613853588
176	0.031903061488520734	1.4318369701680984E-4	9.449649951420724E-10	8.741784837378355E-11	8.50108214933698E-8	1.892245717336895E-9	28.247214668521046	0.37843384170346117
177	0.03190305755220635	1.4303406193923797E-4	9.449649951420724E-10	8.741746570116656E-11	8.23520061032923E-8	1.9157019446553045E-9	28.235117569393985	0.3776726753598809
178	0.03190305369210478	1.4288729549376126E-4	9.449649951420724E-10	8.741711609902263E-11	1.7286822640016908E-7	4.305435160707574E-9	28.22302611645121	0.37944452122438577
179	0.0319030499068802	1.359701770364035E-4	9.449649951420724E-10	8.741674287511223E-11	1.703677234843326E-7	4.0945078616516635E-9	28.210940210001155	0.3685358103103366
180	0.031903046196049445	1.35972936556305E-4	9.449649951420724E-10	8.741643579214796E-11	1.6894185961291441E-7	4.043979243325187E-9	28.19885990789915	0.36756856656424947
181	0.031903042558340644	1.3597556370976865E-4	9.449649951420724E-10	8.741610508741722E-11	1.6547666703559116E-7	3.9176134613942855E-9	28.18678521614406	0.3671197922057958
182	0.03190303899037872	1.3597800591253677E-4	9.449649951420724E-10	8.741581217751286E-11	1.618950555837273E-7	3.6970158097343185E-9	28.17471612320051	0.36640566087661164
183	0.031903035491282594	1.3598040226842623E-4	9.449649951420724E-10	8.741553816502167E-11	1.589823668268764E-7	3.757104611815862E-9	28.16265264190522	0.3672905960690575
184	0.031903032060206726	1.359825889725967E-4	9.449649951420724E-10	8.741522163335083E-11	1.5549767695688388E-7	3.886498924828741E-9	28.150594764958846	0.36657534084363574
185	0.031903028695843716	1.359847285698379E-4	9.449649951420724E-10	8.741500903745249E-11	1.5078445869676216E-7	3.7198962463318907E-9	28.13854249112312	0.3671639911095799
186	0.03190302539751144	1.359868266064914E-4	9.449649951420724E-10	8.741473030060801E-11	1.48122332177536E-7	3.753263483633649E-9	28.126495822415222	0.36618191773215053
187	0.03190302216369645	1.3598881221674538E-4	9.449649951420724E-10	8.741443739070363E-11	1.4777893042605683E-7	3.6450739233448787E-9	28.114454755373202	0.36576580140601317
188	0.03190301899289949	1.359907514430538E-4	9.449649951420724E-10	8.741420589739212E-11	1.440913166561586E-7	3.488592946373122E-9	28.102419295930943	0.36611661452501065
189	0.031903015884019226	1.3599261955557103E-4	9.449649951420724E-10	8.74139885771405E-11	1.4027591888066127E-7	3.4520625029606744E-9	28.090389446809922	0.36642963536771234
190	0.03190301283568431	1.3599437825440283E-4	9.449649951420724E-10	8.741374763512239E-11	1.3745222204875063E-7	3.4711109016334107E-9	28.078365196223658	0.3654494861413362
191	0.03190300984707051	1.3599609734121353E-4	9.449649951420724E-10	8.741356338534383E-11	1.3492420691818552E-7	3.348585285025788E-9	28.066346552397313	0.3653077939689059
192	0.0319030069172328	1.3599777194233875E-4	9.449649951420724E-10	8.74133460650922E-11	1.3289326972198978E-7	3.2799665087660895E-9	28.054333505850636	0.365392587343675
193	0.031903004044856687	1.3599943199656134E-4	9.449649951420724E-10	8.741316653966694E-11	1.2925693226861767E-7	3.277963187436602E-9	28.042326075041245	0.3649010198331716
194	0.03190300122865608	1.360009583675166E-4	9.449649951420724E-10	8.741294449506202E-11	1.2818638950307104E-7	3.0783345894134053E-9	28.03032423255793	0.3634451187341969
195	0.031902998467650434	1.3600254318145164E-4	9.449649951420724E-10	8.741276496963676E-11	1.2499840451596356E-7	3.1047335073234685E-9	28.018328006956054	0.36538188436712565
196	0.03190299576102262	1.360039594641452E-4	9.449649951420724E-10	8.741258071985821E-11	1.2271785010398162E-7	3.0346871328149753E-9	28.006337369927003	0.364404837985972
197	0.03190299310743683	1.360054332527289E-4	9.449649951420724E-10	8.741240119443295E-11	1.20166557593393E-7	3.032874656953564E-9	27.994352341213315	0.3636958626307293
198	0.031902990506274875	1.2185407895442644E-4	9.449649951420724E-10	8.741226891254065E-11	1.1700290158955795E-7	2.9234432184996183E-9	27.982372911374227	0.34625094193620554
199	0.03190298795605884	1.2174709957939715E-4	9.449649951420724E-10	8.741213663064836E-11	1.1639612651492826E-7	2.879638436028286E-9	27.970399075835658	0.34558501387181056
200	0.03190298545612791	1.2164224189507744E-4	9.449649951420724E-10	8.741196655392969E-11	1.135909499794252E-7	2.7328095052918314E-9	27.95843084340241	0.3451349468204128
201	0.031902983005338115	1.2153945101576224E-4	9.449649951420724E-10	8.741182954768409E-11	1.1164146229702965E-7	2.716156660974766E-9	27.946468203393493	0.34572736351792444
202	0.03190298060263075	1.2143866546975439E-4	9.449649951420724E-10	8.741165002225884E-11	1.0934527239214731E-7	2.7275191612265315E-9	27.934511166698655	0.3452962001542895
203	0.031902978247174474	1.2133984146506036E-4	9.449649951420724E-10	8.741154136213302E-11	1.0563142893715849E-7	2.6665989065988746E-9	27.922559722893205	0.3453400177400914
204	0.031902975938137956	1.2124299551111465E-4	9.449649951420724E-10	8.741139018282754E-11	1.0468357913850923E-7	2.5887281957511432E-9	27.91061387228666	0.34493662550602905
205	0.031902973674839075	1.211480667654524E-4	9.449649951420724E-10	8.741129097140832E-11	1.0308636078093514E-7	2.565218487918972E-9	27.898673612891542	0.3442565859937908
206	0.03190297145615517	1.2105502628071816E-4	9.449649951420724E-10	8.741115396516273E-11	9.99480747054804E-8	2.4268848105000633E-9	27.886738951181364	0.3455467146169143
207	0.03190296928104175	1.2096379236332407E-4	9.449649951420724E-10	8.741107365115669E-11	9.891476793200127E-8	2.3952293541166608E-9	27.874809874165905	0.3448991743079028
208	0.031902967148660366	1.2087437729345837E-4	9.449649951420724E-10	8.741096026667759E-11	9.648364951431176E-8	2.3627188915271906E-9	27.862886394886516	0.34572596846726444
209	0.031902965058307586	1.2078668113651384E-4	9.449649951420724E-10	8.741085160655176E-11	9.434970493771289E-8	2.334282716750143E-9	27.85096850347866	0.34453988276343633
210	0.031902963009152074	1.2070074402998639E-4	9.449649951420724E-10	8.741073822207266E-11	9.299277792251814E-8	2.20821976826051E-9	27.839056194762414	0.34356947913119323
211	0.03190296100064671	1.206165498334699E-4	9.449649951420724E-10	8.741064373500673E-11	9.143557377910838E-8	2.237101555853845E-9	27.827149475908	0.34418091381030574
212	0.03190295903166884	1.2053395431386852E-4	9.449649951420724E-10	8.741053035052761E-11	9.014058477418985E-8	2.1790364335065865E-9	27.815248345093686	0.34325209168313353
213	0.03190295710124502	1.2045299733935912E-4	9.449649951420724E-10	8.74104358634617E-11	8.708827792247575E-8	2.180800692077717E-9	27.803352801251073	0.3428242349706879
214	0.031902955208934713	1.2037361863818008E-4	9.449649951420724E-10	8.741036972251555E-11	8.515208094195259E-8	2.063841586079596E-9	27.791462835089867	0.34359246062167287
215	0.03190295335414817	1.2029586334120529E-4	9.449649951420724E-10	8.741030830592269E-11	8.379395666224809E-8	2.089986129155729E-9	27.779578453175425	0.34271565677735194
216	0.03190295153606115	1.2021960474283335E-4	9.449649951420724E-10	8.741023271626995E-11	8.248125382692706E-8	2.039686388883222E-9	27.767699656282502	0.34278594297742765
217	0.03190294975362917	1.2014485191067871E-4	9.449649951420724E-10	8.741012878049744E-11	8.04722226632748E-8	2.045489598016901E-9	27.75582643367227	0.3423584361228583
218	0.03190294800643301	1.2007158833927448E-4	9.449649951420724E-10	8.741006736390458E-11	7.881171981694024E-8	1.891181199008288E-9	27.743958791979978	0.34317682912261666
219	0.03190294629376211	1.1999978396737276E-4	9.449649951420724E-10	8.740999177425185E-11	7.767626541976824E-8	1.9009293624110235E-9	27.732096728280005	0.34225008517248917
220	0.03190294461472121	1.1992936851310402E-4	9.449649951420724E-10	8.740994925507218E-11	7.573346039180251E-8	1.8177070041739778E-9	27.72024024196039	0.34256954793804634
221	0.031902942968741854	1.1986033809603619E-4	9.449649951420724E-10	8.740987366541944E-11	7.487598807642826E-8	1.911346578085583E-9	27.708389330395022	0.3413970330046405
222	0.031902941355326675	1.1979267587069209E-4	9.449649951420724E-10	8.740980280012E-11	7.281346015020063E-8	1.7832147649595458E-9	27.696543992424303	0.341714952686865
223	0.031902939773893024	1.1972635941602537E-4	9.449649951420724E-10	8.740974138352714E-11	7.193596118781898E-8	1.7558951496625351E-9	27.684704224860752	0.3422132755958441
224	0.03190293822373036	1.1966136440279344E-4	9.449649951420724E-10	8.740969413999418E-11	7.063657037065241E-8	1.7296740164183152E-9	27.672870027949614	0.34160686139936297
225	0.031902936704085505	1.1959764700242535E-4	9.449649951420724E-10	8.740960437728155E-11	6.838003230313916E-8	1.7189075181618708E-9	27.661041405800262	0.33147517224372625
226	0.03190293521424792	1.1953514222573919E-4	9.449649951420724E-10	8.740956658245518E-11	6.81413858671931E-8	1.6766797621768844E-9	27.649218347573793	0.34125057274616266
227	0.03190293375387654	1.1947391675339756E-4	9.449649951420724E-10	8.740951461456892E-11	6.653761275288161E-8	1.5921269485569394E-9	27.63740085610369	0.34025504575624665
228	0.031902932322537936	1.1941391616298741E-4	9.449649951420724E-10	8.740950516586233E-11	6.550992992515603E-8	1.5463161905610796E-9	27.625588931462033	0.34032187348929793
229	0.03190293091932972	1.1935506896247343E-4	9.449649951420724E-10	8.740942012750299E-11	6.362027349382515E-8	1.4548583862682451E-9	27.61378256842167	0.34014222057207
230	0.031902929543683456	1.1929740773904403E-4	9.449649951420724E-10	8.740936343526343E-11	6.253364048802723E-8	1.5573134749273931E-9	27.60198177525548	0.330336132034231
231	0.03190292819512308	1.1924080932180157E-4	9.449649951420724E-10	8.740934926220355E-11	1.271514094014492E-7	4.444083541195731E-9	27.590186606684142	0.34077090049972625
232	0.03190292687319385	1.1918510909819535E-4	9.449649951420724E-10	8.740930201867059E-11	1.270317362411788E-7	4.501112172385964E-9	27.578396924330114	0.33968954876229007
233	0.0319029255789971	1.1913085229494724E-4	9.449649951420724E-10	8.740924060207774E-11	1.2552039407864868E-7	4.15587396263688E-9	27.566612810076755	0.3407495564911714
234	0.031902924312234404	1.1907765478133486E-4	9.449649951420724E-10	8.740920753160467E-11	1.2260277770792527E-7	4.3891539823099145E-9	27.554834255463234	0.34097475403120353
235	0.03190292306933884	1.1902545984988901E-4	9.449649951420724E-10	8.740915083936511E-11	1.2084851519489348E-7	4.156213452395747E-9	27.54306124770347	0.3396512654259316
236	0.03190292185019672	1.1897433051619429E-4	9.449649951420724E-10	8.74091602880717E-11	1.1770176300274215E-7	4.042239337955542E-9	27.53129379883017	0.33987205529658815
237	0.03190292065465883	1.1892416792719848E-4	9.449649951420724E-10	8.740908942277225E-11	1.1578103453757649E-7	4.104846844537479E-9	27.519531905103847	0.3388039445575951
238	0.03190291948222068	1.1887497720522748E-4	9.449649951420724E-10	8.740907052535907E-11	1.1289121459867602E-7	3.8964638982008636E-9	27.50777555670809	0.32979311634070235
239	0.03190291833284675	1.1882681061959425E-4	9.449649951420724E-10	8.740905635229918E-11	1.1036639335770815E-7	3.835706957353815E-9	27.49602475797837	0.33933372256407757
240	0.0319029172060894	1.1877956350486435E-4	9.449649951420724E-10	8.740901383311951E-11	1.0878688527782288E-7	3.912606576095671E-9	27.48427951691697	0.3389081412335628
241	0.03190291610128071	1.1873320446112993E-4	9.449649951420724E-10	8.740896658958655E-11	1.0688707163808431E-7	3.86052452052237E-9	27.472539816096763	0.32852798450471227
242	0.03190291501833542	1.1868782369719816E-4	9.449649951420724E-10	8.740895241652666E-11	1.0420648521858311E-7	3.634430881341612E-9	27.460805661857776	0.33816593335163636
243	0.03190291395699063	1.1864332256106928E-4	9.449649951420724E-10	8.740894769217337E-11	1.0248701443060781E-7	3.5274344980584573E-9	27.44907705194249	0.3382351382324361
244	0.03190291291646474	1.1859970104911277E-4	9.449649951420724E-10	8.74089004486404E-11	1.0025795305068641E-7	3.6093182302559213E-9	27.437353983953884	0.3379469227788278
245	0.03190291189638117	1.1855692440764613E-4	9.449649951420724E-10	8.740889099993381E-11	9.826207758578676E-8	3.309651926729826E-9	27.425636455956734	0.33837409227847304
246	0.03190291089642017	1.1851502614825053E-4	9.449649951420724E-10	8.740881541028107E-11	9.579940751791582E-8	3.3287784046374674E-9	27.413924470483252	0.3383263300896358
247	0.031902909916162514	1.1847390777563459E-4	9.449649951420724E-10	8.74087776154547E-11	9.463837713497014E-8	3.24654545387683E-9	27.402218025759645	0.33802067385698126
248	0.03190290895516057	1.1843361684574936E-4	9.449649951420724E-10	8.740878706416129E-11	9.218045704528777E-8	3.0422241426356668E-9	27.390517109310252	0.33883121207924716
249	0.03190290801330775	1.1839416369844386E-4	9.449649951420724E-10	8.740874454498162E-11	9.042256010616256E-8	3.110837150122133E-9	27.378821737421234	0.33766757779762635
250	0.03190290709005694	1.1835541987126088E-4	9.449649951420724E-10	8.740874454498162E-11	8.887545277502795E-8	3.139267730241635E-9	27.367131892609578	0.3373660839979171
251	0.03190290618489655	1.183174879693721E-4	9.449649951420724E-10	8.740869730144866E-11	8.718989974454416E-8	3.0432584452455557E-9	27.355447582134815	0.3375606602892707
252	0.03190290529781947	1.182802930017342E-4	9.449649951420724E-10	8.740870675015526E-11	8.591562661308672E-8	3.029961994543075E-9	27.343768800226258	0.3367646439318285
253	0.031902904428193324	1.1824384044507569E-4	9.449649951420724E-10	8.740871147450855E-11	8.264780504418923E-8	2.7865034783682047E-9	27.332095547772447	0.3372079517567298
254	0.031902903575691255	1.1820810527157899E-4	9.449649951420724E-10	8.740869730144866E-11	8.174282584150205E-8	2.822259930371578E-9	27.3204278242046	0.33689784998766553
255	0.03190290273992957	1.181730648993272E-4	9.449649951420724E-10	8.74086595066223E-11	8.060649747676507E-8	2.8039070739301527E-9	27.308765625720568	0.33696472012258266
256	0.03190290192065248	1.1813871673931266E-4	9.449649951420724E-10	8.740866423097558E-11	7.850657368635439E-8	2.721266455735558E-9	27.297108948078986	0.33629696119799424
257	0.031902901117653926	1.18105065691311E-4	9.449649951420724E-10	8.740864060920911E-11	7.72701476137172E-8	2.6532417783687604E-9	27.28545779731074	0.3363635077848415
258	0.031902900330450734	1.1807205665395189E-4	9.449649951420724E-10	8.740862171179592E-11	7.637722632125588E-8	2.65632510836598E-9	27.273812168785007	0.3359412349085778
259	0.031902899558687636	1.1803969867287223E-4	9.449649951420724E-10	8.740859809002944E-11	7.328453222044118E-8	2.6570599260178866E-9	27.262172056176368	0.3357634931809564
260	0.031902898802314894	1.1800797880493963E-4	9.449649951420724E-10	8.740859336567615E-11	7.222803333206684E-8	2.6179804341366787E-9	27.25053746307909	0.336319086198495
261	0.03190289806101276	1.1797690563231748E-4	9.449649951420724E-10	8.740856501955636E-11	7.144421587668148E-8	2.40505861528729E-9	27.238908382639643	0.33555576592196384
262	0.0319028973343336	1.179464564082767E-4	9.449649951420724E-10	8.740858864132285E-11	6.951442088620752E-8	2.4421546099522576E-9	27.227284821014706	0.3354745576906967
263	0.03190289662188661	1.1791657359693044E-4	9.449649951420724E-10	8.740855557084977E-11	6.857210266275615E-8	2.486818103110855E-9	27.21566677111157	0.3348100141958035
264	0.03190289592340889	1.1788728303439055E-4	9.449649951420724E-10	8.740855557084977E-11	6.630034121712924E-8	2.29343273940081E-9	27.204054229014673	0.3351195443278752
265	0.03190289523885781	1.1785860795890533E-4	9.449649951420724E-10	8.740855084649648E-11	6.495830362496235E-8	2.2786589274767493E-9	27.19244720203632	0.33469874180490833
266	0.03190289456777862	1.1783045936063067E-4	9.449649951420724E-10	8.740853194908329E-11	6.471588065437572E-8	2.1825364933571965E-9	27.180845678199567	0.3347648546542233
267	0.03190289390985157	1.1780289602760348E-4	9.449649951420724E-10	8.74085083273168E-11	6.377156225312319E-8	2.227853045532272E-9	27.1692496650681	0.33434447158411174
268	0.03190289326497009	1.1777584748818224E-4	9.449649951420724E-10	8.740848942990362E-11	6.215978842760705E-8	2.171885859051359E-9	27.157659156486112	0.33384292757480954
269	0.031902892632757585	1.1774933666782087E-4	9.449649951420724E-10	8.740849887861022E-11	6.064772151148645E-8	2.122437915341982E-9	27.14607414694109	0.33472029264054765
270	0.03190289201317853	1.177233772034682E-4	9.449649951420724E-10	8.740847053249044E-11	5.967971361542368E-8	2.1435575244635027E-9	27.134494642916266	0.33332918217303587
271	0.03190289140584923	1.1769789626020205E-4	9.449649951420724E-10	8.740846108378385E-11	5.842898787022932E-8	2.0427323291308564E-9	27.122920637044416	0.3336369006626194
272	0.031902890810449946	1.1767294820631489E-4	9.449649951420724E-10	8.740848470555034E-11	5.6972911721686614E-8	1.9611142717214545E-9	27.11135212785053	0.3240750838970224
273	0.0319028902268812	1.1764848160791312E-4	9.449649951420724E-10	8.740846580813714E-11	5.68094691288934E-8	2.061991688506737E-9	27.099789117745935	0.33279987899229413
274	0.03190288965473087	1.1762448017195357E-4	9.449649951420724E-10	8.740846108378385E-11	5.515260426136592E-8	1.933277202784961E-9	27.08823160242236	0.33310707030993886
275	0.03190288909387817	1.1760098005599817E-4	9.449649951420724E-10	8.740844691072396E-11	5.383332180031175E-8	1.883810788009012E-9	27.076679577589417	0.3329306215754684
276	0.03190288854421652	1.1757793605023539E-4	9.449649951420724E-10	8.740844691072396E-11	5.261138369405671E-8	1.8644531441069555E-9	27.06513304782129	0.33244801566322996
277	0.0319028880053267	1.175553367742082E-4	9.449649951420724E-10	8.740842328895748E-11	5.2176932996417236E-8	1.78713095536315E-9	27.053592004693	0.3320325338332216
278	0.031902887477059494	1.1753319487173934E-4	9.449649951420724E-10	8.740842801331078E-11	5.036025640947628E-8	1.7446200645088726E-9	27.04205645031245	0.33264350609170223
279	0.03190288695927279	1.175114909548534E-4	9.449649951420724E-10	8.740842801331078E-11	5.012280368532629E-8	1.692161230857741E-9	27.03052638259097	0.3322256332033788
280	0.03190288645163264	1.1749020993779454E-4	9.449649951420724E-10	8.740844218637066E-11	4.896792660247229E-8	1.7142963015400707E-9	27.019001800404	0.331808447803681
281	0.03190288595398272	1.174693443884543E-4	9.449649951420724E-10	8.740840911589759E-11	4.883543880396246E-8	1.6508991353740866E-9	27.007482700618418	0.3321149853184317
282	0.031902885466188025	1.1744890048776356E-4	9.449649951420724E-10	8.740843273766407E-11	9.7107662355711E-8	5.234237112115527E-9	26.99596917316765	0.3326647883584696
283	0.03190288498802829	1.1742839542284098E-4	9.449649951420724E-10	8.74083902184844E-11	9.737680883858957E-8	5.1235991027705915E-9	26.984461026143684	0.3329738564008211
284	0.03190288452130119	1.1740891910547108E-4	9.449649951420724E-10	8.74083902184844E-11	9.607223816487931E-8	5.023526751924676E-9	26.972958368865235	0.33255462284172743
285	0.03190288406656805	1.1738972460838443E-4	9.449649951420724E-10	8.740837132107122E-11	9.408826784351731E-8	4.954831626472848E-9	26.961461186920644	0.3318941757886754
286	0.03190288361916771	1.1737088871971405E-4	9.449649951420724E-10	8.740837604542451E-11	9.244465104529809E-8	4.853466937819173E-9	26.949969477589136	0.3326874576476206
287	0.031902883179469654	1.1735242681533248E-4	9.449649951420724E-10	8.740837132107122E-11	9.038701875851984E-8	4.752158433466683E-9	26.938483238567272	0.3313010672335172
288	0.03190288274773678	1.1733430238681486E-4	9.449649951420724E-10	8.74083949428377E-11	8.84305570991728E-8	4.468327491717143E-9	26.927002470468437	0.3308464824971612
289	0.03190288232401173	1.1731654161095754E-4	9.449649951420724E-10	8.740837132107122E-11	8.72410730323736E-8	4.45926428595836E-9	26.91552717251006	0.33143226828064565
290	0.03190288190828028	1.1729910773169598E-4	9.449649951420724E-10	8.740838549413112E-11	8.539343099300822E-8	4.41357272176563E-9	26.904057342764126	0.330774338392723
291	0.03190288150051401	1.172820085364878E-4	9.449649951420724E-10	8.740834769930474E-11	8.308824206437748E-8	4.303469952486562E-9	26.892592978909832	0.33059892313452377
292	0.03190288110081241	1.1726526616083973E-4	9.449649951420724E-10	8.740834297495144E-11	8.177828902944384E-8	4.100765871017631E-9	26.881134079473064	0.3316028776945976
293	0.03190288070904046	1.1724884558575677E-4	9.449649951420724E-10	8.740836187236463E-11	7.993707384912341E-8	4.219029921291939E-9	26.869680642612686	0.33024833408359267
294	0.03190288032494948	1.1723274304397505E-4	9.449649951420724E-10	8.740835714801133E-11	7.760281306445904E-8	4.09634746406688E-9	26.85823266718718	0.331278686722259
295	0.031902879948489726	1.1721697524730412E-4	9.449649951420724E-10	8.740834297495144E-11	7.694877268704658E-8	4.017640657148592E-9	26.846790148677734	0.33110295376815985
296	0.031902879579519094	1.1720153035527538E-4	9.449649951420724E-10	8.740836187236463E-11	7.471948038073606E-8	3.9349335366317295E-9	26.835353089672303	0.3297230537165663
297	0.031902879217753366	1.1718635505116067E-4	9.449649951420724E-10	8.740832880189156E-11	7.391970413550553E-8	3.85041065698033E-9	26.823921484990123	0.3307517299342369
298	0.03190287886302201	1.1717150499481954E-4	9.449649951420724E-10	8.740835714801133E-11	7.27225675234422E-8	3.7142544550818385E-9	26.812495334389126	0.32959722287582893
299	0.03190287851538187	1.1715694500658095E-4	9.449649951420724E-10	8.740832880189156E-11	7.139458446658864E-8	3.69301494030474E-9	26.8010746368289	0.32967837790304405
300	0.031902878174527416	1.1714265389760671E-4	9.449649951420724E-10	8.740833825059815E-11	7.005185764796806E-8	3.548122595731229E-9	26.78965938804997	0.32877219338707286
301	0.031902877840394694	1.1712867690723222E-4	9.449649951420724E-10	8.740833352624485E-11	6.848663858249893E-8	3.4325302451256658E-9	26.778249589968304	0.3290792123460746
302	0.03190287751288423	1.1711494509389455E-4	9.449649951420724E-10	8.740833825059815E-11	6.645777261837793E-8	3.4803165448048247E-9	26.76684523841861	0.3291537801363486
303	0.03190287719174023	1.1710148288759592E-4	9.449649951420724E-10	8.740832880189156E-11	6.617453962576292E-8	3.4665486103647354E-9	26.755446331890624	0.3285002117071921
304	0.03190287687706217	1.1708830618811742E-4	9.449649951420724E-10	8.740833825059815E-11	6.472147262570616E-8	3.3175085288876016E-9	26.74405286757308	0.3290442783245668
305	0.03190287656867952	1.1707539168548224E-4	1.2065690420115516E-6	3.3326279933645843E-9	6.317439726899465E-8	3.3561772848035898E-9	26.732664846854576	0.32935007096684793
306	0.03190287626632937	1.1706272072457237E-4	9.449649951420724E-10	8.740847525684373E-11	6.225387494396273E-8	3.2656822392095593E-9	26.721282265050448	0.32797734038750215
307	0.03190287596991226	1.1705030157607932E-4	1.159418282270508E-6	3.2058295275703055E-9	6.050400358503794E-8	3.199535789182187E-9	26.709905121332156	0.32924095532051145
308	0.03190287567936423	1.170381316182171E-4	9.449649951420724E-10	8.740846108378385E-11	5.969890892743024E-8	3.081143557312733E-9	26.69853341364975	0.3281067538601109
309	0.03190287539455028	1.170262121968418E-4	1.1140680342691667E-6	3.08379601245299E-9	5.782744949556218E-8	3.002180681684031E-9	26.68716714129041	0.3286511665792434
310	0.03190287511530698	1.1701449869565254E-4	9.449649951420724E-10	8.740844218637066E-11	5.648872303254393E-8	3.0214836979485885E-9	26.675806302698312	0.32775838722704054
311	0.03190287484156329	1.170030305611683E-4	1.0705424458024027E-6	2.9667985233777806E-9	5.62653710289851E-8	2.937020224662306E-9	26.664450893514832	0.3278232731610093
312	0.031902874573290774	1.1699180393625717E-4	9.449649951420724E-10	8.740844691072396E-11	5.586590390294077E-8	2.8901635692098658E-9	26.653100915062367	0.32717187786875357
313	0.03190287431031891	1.1698077625894247E-4	1.0286674765325188E-6	2.8541609141217782E-9	5.3905903740769645E-8	2.739366813386823E-9	26.641756363494387	0.3272530518285049
314	0.0319028740525269	1.1696999197072901E-4	9.449649951420724E-10	8.74083949428377E-11	5.286151960604002E-8	2.769704548398316E-9	26.63041723739954	0.3265865423350252
315	0.03190287379980816	1.169593952876846E-4	9.884317186958924E-7	2.745899831821382E-9	5.1882999230201676E-8	2.702361393744088E-9	26.61908353685604	0.32760522136175546
316	0.03190287355201349	1.1694901286782968E-4	9.449649951420724E-10	8.740843273766407E-11	5.0992532862892404E-8	2.658630863559653E-9	26.607755257767295	0.32743116846029774
317	0.03190287330916419	1.1693884572683845E-4	9.497969202243439E-7	2.6420399184014294E-9	4.981960088912274E-8	2.632022105111727E-9	26.5964323995654	0.32797593534967956
318	0.0319028730711679	1.1692887211337697E-4	9.449649951420724E-10	8.74083949428377E-11	4.866424774263578E-8	2.542339179015632E-9	26.58511495898722	0.32636812638864904
319	0.031902872837846985	1.1691910154074377E-4	9.126568656370182E-7	2.542131185538944E-9	4.7866166141830035E-8	2.5374604624940302E-9	26.573802936119208	0.3264326378816549
320	0.031902872609144595	1.1690951898185464E-4	9.449649951420724E-10	8.74083949428377E-11	1.295609273199716E-7	5.507148126228822E-9	26.562496426454807	0.3260529519800375
321	0.03190287238490441	1.1689973859482398E-4	8.768816108783994E-7	2.448293841666479E-9	4.826994270956675E-8	2.425206997203867E-9	26.55119512772896	0.32608577984158904
322	0.031902872166995166	1.1689102626039183E-4	9.449649951420724E-10	8.740837604542451E-11	4.5405858628555507E-8	2.3979799223971716E-9	26.539899356695443	0.3256749169298785
323	0.03190287195423025	1.1688195462991176E-4	8.427806257316206E-7	2.353271523497491E-9	1.2247812009036352E-7	5.542241311601061E-9	26.528609078215034	0.32717106430604237
324	0.031902871741479544	1.1687266975535238E-4	9.449649951420724E-10	8.740835714801133E-11	1.237362141637277E-7	5.517548388148633E-9	26.517324107793797	0.31615268026566523
325	0.03190287153528004	1.168640908708299E-4	8.096004115998312E-7	2.267211637545206E-9	1.1948327838240402E-7	5.478964587020845E-9	26.50604455026007	0.3261066064323926
326	0.031902871336392025	1.1685567709399488E-4	9.449649951420724E-10	8.740833352624485E-11	1.1833333957156356E-7	5.491584997440879E-9	26.4947704000336	0.32545741503126996
327	0.03190287114018986	1.1684734453922219E-4	7.779738027124949E-7	2.1807671360400215E-9	1.1506646302450463E-7	4.984281641364984E-9	26.483501643599112	0.32556968644105405
328	0.03190287094682276	1.1683927911453397E-4	9.449649951420724E-10	8.740834769930474E-11	1.1324133808443548E-7	5.2190985629772746E-9	26.47223829538649	0.31522145727566386
329	0.031902870756553625	1.1683122853812731E-4	7.475209997664933E-7	2.0981149506039405E-9	1.1007838196519515E-7	5.054973810031189E-9	26.46098034146516	0.3251759107902346
330	0.031902870569339825	1.1682339902291111E-4	9.449649951420724E-10	8.740833825059815E-11	1.0881604239898479E-7	5.0646361377679286E-9	26.449727788542845	0.3250029814116645
331	0.031902870385856374	1.168156864601637E-4	7.183537675814478E-7	2.019617278267727E-9	1.0561037555589792E-7	4.696859485980306E-9	26.43848062530502	0.3250675954517325
332	0.03190287020591143	1.1680820454133872E-4	9.449649951420724E-10	8.740833825059815E-11	1.0446137466146865E-7	4.807381381118469E-9	26.427238862092835	0.3248946998956278
333	0.03190287002938419	1.1680077378717914E-4	6.902005011966139E-7	1.9437172640757304E-9	1.0328303190476618E-7	4.816623616715472E-9	26.416002490423125	0.3159790147772399
334	0.03190286985609703	1.167935066768593E-4	9.449649951420724E-10	8.740832407753826E-11	1.0051795840126942E-7	4.559195825210831E-9	26.404771506770615	0.3240753683830614
335	0.03190286968651179	1.1678641460992234E-4	6.632569480302664E-7	1.871403778206178E-9	9.784822552205696E-8	4.33966589136751E-9	26.393545907895522	0.3243765206201439
336	0.031902869520394006	1.1677952185967505E-4	9.449649951420724E-10	8.740830990447836E-11	9.630283059891553E-8	4.262413121936205E-9	26.382325699724127	0.3234945272308967
337	0.03190286935724629	1.1677267414842381E-4	6.371801504201358E-7	1.800897010449515E-9	9.503461839699412E-8	4.428871260069686E-9	26.37111087936991	0.32379477035877074
338	0.03190286919695495	1.1676592936992005E-4	9.449649951420724E-10	8.740832880189156E-11	9.179559157246331E-8	4.241997333562398E-9	26.359901436573388	0.32362248055621473
339	0.03190286904009554	1.1675941313322141E-4	6.123912257294251E-7	1.7344834986829633E-9	9.021743707648966E-8	3.993077117281288E-9	26.348697375433524	0.32368672326115017
340	0.031902868886575675	1.1675300994861761E-4	1.2125735402435112E-6	3.3484069666989107E-9	8.927936079317078E-8	4.053711313854303E-9	26.33749869834881	0.3232781651078398
341	0.03190286873581272	1.1674666633865264E-4	9.449649951420724E-10	8.740841384025089E-11	8.674604856651058E-8	3.7642798646982175E-9	26.326305393915632	0.32224078317913635
342	0.03190286858793456	1.1674052156721319E-4	5.767701871661757E-7	1.6385709064189624E-9	8.54509174530449E-8	3.823569573191522E-9	26.315117468634803	0.32388047689319527
343	0.031902868443140164	1.167344533108535E-4	1.14217011670803E-6	3.1590419677991393E-9	8.386437144736192E-8	3.7199639284862057E-9	26.30393491828022	0.32347111866733635
344	0.03190286830111688	1.1672849320007065E-4	9.449649951420724E-10	8.740835714801133E-11	8.173435617209179E-8	3.638936782028972E-9	26.29275773640638	0.32211986191911324
345	0.03190286816203525	1.1672271207117794E-4	5.433108754004934E-7	1.5486427113316136E-9	8.090399816751415E-8	3.785700576065244E-9	26.28158593039702	0.31295892886562365
346	0.03190286802575315	1.1671697089457326E-4	1.075921957749415E-6	2.981085678650806E-9	7.953743974553618E-8	3.475798507871467E-9	26.27041948844746	0.32304428055484147
347	0.03190286789211427	1.1671141583449871E-4	9.449649951420724E-10	8.740838549413112E-11	7.742239560570852E-8	3.566890232483804E-9	26.259258415634037	0.3223109496408938
348	0.03190286776120388	1.1670592254428995E-4	5.117730097481399E-7	1.4638534054105145E-9	7.585909855833961E-8	3.5430232216096115E-9	26.248102707366215	0.3124389117777863
349	0.03190286763274486	1.1670054240832304E-4	1.0134699799380087E-6	2.8131285423619306E-9	7.463064122248397E-8	3.2436745847090246E-9	26.236952360787654	0.3219678138656628
350	0.031902867506914845	1.1669530689013049E-4	9.449649951420724E-10	8.740835714801133E-11	7.325681750103286E-8	3.4161449606256272E-9	26.225807379333595	0.3217963500615991
351	0.03190286738350778	1.1669011351090828E-4	4.82051149219842E-7	1.3839397425064184E-9	7.177608907227295E-8	3.2454152735972335E-9	26.21466775369477	0.32233184873928583
352	0.03190286726249525	1.1668507783868196E-4	9.545755901285702E-7	2.6546925178903434E-9	6.906010341367619E-8	3.1890008120176434E-9	26.20353348677247	0.32216018223993026
353	0.0319028671439483	1.1668011572894506E-4	9.449649951420724E-10	8.740835242365804E-11	6.835754362555235E-8	3.061466160267003E-9	26.192404575877596	0.32128246566133895
354	0.03190286702762535	1.1667526880652285E-4	4.540242066752853E-7	1.3084202802440858E-9	6.745199243596289E-8	3.0809308281844773E-9	26.181281021330264	0.320876775267691
355	0.031902866913540606	1.1667047990586645E-4	8.991256663648528E-7	2.5054094192099174E-9	6.595216461846576E-8	3.0305637492427276E-9	26.17016281738259	0.32094028220406096
356	0.03190286680170118	1.1666580688959568E-4	9.449649951420724E-10	8.740833825059815E-11	6.520566486756252E-8	2.8552508165610197E-9	26.15904996425853	0.3206444890658462
357	0.03190286669222786	1.1666123893226778E-4	4.276922815904527E-7	1.237683915409278E-9	6.339718794379223E-8	2.930316163631529E-9	26.14794246132034	0.3203642179982819
358	0.03190286658487196	1.1665673556791645E-4	8.46978515767205E-7	2.3652924306256096E-9	6.240168204385554E-8	2.9179806744142003E-9	26.13684030412186	0.31163068255208515
359	0.03190286647961216	1.1665233580109794E-4	9.449649951420724E-10	8.740833825059815E-11	6.065052460257903E-8	2.8140772017153453E-9	26.125743492311955	0.32025684015494027
360	0.03190286637654083	1.166480354025789E-4	4.028911035902638E-7	1.1710189604503753E-9	5.9405287800018414E-8	2.6464990823119495E-9	26.114652022422845	0.31985237387196147
361	0.03190286627545902	1.1664382261442002E-4	7.977338789544319E-7	2.2327666686973094E-9	5.8627239951647425E-8	2.712686323979056E-9	26.103565896817962	0.3101938482363543
362	0.03190286617625304	1.1663964912462945E-4	1.1848669529967992E-6	3.2738663456494263E-9	5.779027389962721E-8	2.557163048052662E-9	26.092485108855755	0.3202132574924762
363	0.03190286607896553	1.1663560694220287E-4	9.449649951420724E-10	8.740835714801133E-11	5.628944421687265E-8	2.571932036351558E-9	26.08140966076823	0.318642970516927
364	0.03190286598369596	1.1663160535358848E-4	3.7198119073877933E-7	1.08789224884065E-9	5.491584786909698E-8	2.3956861993629175E-9	26.070339546541014	0.31929749658550344
365	0.0319028658902738	1.1662771713320858E-4	7.36607983498061E-7	2.068426180741521E-9	5.459073193492259E-8	2.5042531291895508E-9	26.059274769302476	0.31019255220987485
366	0.03190286579872037	1.1662387079911551E-4	1.0941020178734107E-6	3.0298466549697665E-9	5.296642768826132E-8	2.43561925885087E-9	26.0482153232955	0.31906389348350606
367	0.0319028657089504	1.1662012235069928E-4	9.449649951420724E-10	8.740834297495144E-11	5.2120007865141815E-8	2.44327809712157E-9	26.03716120913137	0.3179640570375067
368	0.03190286562107758	1.1661643380512001E-4	3.4351527133935633E-7	1.0114069120608002E-9	5.0505512660947716E-8	2.193080829545392E-9	26.026112420617316	0.3186258836173984
369	0.03190286553494559	1.1661286045991228E-4	6.801900660491356E-7	1.916767943951529E-9	4.9968267745725825E-8	2.3425459921899893E-9	26.015068963583424	0.3183211175347084
370	0.03190286545044785	1.1660929588658803E-4	1.0102549161672414E-6	2.8044183670083546E-9	4.852051915804623E-8	2.127404489707739E-9	26.004030827635603	0.31805788610952146
371	0.03190286536752751	1.1660586298851516E-4	9.449649951420724E-10	8.740831935318497E-11	4.832508793128909E-8	2.109467720560966E-9	25.992998017625183	0.3179816998423673
372	0.03190286528632669	1.166024587497038E-4	3.1711090642261297E-7	9.402545580417775E-10	4.728543601117963E-8	2.2698758697563817E-9	25.98197053132688	0.31874343359037716
373	0.03190286520658958	1.1659909355559178E-4	6.2808427969685E-7	1.7766494510224148E-9	4.55659865394864E-8	1.9832943341315965E-9	25.97094835969	0.3175558337524997
374	0.031902865128579094	1.165958768270505E-4	9.328203702807514E-7	2.59614390053788E-9	4.5888942423744083E-8	2.0254705148419774E-9	25.95993151044179	0.3176208228196781
375	0.03190286505218154	1.1659265779861983E-4	9.449649951420724E-10	8.740827683400529E-11	4.42374421538716E-8	2.105061297403015E-9	25.94891997645935	0.30756420219062935
376	0.03190286497709849	1.1658950156785241E-4	2.929062929979409E-7	8.75326326586455E-10	4.3830549856238576E-8	2.035389386402216E-9	25.937913756389534	0.3180638879501084
377	0.031902864903671	1.16586446245045E-4	5.799967937036854E-7	1.647463239952187E-9	4.244396123453953E-8	1.911083352512109E-9	25.92691284766658	0.31696536577965945
378	0.03190286483177118	1.1658344729489597E-4	8.613655069211745E-7	2.404097227255629E-9	4.1650501714229904E-8	1.8791653455903725E-9	25.915917251620584	0.31695234342394224
379	0.03190286476113613	1.1658048735456744E-4	1.1371939088178351E-6	3.145824680791702E-9	4.016168730913705E-8	1.8116382864320902E-9	25.90492696247599	0.3166272215643392
380	0.03190286469178716	1.165775959524651E-4	9.449649951420724E-10	8.740832880189156E-11	4.041872614379827E-8	1.7986712007578175E-9	25.893941982571505	0.31668958244209405
381	0.031902864623837957	1.1657475361327383E-4	2.650650436919477E-7	8.003305324281199E-10	3.938713177831232E-8	1.8016783471543686E-9	25.88296230744661	0.31652058347563927
382	0.031902864557224575	1.1657196586517173E-4	5.24898691622866E-7	1.4991081469836872E-9	3.875909015960133E-8	1.751628954109013E-9	25.87198793591294	0.31612058084236677
383	0.03190286449198254	1.1656923715323892E-4	7.796090741862827E-7	2.1841195542499E-9	8.871956680422954E-8	4.432966234331444E-9	25.861018912635636	0.31634992286771707
384	0.03190286442809054	1.1656657544531753E-4	1.0289589162937318E-6	2.8552312223372624E-9	4.254623675592484E-8	1.9588962610629306E-9	25.85005509804698	0.31624523173146224
385	0.031902864365861205	1.165638811251572E-4	9.449649951420724E-10	8.740834297495144E-11	8.449197252957674E-8	4.511757259321049E-9	25.83909667078568	0.30585883551314913
386	0.03190286430513112	1.1656136125744937E-4	2.3998577347583705E-7	7.333419162648549E-10	9.05009507334853E-8	4.492100283340275E-9	25.8281434992169	0.3158501848283585
387	0.03190286424523947	1.1655880826766222E-4	4.7477578846155666E-7	1.3653026938037677E-9	8.904854809088647E-8	4.6573461123725E-9	25.817195621620456	0.31597017297188573
388	0.031902864187102864	1.1655627372025816E-4	7.053127433209738E-7	1.985947255143637E-9	8.722489752699403E-8	4.542372900563786E-9	25.806253029224237	0.3155704593637955
389	0.03190286413018839	1.1655391297775319E-4	9.313056708037948E-7	2.594078231700538E-9	8.615785418442101E-8	4.511579858477505E-9	25.795315733448035	0.3163275767249473
390	0.03190286407433973	1.165515186773132E-4	1.1528614045630547E-6	3.1901755189291073E-9	8.334843570878547E-8	4.326357830908626E-9	25.784383721881177	0.3152335504143125
391	0.03190286401915898	1.1654921290847538E-4	9.449649951420724E-10	8.740832880189156E-11	8.214724545041463E-8	4.338633941909727E-9	25.773457000829687	0.30506439591977097
392	0.031902863964987205	1.165469149363789E-4	2.1294001228966408E-7	6.603064773461024E-10	8.0368824484367E-8	4.255972910450865E-9	25.762535563225185	0.30557118885714346
393	0.03190286391171071	1.1654469127784665E-4	4.216257103450971E-7	1.2216164437477854E-9	7.859263817522333E-8	4.0523593763884595E-9	25.751619407908542	0.30535188545712416
394	0.03190286385953556	1.165425273277116E-4	6.260637483990195E-7	1.771351016155058E-9	7.738074359053826E-8	3.927517661057574E-9	25.740708536769212	0.3154447029218799
395	0.031902863808227266	1.1654036678049277E-4	8.265040598587348E-7	2.3103379437405724E-9	7.569677507035522E-8	3.958547827761261E-9	25.729802945179514	0.30483581896951445
396	0.03190286375779294	1.1653826269779719E-4	1.0230415554701722E-6	2.8388269382809584E-9	7.492831244348963E-8	3.876988474892919E-9	25.71890263149986	0.3046661364261599
397	0.03190286370839601	1.1653620175387558E-4	1.2156823565590003E-6	3.356824669984322E-9	7.284977598942532E-8	3.653957215408509E-9	25.70800759172728	0.3044561384702508
398	0.031902863659937	1.1653419583409818E-4	9.449649951420724E-10	8.740834297495144E-11	7.097812826373229E-8	3.651310353046109E-9	25.69711783012152	0.3038393820409251
399	0.03190286361238748	1.1653218815782801E-4	1.8508200128053431E-7	5.852356267893281E-10	6.9989962270256E-8	3.6234427770544066E-9	25.686233340174496	0.31441131693591234
400	0.03190286356578298	1.1653025081319131E-4	3.665826824317264E-7	1.0733388765739169E-9	6.873882085756122E-8	3.474546576380059E-9	25.675354119961767	0.31444815954146865
