Origin 	 dest 	 numPaths 	 lpath cost 	 spath cost 	 minCost 	 diff between lPath and sPath
1024	1001	1	28.164763978902513	28.164763978902513	28.164763978902513	0.0
1024	1004	1	28.47756152965306	28.47756152965306	28.47756152965306	0.0
1024	1006	2	40.79157311266083	40.79157311266083	40.79157311266083	0.0
1024	1007	1	26.535199466629745	26.535199466629745	26.535199466629745	0.0
1024	1008	1	32.318920784733166	32.318920784733166	32.318920784733166	0.0
1024	1009	1	40.767895235672526	40.767895235672526	40.767895235672526	0.0
1024	1010	3	39.003238546607626	39.00323854626328	39.00323854626328	3.4434322060405975E-10
1024	1011	1	26.69359884292838	26.69359884292838	26.69359884292838	0.0
1024	1012	1	20.132473630942403	20.132473630942403	20.132473630942403	0.0
1024	1013	1	17.109125462749482	17.109125462749482	17.109125462749482	0.0
1024	1014	1	13.099339467218368	13.099339467218368	13.099339467218368	0.0
1024	1015	3	25.65596717085902	25.65596717051468	25.65596717051468	3.4434322060405975E-10
1024	1016	1	27.647800529891196	27.647800529891196	27.647800529891196	0.0
1024	1017	2	37.4140218706388	37.414021869814704	37.414021869814704	8.240945703619218E-10
1024	1019	3	30.08556065359536	30.085560653251015	30.085560653251015	3.4434322060405975E-10
1024	1020	1	20.164052108798444	20.164052108798444	20.164052108798444	0.0
1024	1021	1	12.266932001578835	12.266932001578835	12.266932001578835	0.0
1024	1022	2	16.470841256296715	16.470841256017252	16.470841256017252	2.79463563401805E-10
1024	1023	1	3.876737897488695	3.876737897488695	3.876737897488695	0.0
1	2	1	20.097131609059304	20.097131609059304	20.097131609059304	0.0
1	1011	1	26.75231458857445	26.75231458857445	26.75231458857445	0.0
1	2006	1	17.178017370327524	17.178017370327524	17.178017370327524	0.0
2001	2002	1	6.00066520800025	6.00066520800025	6.00066520800025	0.0
2001	2003	1	4.0130370443357455	4.0130370443357455	4.0130370443357455	0.0
2001	2004	1	8.245066530501088	8.245066530501088	8.245066530501088	0.0
2001	2005	1	10.5959466812687	10.5959466812687	10.5959466812687	0.0
2001	2006	1	13.176026714327525	13.176026714327525	13.176026714327525	0.0
2001	2012	1	8.050175164297885	8.050175164297885	8.050175164297885	0.0
2001	2013	1	11.092652633059298	11.092652633059298	11.092652633059298	0.0
2002	2001	1	6.000739717325934	6.000739717325934	6.000739717325934	0.0
2002	2003	1	10.01377676166168	10.01377676166168	10.01377676166168	0.0
2002	2004	1	14.245806247827023	14.245806247827023	14.245806247827023	0.0
2002	2005	1	16.596686398594635	16.596686398594635	16.596686398594635	0.0
2002	2006	1	7.175361506327276	7.175361506327276	7.175361506327276	0.0
2002	2012	1	14.050914881623818	14.050914881623818	14.050914881623818	0.0
2002	2013	1	17.093392350385233	17.093392350385233	17.093392350385233	0.0
2003	2001	1	4.006923595507386	4.006923595507386	4.006923595507386	0.0
2003	2002	1	10.007588803507636	10.007588803507636	10.007588803507636	0.0
2003	2004	1	4.2320294861653425	4.2320294861653425	4.2320294861653425	0.0
2003	2005	1	6.582909636932954	6.582909636932954	6.582909636932954	0.0
2003	2006	2	17.18295030983491	17.18294994325223	17.18294994325223	3.665826824317264E-7
2003	2012	1	4.0371381199621394	4.0371381199621394	4.0371381199621394	0.0
2003	2013	1	7.079615588723554	7.079615588723554	7.079615588723554	0.0
2004	2001	1	8.282661272348099	8.282661272348099	8.282661272348099	0.0
2004	2002	1	14.283326480348348	14.283326480348348	14.283326480348348	0.0
2004	2003	1	4.275737676840713	4.275737676840713	4.275737676840713	0.0
2004	2005	1	2.350880150767612	2.350880150767612	2.350880150767612	0.0
2004	2006	1	12.950920457086887	12.950920457086887	12.950920457086887	0.0
2004	2012	1	8.312875796802853	8.312875796802853	8.312875796802853	0.0
2004	2013	1	11.355353265564268	11.355353265564268	11.355353265564268	0.0
2005	2001	1	10.680199598037866	10.680199598037866	10.680199598037866	0.0
2005	2002	1	16.680864806038116	16.680864806038116	16.680864806038116	0.0
2005	2003	1	6.673276002530479	6.673276002530479	6.673276002530479	0.0
2005	2004	1	2.3975383256897667	2.3975383256897667	2.3975383256897667	0.0
2005	2006	1	10.600040306319276	10.600040306319276	10.600040306319276	0.0
2005	2012	1	10.710414122492619	10.710414122492619	10.710414122492619	0.0
2005	2013	1	13.752891591254034	13.752891591254034	13.752891591254034	0.0
2006	2001	1	13.334733619528926	13.334733619528926	13.334733619528926	0.0
2006	2002	1	7.333993902202993	7.333993902202993	7.333993902202993	0.0
2006	2003	2	17.34777066745523	17.347770663864672	17.347770663864672	3.590557184907084E-9
2006	2004	1	13.072032990614517	13.072032990614517	13.072032990614517	0.0
2006	2005	1	10.67449466492475	10.67449466492475	10.67449466492475	0.0
2006	2012	1	21.384908783826813	21.384908783826813	21.384908783826813	0.0
2006	2013	2	24.427386256178785	24.427386252588228	24.427386252588228	3.590557184907084E-9
2012	2001	1	8.025098531664595	8.025098531664595	8.025098531664595	0.0
2012	2002	1	14.025763739664844	14.025763739664844	14.025763739664844	0.0
2012	2003	1	4.018174936157209	4.018174936157209	4.018174936157209	0.0
2012	2004	1	8.25020442232255	8.25020442232255	8.25020442232255	0.0
2012	2005	1	10.601084573090162	10.601084573090162	10.601084573090162	0.0
2012	2006	2	21.20112524599212	21.201124879409438	21.201124879409438	3.665826824317264E-7
2012	1019	1	19.207313696468727	19.207313696468727	19.207313696468727	0.0
2012	2013	1	3.0424774687614144	3.0424774687614144	3.0424774687614144	0.0
2013	2001	1	11.045189266676314	11.045189266676314	11.045189266676314	0.0
2013	2002	1	17.045854474676563	17.045854474676563	17.045854474676563	0.0
2013	2	1	5.00248832	5.00248832	5.00248832	0.0
2013	2003	1	7.038265671168927	7.038265671168927	7.038265671168927	0.0
2013	2004	1	11.27029515733427	11.27029515733427	11.27029515733427	0.0
2013	2005	1	13.621175308101881	13.621175308101881	13.621175308101881	0.0
2013	2006	1	24.221215614421155	24.221215614421155	24.221215614421155	0.0
2013	1019	1	16.164836227707312	16.164836227707312	16.164836227707312	0.0
2013	2012	1	3.020090735011718	3.020090735011718	3.020090735011718	0.0
1001	1024	1	28.802164554490915	28.802164554490915	28.802164554490915	0.0
1001	1002	1	6.000929895144441	6.000929895144441	6.000929895144441	0.0
1001	1003	1	4.010717793035213	4.010717793035213	4.010717793035213	0.0
1001	1004	1	8.332751453039105	8.332751453039105	8.332751453039105	0.0
1001	1005	1	10.672555558190297	10.672555558190297	10.672555558190297	0.0
1001	1006	1	12.626809133758321	12.626809133758321	12.626809133758321	0.0
1001	1007	1	33.54091058592677	33.54091058592677	33.54091058592677	0.0
1001	1008	1	27.896615506925237	27.896615506925237	27.896615506925237	0.0
1001	1009	1	20.62308515905857	20.62308515905857	20.62308515905857	0.0
1001	1010	1	26.386849179531517	26.386849179531517	26.386849179531517	0.0
1001	1011	1	15.751098328264245	15.751098328264245	15.751098328264245	0.0
1001	1012	1	8.032029294464245	8.032029294464245	8.032029294464245	0.0
1001	1013	1	11.055615853697185	11.055615853697185	11.055615853697185	0.0
1001	1014	1	29.484092405858874	29.484092405858874	29.484092405858874	0.0
1001	1015	1	40.366831257059495	40.366831257059495	40.366831257059495	0.0
1001	1016	1	38.78290094818625	38.78290094818625	38.78290094818625	0.0
1001	1017	1	42.694866330271935	42.694866330271935	42.694866330271935	0.0
1001	1018	1	35.60027601732338	35.60027601732338	35.60027601732338	0.0
1001	1019	1	44.79642473979583	44.79642473979583	44.79642473979583	0.0
1001	1020	1	39.853592888663364	39.853592888663364	39.853592888663364	0.0
1001	1021	1	41.06909655606975	41.06909655606975	41.06909655606975	0.0
1001	1022	2	45.27300581078763	45.27300581050817	45.27300581050817	2.79463563401805E-10
1001	1023	1	32.67890245197961	32.67890245197961	32.67890245197961	0.0
1002	1001	1	6.0012065403102035	6.0012065403102035	6.0012065403102035	0.0
1002	1003	1	10.011924333345416	10.011924333345416	10.011924333345416	0.0
1002	1004	1	14.333957993349308	14.333957993349308	14.333957993349308	0.0
1002	1005	1	16.673762097971625	16.673762097971625	16.673762097971625	0.0
1002	1006	1	6.62587923861388	6.62587923861388	6.62587923861388	0.0
1002	1007	1	27.539980690782322	27.539980690782322	27.539980690782322	0.0
1002	1008	1	21.895685611780795	21.895685611780795	21.895685611780795	0.0
1002	1009	1	26.624291698839897	26.624291698839897	26.624291698839897	0.0
1002	1010	2	32.388055719841724	32.388055719312845	32.388055719312845	5.288782745083154E-10
1002	1011	1	21.75230486857445	21.75230486857445	21.75230486857445	0.0
1002	1012	1	14.033235834774448	14.033235834774448	14.033235834774448	0.0
1002	1013	1	17.05682239400739	17.05682239400739	17.05682239400739	0.0
1002	1014	1	35.48529894616908	35.48529894616908	35.48529894616908	0.0
1002	1015	2	46.3680377973697	46.368037796840824	46.368037796840824	5.288782745083154E-10
1002	1016	1	32.781971053041815	32.781971053041815	32.781971053041815	0.0
1002	1017	1	42.548192392965326	42.548192392965326	42.548192392965326	0.0
1002	1019	1	45.01456953372623	45.01456953372623	45.01456953372623	0.0
1002	1020	1	33.85266299351892	33.85266299351892	33.85266299351892	0.0
1002	1022	1	41.56579299382415	41.56579299382415	41.56579299382415	0.0
1003	1001	1	4.0092361092533455	4.0092361092533455	4.0092361092533455	0.0
1003	1002	1	10.010166004397787	10.010166004397787	10.010166004397787	0.0
1003	1004	1	4.322033660003892	4.322033660003892	4.322033660003892	0.0
1003	1005	1	6.661837765155083	6.661837765155083	6.661837765155083	0.0
1003	1006	1	16.636045243011658	16.636045243011658	16.636045243011658	0.0
1003	1007	2	37.5501466951801	37.550146694648504	37.550146694648504	5.315996531862766E-10
1003	1008	2	31.905851616178573	31.905851615646974	31.905851615646974	5.315996531862766E-10
1003	1009	1	16.612367366023356	16.612367366023356	16.612367366023356	0.0
1003	1010	1	22.376131386496304	22.376131386496304	22.376131386496304	0.0
1003	1011	1	11.740380535229031	11.740380535229031	11.740380535229031	0.0
1003	1012	1	4.021311501429032	4.021311501429032	4.021311501429032	0.0
1003	1013	1	7.044898060661973	7.044898060661973	7.044898060661973	0.0
1003	1014	1	25.473374612823662	25.473374612823662	25.473374612823662	0.0
1003	1015	1	36.35611346402428	36.35611346402428	36.35611346402428	0.0
1003	1016	3	42.79213705743959	42.79213705669318	42.79213705669318	7.4641093306127E-10
1003	1017	1	38.68414853723672	38.68414853723672	38.68414853723672	0.0
1003	1022	2	41.26228801775242	41.262288017472954	41.262288017472954	2.79463563401805E-10
1003	1023	1	28.668184658944398	28.668184658944398	28.668184658944398	0.0
1004	1024	1	29.070594055595272	29.070594055595272	29.070594055595272	0.0
1004	1001	1	8.288383403392915	8.288383403392915	8.288383403392915	0.0
1004	1002	1	14.289313298537357	14.289313298537357	14.289313298537357	0.0
1004	1003	1	4.27914729413957	4.27914729413957	4.27914729413957	0.0
1004	1005	1	2.339804105151191	2.339804105151191	2.339804105151191	0.0
1004	1006	1	12.314011583007765	12.314011583007765	12.314011583007765	0.0
1004	1007	2	33.22811303517621	33.22811303464461	33.22811303464461	5.315996531862766E-10
1004	1008	2	27.58381795617468	27.583817955643084	27.583817955643084	5.315961004725978E-10
1004	1009	1	12.290333706019464	12.290333706019464	12.290333706019464	0.0
1004	1010	1	18.05409772649241	18.05409772649241	18.05409772649241	0.0
1004	1011	1	7.418346875225139	7.418346875225139	7.418346875225139	0.0
1004	1012	1	8.300458795568602	8.300458795568602	8.300458795568602	0.0
1004	1013	1	11.324045354801543	11.324045354801543	11.324045354801543	0.0
1004	1014	1	21.15134095281977	21.15134095281977	21.15134095281977	0.0
1004	1015	1	32.03407980402039	32.03407980402039	32.03407980402039	0.0
1004	1016	3	38.47010339743569	38.47010339668928	38.47010339668928	7.4641093306127E-10
1004	1017	1	34.362114877232834	34.362114877232834	34.362114877232834	0.0
1004	1018	2	35.28747846657282	35.28747846604122	35.28747846604122	5.315996531862766E-10
1004	1019	1	36.46367328675672	36.46367328675672	36.46367328675672	0.0
1004	1020	2	39.540795337912805	39.540795337381205	39.540795337381205	5.315996531862766E-10
1004	1021	1	41.33752605717411	41.33752605717411	41.33752605717411	0.0
1004	1022	1	41.09409085691123	41.09409085691123	41.09409085691123	0.0
1004	1023	1	30.173876349743143	30.173876349743143	30.173876349743143	0.0
1005	1001	1	10.61260535916994	10.61260535916994	10.61260535916994	0.0
1005	1002	1	16.613535253322205	16.613535253322205	16.613535253322205	0.0
1005	1003	1	6.603369249916594	6.603369249916594	6.603369249916594	0.0
1005	1004	1	2.3242219557770243	2.3242219557770243	2.3242219557770243	0.0
1005	1006	1	9.974207477856575	9.974207477856575	9.974207477856575	0.0
1005	1007	2	30.888308930025016	30.88830892949342	30.88830892949342	5.315961004725978E-10
1005	1008	2	25.24401385102349	25.244013850491893	25.244013850491893	5.315961004725978E-10
1005	1009	1	9.950529600868274	9.950529600868274	9.950529600868274	0.0
1005	1010	1	15.714293621341222	15.714293621341222	15.714293621341222	0.0
1005	1011	1	9.742568831002163	9.742568831002163	9.742568831002163	0.0
1005	1012	1	10.624680751345625	10.624680751345625	10.624680751345625	0.0
1005	1013	1	13.648267310578566	13.648267310578566	13.648267310578566	0.0
1005	1014	1	23.475562908596793	23.475562908596793	23.475562908596793	0.0
1005	1015	1	29.6942756988692	29.6942756988692	29.6942756988692	0.0
1005	1016	4	36.13029929248306	36.130299291538094	36.130299291538094	9.449649951420724E-10
1005	1017	1	32.022310772081646	32.022310772081646	32.022310772081646	0.0
1005	1019	1	34.123869181605535	34.123869181605535	34.123869181605535	0.0
1005	1020	2	37.200991232761616	37.20099123223002	37.20099123223002	5.315996531862766E-10
1005	1021	1	42.99669473161712	42.99669473161712	42.99669473161712	0.0
1005	1022	1	38.75428675176004	38.75428675176004	38.75428675176004	0.0
1005	1023	1	32.498098305520166	32.498098305520166	32.498098305520166	0.0
1006	1024	1	41.44269887026675	41.44269887026675	41.44269887026675	0.0
1006	1001	1	12.640534315775835	12.640534315775835	12.640534315775835	0.0
1006	1002	1	6.639327775465631	6.639327775465631	6.639327775465631	0.0
1006	1003	2	16.651252109274342	16.651252108811047	16.651252108811047	4.632951799976581E-10
1006	1004	1	12.372104815134772	12.372104815134772	12.372104815134772	0.0
1006	1005	1	10.047882859357747	10.047882859357747	10.047882859357747	0.0
1006	1007	1	20.914101452168442	20.914101452168442	20.914101452168442	0.0
1006	1008	1	15.269806373166915	15.269806373166915	15.269806373166915	0.0
1006	1009	1	19.99841246022602	19.99841246022602	19.99841246022602	0.0
1006	1010	1	25.76217648069897	25.76217648069897	25.76217648069897	0.0
1006	1011	1	19.790451690359912	19.790451690359912	19.790451690359912	0.0
1006	1012	2	20.672563610703374	20.67256361024008	20.67256361024008	4.632951799976581E-10
1006	1013	2	23.696150169936317	23.69615016947302	23.69615016947302	4.632951799976581E-10
1006	1014	1	33.52344576795454	33.52344576795454	33.52344576795454	0.0
1006	1015	1	39.74215855822695	39.74215855822695	39.74215855822695	0.0
1006	1016	2	26.156091815158078	26.15609181442793	26.15609181442793	7.301466098397213E-10
1006	1017	2	35.92231315508159	35.92231315435144	35.92231315435144	7.301466098397213E-10
1006	1018	1	22.973466883565056	22.973466883565056	22.973466883565056	0.0
1006	1019	1	38.388690295112355	38.388690295112355	38.388690295112355	0.0
1006	1020	1	27.22678375490504	27.22678375490504	27.22678375490504	0.0
1006	1021	1	35.31086112904811	35.31086112904811	35.31086112904811	0.0
1006	1022	1	34.93991375521026	34.93991375521026	34.93991375521026	0.0
1006	1023	1	42.545981164877915	42.545981164877915	42.545981164877915	0.0
1007	1024	1	26.251574482631618	26.251574482631618	26.251574482631618	0.0
1007	1001	1	33.86028302182929	33.86028302182929	33.86028302182929	0.0
1007	1002	1	27.85907648151909	27.85907648151909	27.85907648151909	0.0
1007	1003	3	37.871000815327804	37.8710008148645	37.8710008148645	4.633022854250157E-10
1007	1004	2	33.591853521188234	33.59185352072493	33.59185352072493	4.633022854250157E-10
1007	1005	2	31.267631565411207	31.267631564947905	31.267631564947905	4.633022854250157E-10
1007	1006	1	21.21974870605346	21.21974870605346	21.21974870605346	0.0
1007	1008	1	5.783721318103422	5.783721318103422	5.783721318103422	0.0
1007	1009	1	21.608193665005274	21.608193665005274	21.608193665005274	0.0
1007	1010	1	26.478976622833414	26.478976622833414	26.478976622833414	0.0
1007	1011	1	38.9019990643402	38.9019990643402	38.9019990643402	0.0
1007	1012	3	41.892312316756836	41.892312316293534	41.892312316293534	4.633022854250157E-10
1007	1013	1	43.3606999453811	43.3606999453811	43.3606999453811	0.0
1007	1014	1	33.86218004877102	33.86218004877102	33.86218004877102	0.0
1007	1015	1	21.68614560761179	21.68614560761179	21.68614560761179	0.0
1007	1016	1	5.241990362989638	5.241990362989638	5.241990362989638	0.0
1007	1017	1	15.00821170291315	15.00821170291315	15.00821170291315	0.0
1007	1018	1	2.0593654313966154	2.0593654313966154	2.0593654313966154	0.0
1007	1019	1	17.47458884294391	17.47458884294391	17.47458884294391	0.0
1007	1020	1	6.312682302736599	6.312682302736599	6.312682302736599	0.0
1007	1021	1	14.396759676879663	14.396759676879663	14.396759676879663	0.0
1007	1022	1	14.025812303041825	14.025812303041825	14.025812303041825	0.0
1007	1023	1	26.164371088550304	26.164371088550304	26.164371088550304	0.0
1008	1024	1	31.895869561633145	31.895869561633145	31.895869561633145	0.0
1008	1001	1	28.07656170372587	28.07656170372587	28.07656170372587	0.0
1008	1002	1	22.075355163415665	22.075355163415665	22.075355163415665	0.0
1008	1003	3	32.08727949722437	32.087279496761084	32.087279496761084	4.632880745703005E-10
1008	1004	2	27.808132203084806	27.80813220262151	27.80813220262151	4.632951799976581E-10
1008	1005	2	25.483910247307783	25.483910246844488	25.483910246844488	4.632951799976581E-10
1008	1006	1	15.436027387950036	15.436027387950036	15.436027387950036	0.0
1008	1007	1	5.644295079001527	5.644295079001527	5.644295079001527	0.0
1008	1009	1	15.824472346901853	15.824472346901853	15.824472346901853	0.0
1008	1010	1	21.5882363673748	21.5882363673748	21.5882363673748	0.0
1008	1011	1	34.011258808881585	34.011258808881585	34.011258808881585	0.0
1008	1012	3	36.108590998653405	36.10859099819012	36.10859099819012	4.632880745703005E-10
1008	1013	3	39.132177557886344	39.132177557423056	39.132177557423056	4.632880745703005E-10
1008	1014	1	39.506475127772546	39.506475127772546	39.506475127772546	0.0
1008	1015	1	27.330440686613322	27.330440686613322	27.330440686613322	0.0
1008	1016	2	10.886285441991165	10.886285441261016	10.886285441261016	7.301483861965608E-10
1008	1017	2	20.652506781914674	20.652506781184528	20.652506781184528	7.301466098397213E-10
1008	1018	1	7.703660510398143	7.703660510398143	7.703660510398143	0.0
1008	1019	1	23.11888392194544	23.11888392194544	23.11888392194544	0.0
1008	1020	1	11.956977381738128	11.956977381738128	11.956977381738128	0.0
1008	1021	1	20.04105475588119	20.04105475588119	20.04105475588119	0.0
1008	1022	1	19.670107382043355	19.670107382043355	19.670107382043355	0.0
1008	1023	1	31.808666167551834	31.808666167551834	31.808666167551834	0.0
1009	1024	1	41.05425391131493	41.05425391131493	41.05425391131493	0.0
1009	1001	1	20.27204325911257	20.27204325911257	20.27204325911257	0.0
1009	1002	1	26.27297315326484	26.27297315326484	26.27297315326484	0.0
1009	1003	1	16.262807149859228	16.262807149859228	16.262807149859228	0.0
1009	1004	1	11.983659855719658	11.983659855719658	11.983659855719658	0.0
1009	1005	1	9.659437899942633	9.659437899942633	9.659437899942633	0.0
1009	1006	1	19.63364537779921	19.63364537779921	19.63364537779921	0.0
1009	1007	1	20.937779328625147	20.937779328625147	20.937779328625147	0.0
1009	1008	1	15.293484249623619	15.293484249623619	15.293484249623619	0.0
1009	1010	1	5.763764020472948	5.763764020472948	5.763764020472948	0.0
1009	1011	1	18.186786461979732	18.186786461979732	18.186786461979732	0.0
1009	1012	1	20.28411865128826	20.28411865128826	20.28411865128826	0.0
1009	1013	1	23.3077052105212	23.3077052105212	23.3077052105212	0.0
1009	1014	2	31.91978053957436	31.919780539160154	31.919780539160154	4.142073350976716E-10
1009	1015	1	19.743746098000926	19.743746098000926	19.743746098000926	0.0
1009	1016	2	26.179769690884633	26.179769690669822	26.179769690669822	2.148112798749935E-10
1009	1017	1	22.07178117121337	22.07178117121337	22.07178117121337	0.0
1009	1018	1	22.99714476002176	22.99714476002176	22.99714476002176	0.0
1009	1019	1	24.173339580737263	24.173339580737263	24.173339580737263	0.0
1009	1020	1	27.250461631361745	27.250461631361745	27.250461631361745	0.0
1009	1021	1	33.04616513074885	33.04616513074885	33.04616513074885	0.0
1009	1022	1	28.80375715089177	28.80375715089177	28.80375715089177	0.0
1009	1023	3	40.942315936497735	40.94231593608353	40.94231593608353	4.142037823839928E-10
1010	1024	1	39.137215916027856	39.137215916027856	39.137215916027856	0.0
1010	1001	1	25.88342597478919	25.88342597478919	25.88342597478919	0.0
1010	1002	1	31.884355868941462	31.884355868941462	31.884355868941462	0.0
1010	1003	1	21.874189865535847	21.874189865535847	21.874189865535847	0.0
1010	1004	1	17.595042571396277	17.595042571396277	17.595042571396277	0.0
1010	1005	1	15.270820615619254	15.270820615619254	15.270820615619254	0.0
1010	1006	1	25.24502809347583	25.24502809347583	25.24502809347583	0.0
1010	1007	1	25.656180981281306	25.656180981281306	25.656180981281306	0.0
1010	1008	1	20.90486696530024	20.90486696530024	20.90486696530024	0.0
1010	1009	1	5.611382715676621	5.611382715676621	5.611382715676621	0.0
1010	1011	1	12.423022441506784	12.423022441506784	12.423022441506784	0.0
1010	1012	2	25.89550136696488	25.895501366829702	25.895501366829702	1.3517720276468026E-10
1010	1013	2	28.919087926197818	28.919087926062645	28.919087926062645	1.3517365005100146E-10
1010	1014	2	26.156016519101414	26.156016518687203	26.156016518687203	4.142108878113504E-10
1010	1015	1	13.979982077527977	13.979982077527977	13.979982077527977	0.0
1010	1016	1	20.416005670196874	20.416005670196874	20.416005670196874	0.0
1010	1017	1	16.308017150740422	16.308017150740422	16.308017150740422	0.0
1010	1018	1	23.586157112949735	23.586157112949735	23.586157112949735	0.0
1010	1019	1	18.40957556026431	18.40957556026431	18.40957556026431	0.0
1010	1020	2	27.839473984302835	27.839473984289718	27.839473984289718	1.311661890213145E-11
1010	1021	1	27.2824011102759	27.2824011102759	27.2824011102759	0.0
1010	1022	1	23.03999313041882	23.03999313041882	23.03999313041882	0.0
1010	1023	3	35.17855191602479	35.178551915610576	35.178551915610576	4.142108878113504E-10
1011	1024	1	26.714193475416664	26.714193475416664	26.714193475416664	0.0
1011	1001	1	15.511407958587052	15.511407958587052	15.511407958587052	0.0
1011	1002	1	21.512337853731495	21.512337853731495	21.512337853731495	0.0
1011	1003	1	11.502171849333706	11.502171849333706	11.502171849333706	0.0
1011	1004	1	7.2230245551941366	7.2230245551941366	7.2230245551941366	0.0
1011	1005	1	9.562828660345328	9.562828660345328	9.562828660345328	0.0
1011	1006	1	19.537036138201906	19.537036138201906	19.537036138201906	0.0
1011	1007	1	37.96582068496055	37.96582068496055	37.96582068496055	0.0
1011	1008	1	33.21450666897948	33.21450666897948	33.21450666897948	0.0
1011	1009	1	17.921022419355864	17.921022419355864	17.921022419355864	0.0
1011	1010	1	12.309639703679242	12.309639703679242	12.309639703679242	0.0
1011	1012	1	13.472478925322918	13.472478925322918	13.472478925322918	0.0
1011	1013	1	16.496065484555857	16.496065484555857	16.496065484555857	0.0
1011	1014	1	13.732994077594629	13.732994077594629	13.732994077594629	0.0
1011	1015	2	26.289621781207217	26.28962178089094	26.28962178089094	3.162767825415358E-10
1011	1016	1	32.72564537387612	32.72564537387612	32.72564537387612	0.0
1011	1017	1	28.617656854419664	28.617656854419664	28.617656854419664	0.0
1011	1018	1	35.89579681662898	35.89579681662898	35.89579681662898	0.0
1011	1019	2	30.719215263943553	30.719215263627277	30.719215263627277	3.162767825415358E-10
1011	1020	2	40.14911368798208	40.1491136876658	40.1491136876658	3.162767825415358E-10
1011	1021	1	38.9811254769955	38.9811254769955	38.9811254769955	0.0
1011	1022	1	35.34963283332603	35.34963283332603	35.34963283332603	0.0
1011	1023	1	22.755529474518003	22.755529474518003	22.755529474518003	0.0
1012	1024	1	20.77013526002667	20.77013526002667	20.77013526002667	0.0
1012	2012	1	49.574126859288015	49.574126859288015	49.574126859288015	0.0
1012	1001	1	8.032290347960107	8.032290347960107	8.032290347960107	0.0
1012	1002	1	14.033220243104548	14.033220243104548	14.033220243104548	0.0
1012	1003	1	4.023054238706762	4.023054238706762	4.023054238706762	0.0
1012	1004	1	8.345087898710654	8.345087898710654	8.345087898710654	0.0
1012	1005	1	10.684892003861844	10.684892003861844	10.684892003861844	0.0
1012	1006	1	20.65909948171842	20.65909948171842	20.65909948171842	0.0
1012	1007	3	41.573200933886866	41.57320093335527	41.57320093335527	5.315996531862766E-10
1012	1008	3	35.92890585488534	35.92890585435374	35.92890585435374	5.316067586136342E-10
1012	1009	1	20.63542160473012	20.63542160473012	20.63542160473012	0.0
1012	1010	2	26.39918562538162	26.399185625203067	26.399185625203067	1.7855228406915558E-10
1012	1011	1	14.089545921702378	14.089545921702378	14.089545921702378	0.0
1012	1013	1	3.0235865592329407	3.0235865592329407	3.0235865592329407	0.0
1012	1014	1	27.822539999297007	27.822539999297007	27.822539999297007	0.0
1012	1015	2	40.379167702731046	40.37916770259332	40.37916770259332	1.3772449847238022E-10
1012	1016	5	46.815191296344906	46.81519129539994	46.81519129539994	9.449649951420724E-10
1012	1017	2	42.707202776122045	42.707202775943486	42.707202775943486	1.7855938949651318E-10
1012	1018	3	43.63256636528348	43.63256636475188	43.63256636475188	5.315996531862766E-10
1012	1019	3	44.808761185645935	44.80876118532966	44.80876118532966	3.162767825415358E-10
1012	1020	1	40.93418736882512	40.93418736882512	40.93418736882512	0.0
1012	1021	1	33.03706726160551	33.03706726160551	33.03706726160551	0.0
1012	1022	2	37.240976516323386	37.24097651604392	37.24097651604392	2.79463563401805E-10
1012	1023	1	24.646873157515365	24.646873157515365	24.646873157515365	0.0
1013	1024	1	17.74654870079373	17.74654870079373	17.74654870079373	0.0
1013	1001	1	11.055638516153028	11.055638516153028	11.055638516153028	0.0
1013	1002	1	17.05656841129747	17.05656841129747	17.05656841129747	0.0
1013	1003	1	7.0464024068996824	7.0464024068996824	7.0464024068996824	0.0
1013	1004	1	11.368436066903573	11.368436066903573	11.368436066903573	0.0
1013	1005	1	13.708240172054765	13.708240172054765	13.708240172054765	0.0
1013	1006	2	23.68244764991135	23.68244764991134	23.68244764991134	1.0658141036401503E-14
1013	1007	1	44.28174816742348	44.28174816742348	44.28174816742348	0.0
1013	1008	3	38.95225402307827	38.952254022546654	38.952254022546654	5.316138640409918E-10
1013	1009	1	23.658769772923037	23.658769772923037	23.658769772923037	0.0
1013	1010	2	29.42253379357454	29.422533793395985	29.422533793395985	1.7855583678283438E-10
1013	1011	1	17.1128940898953	17.1128940898953	17.1128940898953	0.0
1013	1012	1	3.0233481681929204	3.0233481681929204	3.0233481681929204	0.0
1013	1014	2	30.8458881680121	30.845888167489928	30.845888167489928	5.2217075108274E-10
1013	1015	5	43.40251587165275	43.40251587078624	43.40251587078624	8.665139716867998E-10
1013	1016	1	45.39434923068494	45.39434923068494	45.39434923068494	0.0
1013	1017	2	45.73055094431496	45.73055094413641	45.73055094413641	1.7855228406915558E-10
1013	1018	1	42.21172429909191	42.21172429909191	42.21172429909191	0.0
1013	1019	5	47.83210935438909	47.832109353522576	47.832109353522576	8.665139716867998E-10
1013	1020	1	37.91060080959218	37.91060080959218	37.91060080959218	0.0
1013	1021	1	30.01348070237257	30.01348070237257	30.01348070237257	0.0
1013	1022	2	34.21738995709045	34.21738995681098	34.21738995681098	2.79463563401805E-10
1013	1023	1	21.623286598282426	21.623286598282426	21.623286598282426	0.0
1014	1024	1	12.981199397822037	12.981199397822037	12.981199397822037	0.0
1014	1001	1	29.105667334297067	29.105667334297067	29.105667334297067	0.0
1014	1002	1	35.106597229441505	35.106597229441505	35.106597229441505	0.0
1014	1003	1	25.09643122504372	25.09643122504372	25.09643122504372	0.0
1014	1004	1	20.81728393090415	20.81728393090415	20.81728393090415	0.0
1014	1005	1	23.15708803605534	23.15708803605534	23.15708803605534	0.0
1014	1006	1	33.131295513911915	33.131295513911915	33.131295513911915	0.0
1014	1007	1	32.78726696790247	32.78726696790247	32.78726696790247	0.0
1014	1008	1	38.57098828600589	38.57098828600589	38.57098828600589	0.0
1014	1009	2	31.515281795065874	31.51528179472154	31.51528179472154	3.4433611517670215E-10
1014	1010	2	25.903899079389255	25.903899079044916	25.903899079044916	3.4433966789038095E-10
1014	1011	1	13.594259375710013	13.594259375710013	13.594259375710013	0.0
1014	1012	1	27.06673830103293	27.06673830103293	27.06673830103293	0.0
1014	1013	2	30.09032486057152	30.090324860265873	30.090324860265873	3.056470632145647E-10
1014	1015	1	12.556627703296313	12.556627703296313	12.556627703296313	0.0
1014	1016	1	33.84624181600383	33.84624181600383	33.84624181600383	0.0
1014	1017	1	24.31468240335555	24.31468240335555	24.31468240335555	0.0
1014	1018	1	30.7172430995709	30.7172430995709	30.7172430995709	0.0
1014	1019	1	16.986221186032648	16.986221186032648	16.986221186032648	0.0
1014	1020	1	26.41611961007117	26.41611961007117	26.41611961007117	0.0
1014	1021	1	25.248131399400872	25.248131399400872	25.248131399400872	0.0
1014	1022	2	21.616638756187157	21.616638755731394	21.616638755731394	4.5576342699860106E-10
1014	1023	1	9.022535396923374	9.022535396923374	9.022535396923374	0.0
1015	1024	1	25.157233838499874	25.157233838499874	25.157233838499874	0.0
1015	1001	1	39.23069735053779	39.23069735053779	39.23069735053779	0.0
1015	1002	1	45.23162724469006	45.23162724469006	45.23162724469006	0.0
1015	1003	1	35.221461241284445	35.221461241284445	35.221461241284445	0.0
1015	1004	1	30.94231394714488	30.94231394714488	30.94231394714488	0.0
1015	1005	1	28.618091991367855	28.618091991367855	28.618091991367855	0.0
1015	1006	1	38.59229946922443	38.59229946922443	38.59229946922443	0.0
1015	1007	1	20.230639264606157	20.230639264606157	20.230639264606157	0.0
1015	1008	1	26.01436058270958	26.01436058270958	26.01436058270958	0.0
1015	1009	1	18.958654091425224	18.958654091425224	18.958654091425224	0.0
1015	1010	1	13.347271375748603	13.347271375748603	13.347271375748603	0.0
1015	1011	2	25.770293817255386	25.77029381686924	25.77029381686924	3.8614444974882645E-10
1015	1012	3	39.24277274271348	39.24277274219216	39.24277274219216	5.213180997998279E-10
1015	1013	2	42.2663593014251	42.26635930124935	42.26635930124935	1.7574564026290318E-10
1015	1014	1	12.176034441159228	12.176034441159228	12.176034441159228	0.0
1015	1016	1	21.28961411270752	21.28961411270752	21.28961411270752	0.0
1015	1017	1	11.75805470005924	11.75805470005924	11.75805470005924	0.0
1015	1018	1	18.160615396274586	18.160615396274586	18.160615396274586	0.0
1015	1019	1	4.429593482736335	4.429593482736335	4.429593482736335	0.0
1015	1020	1	13.859491906774858	13.859491906774858	13.859491906774858	0.0
1015	1021	1	13.30241903274792	13.30241903274792	13.30241903274792	0.0
1015	1022	1	9.060011052890845	9.060011052890845	9.060011052890845	0.0
1015	1023	2	21.198569838399326	21.1985698380826	21.1985698380826	3.1672442446506466E-10
1016	1024	1	27.36236049398786	27.36236049398786	27.36236049398786	0.0
1016	1001	1	39.10045833246835	39.10045833246835	39.10045833246835	0.0
1016	1002	1	33.09925179215815	33.09925179215815	33.09925179215815	0.0
1016	1003	3	43.111176125966864	43.11117612537963	43.11117612537963	5.872351493962924E-10
1016	1004	3	38.832028831827294	38.83202883124006	38.83202883124006	5.872351493962924E-10
1016	1005	3	36.50780687605027	36.50780687546303	36.50780687546303	5.872351493962924E-10
1016	1006	1	26.45992401669252	26.45992401669252	26.45992401669252	0.0
1016	1007	1	5.24017531108443	5.24017531108443	5.24017531108443	0.0
1016	1008	1	11.023896628742484	11.023896628742484	11.023896628742484	0.0
1016	1009	2	26.848368975644338	26.8483689755204	26.8483689755204	1.2393641668495547E-10
1016	1010	1	21.23698625984378	21.23698625984378	21.23698625984378	0.0
1016	1011	1	33.66000870135056	33.66000870135056	33.66000870135056	0.0
1016	1012	4	47.132487627395896	47.13248762667348	47.13248762667348	7.224159048746515E-10
1016	1013	1	44.47148595673734	44.47148595673734	44.47148595673734	0.0
1016	1014	1	33.678941848982774	33.678941848982774	33.678941848982774	0.0
1016	1015	1	21.50290740782355	21.50290740782355	21.50290740782355	0.0
1016	1017	1	9.766221339923511	9.766221339923511	9.766221339923511	0.0
1016	1018	1	3.1701514427528594	3.1701514427528594	3.1701514427528594	0.0
1016	1019	1	17.291350643155667	17.291350643155667	17.291350643155667	0.0
1016	1020	1	7.423468314092844	7.423468314092844	7.423468314092844	0.0
1016	1021	1	15.507545688235908	15.507545688235908	15.507545688235908	0.0
1016	1022	1	15.13659831439807	15.13659831439807	15.13659831439807	0.0
1016	1023	1	27.27515709990655	27.27515709990655	27.27515709990655	0.0
1017	1024	4	36.893919907165696	36.893919906399915	36.893919906399915	7.657803280380904E-10
1017	1001	1	42.19144312552962	42.19144312552962	42.19144312552962	0.0
1017	1002	1	42.63081120480643	42.63081120480643	42.63081120480643	0.0
1017	1003	1	38.18220701627627	38.18220701627627	38.18220701627627	0.0
1017	1004	1	33.9030597221367	33.9030597221367	33.9030597221367	0.0
1017	1005	1	31.578837766359676	31.578837766359676	31.578837766359676	0.0
1017	1006	1	35.991483429340796	35.991483429340796	35.991483429340796	0.0
1017	1007	1	14.77173472373271	14.77173472373271	14.77173472373271	0.0
1017	1008	2	20.55545604183613	20.555456041390762	20.555456041390762	4.453681867744308E-10
1017	1009	1	21.919399866417045	21.919399866417045	21.919399866417045	0.0
1017	1010	1	16.308017150740422	16.308017150740422	16.308017150740422	0.0
1017	1011	1	28.731039592247207	28.731039592247207	28.731039592247207	0.0
1017	1012	2	42.203518517705305	42.203518517570124	42.203518517570124	1.3518075547835906E-10
1017	1013	2	45.227105076938244	45.22710507680306	45.22710507680306	1.3518075547835906E-10
1017	1014	1	23.912720509059266	23.912720509059266	23.912720509059266	0.0
1017	1015	1	11.736686067900038	11.736686067900038	11.736686067900038	0.0
1017	1016	1	9.53155941264828	9.53155941264828	9.53155941264828	0.0
1017	1018	1	12.701710855401139	12.701710855401139	12.701710855401139	0.0
1017	1019	1	7.525129303232155	7.525129303232155	7.525129303232155	0.0
1017	1020	1	16.955027726741122	16.955027726741122	16.955027726741122	0.0
1017	1021	2	25.039105100884186	25.03910510064796	25.03910510064796	2.362270379308029E-10
1017	1022	1	20.79669712079088	20.79669712079088	20.79669712079088	0.0
1017	1023	2	32.93525590629936	32.93525590598264	32.93525590598264	3.1671731903770706E-10
1018	1001	1	35.930306890160864	35.930306890160864	35.930306890160864	0.0
1018	1004	2	35.6618773895198	35.66187738905651	35.66187738905651	4.632951799976581E-10
1018	1006	1	23.289772574385026	23.289772574385026	23.289772574385026	0.0
1018	1007	1	2.07002386833157	2.07002386833157	2.07002386833157	0.0
1018	1008	1	7.853745186434992	7.853745186434992	7.853745186434992	0.0
1018	1009	1	23.678217533336845	23.678217533336845	23.678217533336845	0.0
1018	1010	1	24.4196111914368	24.4196111914368	24.4196111914368	0.0
1018	1011	1	36.84263363294359	36.84263363294359	36.84263363294359	0.0
1018	1012	3	43.962336185088404	43.96233618462511	43.96233618462511	4.632951799976581E-10
1018	1013	1	41.301334513984486	41.301334513984486	41.301334513984486	0.0
1018	1014	1	31.802814617374406	31.802814617374406	31.802814617374406	0.0
1018	1015	1	19.626780176215178	19.626780176215178	19.626780176215178	0.0
1018	1016	1	3.182624931593022	3.182624931593022	3.182624931593022	0.0
1018	1017	1	12.948846271516533	12.948846271516533	12.948846271516533	0.0
1018	1019	1	15.415223411547295	15.415223411547295	15.415223411547295	0.0
1018	1020	1	4.253316871339984	4.253316871339984	4.253316871339984	0.0
1018	1021	1	12.337394245483047	12.337394245483047	12.337394245483047	0.0
1018	1022	1	11.96644687164521	11.96644687164521	11.96644687164521	0.0
1018	1023	1	24.10500565715369	24.10500565715369	24.10500565715369	0.0
1019	1024	3	29.36879060393354	29.368790603167756	29.368790603167756	7.657838807517692E-10
1019	1001	1	43.44225411520568	43.44225411520568	43.44225411520568	0.0
1019	1002	1	43.66012226338891	43.66012226338891	43.66012226338891	0.0
1019	1004	1	35.153870711812765	35.153870711812765	35.153870711812765	0.0
1019	1005	1	32.82964875603574	32.82964875603574	32.82964875603574	0.0
1019	1006	1	37.020794487923276	37.020794487923276	37.020794487923276	0.0
1019	1007	1	15.80104578186982	15.80104578186982	15.80104578186982	0.0
1019	1008	1	21.58476709997324	21.58476709997324	21.58476709997324	0.0
1019	1009	1	23.170210856093107	23.170210856093107	23.170210856093107	0.0
1019	1010	1	17.558828140416487	17.558828140416487	17.558828140416487	0.0
1019	1011	2	29.981850581923272	29.981850581537127	29.981850581537127	3.8614444974882645E-10
1019	1012	3	43.45432950738137	43.45432950686005	43.45432950686005	5.213180997998279E-10
1019	1013	5	46.47791606668302	46.47791606591724	46.47791606591724	7.657803280380904E-10
1019	1014	1	16.387591205827114	16.387591205827114	16.387591205827114	0.0
1019	1015	1	4.211556764667884	4.211556764667884	4.211556764667884	0.0
1019	1016	1	16.860020629971185	16.860020629971185	16.860020629971185	0.0
1019	1017	1	7.3284612173229045	7.3284612173229045	7.3284612173229045	0.0
1019	1018	1	13.731021913538251	13.731021913538251	13.731021913538251	0.0
1019	1020	1	9.429898424038523	9.429898424038523	9.429898424038523	0.0
1019	1021	2	17.513975798181587	17.513975797415803	17.513975797415803	7.657838807517692E-10
1019	1022	1	13.27156781755873	13.27156781755873	13.27156781755873	0.0
1019	1023	2	25.410126603067212	25.410126602750488	25.410126602750488	3.1672442446506466E-10
1020	1024	1	19.938892179895017	19.938892179895017	19.938892179895017	0.0
1020	1001	1	40.231430379660594	40.231430379660594	40.231430379660594	0.0
1020	1002	1	34.23022383935039	34.23022383935039	34.23022383935039	0.0
1020	1004	2	39.96300087901953	39.96300087855623	39.96300087855623	4.633022854250157E-10
1020	1005	2	37.638778923242505	37.6387789227792	37.6387789227792	4.633022854250157E-10
1020	1006	1	27.590896063884756	27.590896063884756	27.590896063884756	0.0
1020	1007	1	6.3711473578312985	6.3711473578312985	6.3711473578312985	0.0
1020	1008	1	12.15486867593472	12.15486867593472	12.15486867593472	0.0
1020	1009	1	27.97934102283657	27.97934102283657	27.97934102283657	0.0
1020	1010	2	28.72073468093653	28.7207346806238	28.7207346806238	3.127311742900929E-10
1020	1011	2	41.14375712244332	41.14375712174444	41.14375712174444	6.988756240389193E-10
1020	1012	1	40.07136581083741	40.07136581083741	40.07136581083741	0.0
1020	1013	1	37.048017642644496	37.048017642644496	37.048017642644496	0.0
1020	1014	1	27.549497746034426	27.549497746034426	27.549497746034426	0.0
1020	1015	1	15.373463304875196	15.373463304875196	15.373463304875196	0.0
1020	1016	1	7.48374842109275	7.48374842109275	7.48374842109275	0.0
1020	1017	1	17.24996976101626	17.24996976101626	17.24996976101626	0.0
1020	1018	1	4.301123489499728	4.301123489499728	4.301123489499728	0.0
1020	1019	1	11.161906540207312	11.161906540207312	11.161906540207312	0.0
1020	1021	1	8.084077374143064	8.084077374143064	8.084077374143064	0.0
1020	1022	1	7.713130000305226	7.713130000305226	7.713130000305226	0.0
1020	1023	1	19.851688785813707	19.851688785813707	19.851688785813707	0.0
1021	1024	1	11.854814805751953	11.854814805751953	11.854814805751953	0.0
1021	1001	1	40.01957878465446	40.01957878465446	40.01957878465446	0.0
1021	1004	1	40.33237633540501	40.33237633540501	40.33237633540501	0.0
1021	1005	1	42.007127160368576	42.007127160368576	42.007127160368576	0.0
1021	1006	1	35.48801617110436	35.48801617110436	35.48801617110436	0.0
1021	1007	1	14.268267465050908	14.268267465050908	14.268267465050908	0.0
1021	1008	1	20.05198878315433	20.05198878315433	20.05198878315433	0.0
1021	1009	1	32.347689260425945	32.347689260425945	32.347689260425945	0.0
1021	1010	1	26.736306544749326	26.736306544749326	26.736306544749326	0.0
1021	1011	1	38.54841364868034	38.54841364868034	38.54841364868034	0.0
1021	1012	1	31.987288436694357	31.987288436694357	31.987288436694357	0.0
1021	1013	1	28.963940268501435	28.963940268501435	28.963940268501435	0.0
1021	1014	1	24.95415427297032	24.95415427297032	24.95415427297032	0.0
1021	1015	1	13.38903516900072	13.38903516900072	13.38903516900072	0.0
1021	1016	1	15.38086852831236	15.38086852831236	15.38086852831236	0.0
1021	1017	2	25.14708986905996	25.147089868235874	25.147089868235874	8.240874649345642E-10
1021	1018	1	12.198243596719339	12.198243596719339	12.198243596719339	0.0
1021	1019	1	17.818628651737058	17.818628651737058	17.818628651737058	0.0
1021	1020	1	7.89712010721961	7.89712010721961	7.89712010721961	0.0
1021	1022	1	4.203909254438415	4.203909254438415	4.203909254438415	0.0
1021	1023	1	15.731552703240649	15.731552703240649	15.731552703240649	0.0
1022	1024	2	16.097222786407144	16.097222785609027	16.097222785609027	7.981171279425325E-10
1022	1001	2	44.26198676530965	44.26198676451153	44.26198676451153	7.981171279425325E-10
1022	1002	1	41.943353839655614	41.943353839655614	41.943353839655614	0.0
1022	1003	2	40.25275065605631	40.25275065525819	40.25275065525819	7.981171279425325E-10
1022	1004	1	40.12743986170719	40.12743986170719	40.12743986170719	0.0
1022	1005	1	37.80321790593016	37.80321790593016	37.80321790593016	0.0
1022	1006	1	35.30402606418998	35.30402606418998	35.30402606418998	0.0
1022	1007	1	14.084277358136529	14.084277358136529	14.084277358136529	0.0
1022	1008	1	19.86799867623995	19.86799867623995	19.86799867623995	0.0
1022	1009	1	28.14378000598753	28.14378000598753	28.14378000598753	0.0
1022	1010	1	22.53239729031091	22.53239729031091	22.53239729031091	0.0
1022	1011	3	34.9554197318177	34.955419730948165	34.955419730948165	8.695337783137802E-10
1022	1012	2	36.229696417349544	36.22969641655143	36.22969641655143	7.981171279425325E-10
1022	1013	2	33.206348249156626	33.20634824835851	33.20634824835851	7.981171279425325E-10
1022	1014	2	21.361160355721534	21.361160355238155	21.361160355238155	4.833786704239174E-10
1022	1015	1	9.185125914562306	9.185125914562306	9.185125914562306	0.0
1022	1016	1	15.19687842139798	15.19687842139798	15.19687842139798	0.0
1022	1017	1	20.943180614621546	20.943180614621546	20.943180614621546	0.0
1022	1018	1	12.014253489804958	12.014253489804958	12.014253489804958	0.0
1022	1019	1	13.614719397298641	13.614719397298641	13.614719397298641	0.0
1022	1020	1	7.713130000305228	7.713130000305228	7.713130000305228	0.0
1022	1021	1	4.2424079798570755	4.2424079798570755	4.2424079798570755	0.0
1022	1023	1	12.138558785508481	12.138558785508481	12.138558785508481	0.0
1023	1024	1	3.9586640008986627	3.9586640008986627	3.9586640008986627	0.0
1023	2	1	20.2256037784775	20.2256037784775	20.2256037784775	0.0
1023	1001	1	32.12342797980117	32.12342797980117	32.12342797980117	0.0
1023	1003	1	28.114191870547828	28.114191870547828	28.114191870547828	0.0
1023	1004	1	30.039885500633822	30.039885500633822	30.039885500633822	0.0
1023	1005	1	32.37968960578501	32.37968960578501	32.37968960578501	0.0
1023	1006	1	42.353897083641584	42.353897083641584	42.353897083641584	0.0
1023	1007	1	26.67838071694455	26.67838071694455	26.67838071694455	0.0
1023	1008	1	32.46210203504797	32.46210203504797	32.46210203504797	0.0
1023	1009	3	40.73788336479555	40.73788336445121	40.73788336445121	3.4434322060405975E-10
1023	1010	3	35.12650064911893	35.12650064877459	35.12650064877459	3.4434322060405975E-10
1023	1011	1	22.816860945439686	22.816860945439686	22.816860945439686	0.0
1023	1012	1	24.091137631841065	24.091137631841065	24.091137631841065	0.0
1023	1013	1	21.067789463648143	21.067789463648143	21.067789463648143	0.0
1023	1014	1	9.222601569729672	9.222601569729672	9.222601569729672	0.0
1023	1015	2	21.779229273370326	21.779229273025983	21.779229273025983	3.4434322060405975E-10
1023	1016	1	27.790981780206	27.790981780206	27.790981780206	0.0
1023	1017	2	33.53728397342957	33.53728397308522	33.53728397308522	3.4434322060405975E-10
1023	1018	1	24.608356848612978	24.608356848612978	24.608356848612978	0.0
1023	1019	2	26.208822756106663	26.20882275576232	26.20882275576232	3.4434322060405975E-10
1023	1020	1	20.30723335911325	20.30723335911325	20.30723335911325	0.0
1023	1021	1	16.2255960024775	16.2255960024775	16.2255960024775	0.0
1023	1022	1	12.594103358808022	12.594103358808022	12.594103358808022	0.0
