Origin 	 dest 	 numPaths 	 lpath cost 	 spath cost 	 minCost 	 diff between lPath and sPath
1	2016	1	43.28075049694337	43.28075049694337	43.28075049694337	0.0
2001	2016	1	39.278759840943366	39.278759840943366	39.278759840943366	0.0
2001	2017	1	43.829289344534104	43.829289344534104	43.829289344534104	0.0
2001	2018	1	36.07997456341181	36.07997456341181	36.07997456341181	0.0
2001	2019	1	46.11362783716803	46.11362783716803	46.11362783716803	0.0
2001	2020	1	40.35180558489682	40.35180558489682	40.35180558489682	0.0
2001	2021	1	37.45626498158316	37.45626498158316	37.45626498158316	0.0
2001	2022	1	43.0111237769786	43.0111237769786	43.0111237769786	0.0
2001	2023	1	30.170589352011117	30.170589352011117	30.170589352011117	0.0
2001	2024	1	24.695326083844677	24.695326083844677	24.695326083844677	0.0
2001	2007	1	34.01605369249353	34.01605369249353	34.01605369249353	0.0
2001	2008	1	27.821176646883377	27.821176646883377	27.821176646883377	0.0
2001	2009	1	19.676173700691802	19.676173700691802	19.676173700691802	0.0
2001	2010	1	27.52127219379378	27.52127219379378	27.52127219379378	0.0
2001	2011	1	16.831556835987705	16.831556835987705	16.831556835987705	0.0
2001	2014	1	31.147664462042343	31.147664462042343	31.147664462042343	0.0
2001	2015	1	42.07655079743546	42.07655079743546	42.07655079743546	0.0
2002	2016	1	33.27809463294312	33.27809463294312	33.27809463294312	0.0
2002	2017	1	43.02323551921529	43.02323551921529	43.02323551921529	0.0
2002	2019	1	44.22479972275575	44.22479972275575	44.22479972275575	0.0
2002	2020	1	34.351140376896566	34.351140376896566	34.351140376896566	0.0
2002	2022	1	42.07765575443376	42.07765575443376	42.07765575443376	0.0
2002	2007	1	28.01538848449328	28.01538848449328	28.01538848449328	0.0
2002	2008	1	21.820511438883127	21.820511438883127	21.820511438883127	0.0
2002	2009	1	20.606468676517956	20.606468676517956	20.606468676517956	0.0
2002	2010	1	28.451567169619935	28.451567169619935	28.451567169619935	0.0
2002	2011	1	21.76185181181386	21.76185181181386	21.76185181181386	0.0
2002	2014	1	36.0779594378685	36.0779594378685	36.0779594378685	0.0
2002	2015	1	43.00684577326162	43.00684577326162	43.00684577326162	0.0
2003	2016	1	36.334762612781184	36.334762612781184	36.334762612781184	0.0
2003	2017	1	39.81625230019833	39.81625230019833	39.81625230019833	0.0
2003	2022	1	38.99808673264287	38.99808673264287	38.99808673264287	0.0
2003	2023	1	26.157552307675385	26.157552307675385	26.157552307675385	0.0
2003	2007	1	31.072056464331343	31.072056464331343	31.072056464331343	0.0
2003	2008	1	24.87717941872119	24.87717941872119	24.87717941872119	0.0
2003	2009	1	15.663136656356023	15.663136656356023	15.663136656356023	0.0
2003	2010	1	23.508235149458002	23.508235149458002	23.508235149458002	0.0
2003	2011	1	12.818519791651926	12.818519791651926	12.818519791651926	0.0
2003	2014	1	27.134627417706568	27.134627417706568	27.134627417706568	0.0
2003	2015	1	38.063513753099684	38.063513753099684	38.063513753099684	0.0
2004	2016	1	32.102733126615846	32.102733126615846	32.102733126615846	0.0
2004	2017	1	35.584222814032984	35.584222814032984	35.584222814032984	0.0
2004	2018	1	28.903947849084282	28.903947849084282	28.903947849084282	0.0
2004	2019	1	37.86856130666691	37.86856130666691	37.86856130666691	0.0
2004	2020	1	33.175778870569296	33.175778870569296	33.175778870569296	0.0
2004	2021	1	31.34742920322507	31.34742920322507	31.34742920322507	0.0
2004	2022	1	36.90228799862051	36.90228799862051	36.90228799862051	0.0
2004	2023	1	24.061753573653025	24.061753573653025	24.061753573653025	0.0
2004	2024	1	18.586490305486585	18.586490305486585	18.586490305486585	0.0
2004	2007	1	26.840026978166005	26.840026978166005	26.840026978166005	0.0
2004	2008	1	20.645149932555853	20.645149932555853	20.645149932555853	0.0
2004	2009	1	11.43110717019068	11.43110717019068	11.43110717019068	0.0
2004	2010	1	19.276205663292657	19.276205663292657	19.276205663292657	0.0
2004	2011	1	8.586490305486583	8.586490305486583	8.586490305486583	0.0
2004	2014	1	22.902597931541223	22.902597931541223	22.902597931541223	0.0
2004	2015	1	33.83148426693434	33.83148426693434	33.83148426693434	0.0
2005	2016	1	30.102733126615846	30.102733126615846	30.102733126615846	0.0
2005	2017	1	33.584222814032984	33.584222814032984	33.584222814032984	0.0
2005	2019	1	35.86856130666691	35.86856130666691	35.86856130666691	0.0
2005	2020	1	31.175778870569296	31.175778870569296	31.175778870569296	0.0
2005	2021	1	33.34742920322507	33.34742920322507	33.34742920322507	0.0
2005	2022	2	38.902294248106486	38.90228799862051	38.90228799862051	6.249485977605218E-6
2005	2023	1	26.061753573653025	26.061753573653025	26.061753573653025	0.0
2005	2007	1	24.840026978166005	24.840026978166005	24.840026978166005	0.0
2005	2008	1	18.645149932555853	18.645149932555853	18.645149932555853	0.0
2005	2009	1	9.43110717019068	9.43110717019068	9.43110717019068	0.0
2005	2010	1	17.276205663292657	17.276205663292657	17.276205663292657	0.0
2005	2011	1	10.586490305486583	10.586490305486583	10.586490305486583	0.0
2005	2014	1	24.902597931541223	24.902597931541223	24.902597931541223	0.0
2005	2015	1	31.83148426693434	31.83148426693434	31.83148426693434	0.0
2006	2016	1	26.102733126615846	26.102733126615846	26.102733126615846	0.0
2006	2017	1	35.84787401288801	35.84787401288801	35.84787401288801	0.0
2006	2018	1	22.903947849084282	22.903947849084282	22.903947849084282	0.0
2006	2019	1	37.04943821642847	37.04943821642847	37.04943821642847	0.0
2006	2020	1	27.175778870569296	27.175778870569296	27.175778870569296	0.0
2006	2021	1	36.077670792913295	36.077670792913295	36.077670792913295	0.0
2006	2022	1	34.902294248106486	34.902294248106486	34.902294248106486	0.0
2006	2023	1	30.061753573653025	30.061753573653025	30.061753573653025	0.0
2006	2024	1	24.586490305486585	24.586490305486585	24.586490305486585	0.0
2006	2007	1	20.840026978166005	20.840026978166005	20.840026978166005	0.0
2006	2008	1	14.645149932555851	14.645149932555851	14.645149932555851	0.0
2006	2009	1	13.43110717019068	13.43110717019068	13.43110717019068	0.0
2006	2010	1	21.276205663292657	21.276205663292657	21.276205663292657	0.0
2006	2011	1	14.586490305486583	14.586490305486583	14.586490305486583	0.0
2006	2014	1	28.902597931541223	28.902597931541223	28.902597931541223	0.0
2006	2015	1	35.83148426693434	35.83148426693434	35.83148426693434	0.0
2007	2001	1	34.826759378824775	34.826759378824775	34.826759378824775	0.0
2007	2002	1	28.826019661498837	28.826019661498837	28.826019661498837	0.0
2007	2003	1	31.76776343613656	31.76776343613656	31.76776343613656	0.0
2007	2004	1	27.492025759295846	27.492025759295846	27.492025759295846	0.0
2007	2005	1	25.492025759295846	25.492025759295846	25.492025759295846	0.0
2007	2006	1	21.492025759295846	21.492025759295846	21.492025759295846	0.0
2007	2012	2	35.49202580582579	35.49202575929584	35.49202575929584	4.652994789466902E-8
2007	2013	3	38.49202580582579	38.492025752591786	38.492025752591786	5.323400387169386E-8
2008	2001	1	28.557561411873607	28.557561411873607	28.557561411873607	0.0
2008	2002	1	22.556821694547672	22.556821694547672	22.556821694547672	0.0
2008	2003	1	25.498565469185394	25.498565469185394	25.498565469185394	0.0
2008	2004	1	21.22282779234468	21.22282779234468	21.22282779234468	0.0
2008	2005	1	19.22282779234468	19.22282779234468	19.22282779234468	0.0
2008	2006	1	15.222827792344681	15.222827792344681	15.222827792344681	0.0
2008	2012	3	29.222827838874622	29.22282779234468	29.22282779234468	4.6529940789241664E-8
2008	2013	4	32.22282783887462	32.22282778564062	32.22282778564062	5.323400387169386E-8
2009	2001	1	20.386802284268832	20.386802284268832	20.386802284268832	0.0
2009	2002	1	21.4381349141237	21.4381349141237	21.4381349141237	0.0
2009	2003	1	16.37987868876142	16.37987868876142	16.37987868876142	0.0
2009	2004	1	12.104141011920708	12.104141011920708	12.104141011920708	0.0
2009	2005	1	10.104141011920708	10.104141011920708	10.104141011920708	0.0
2009	2006	1	14.104141011920708	14.104141011920708	14.104141011920708	0.0
2009	2012	1	20.10414101192071	20.10414101192071	20.10414101192071	0.0
2009	2013	1	23.10414101192071	23.10414101192071	23.10414101192071	0.0
2010	2001	1	28.79598738545248	28.79598738545248	28.79598738545248	0.0
2010	2002	1	29.847320015307346	29.847320015307346	29.847320015307346	0.0
2010	2003	1	24.789063789945068	24.789063789945068	24.789063789945068	0.0
2010	2004	1	20.513326113104355	20.513326113104355	20.513326113104355	0.0
2010	2005	1	18.513326113104355	18.513326113104355	18.513326113104355	0.0
2010	2006	1	22.513326113104355	22.513326113104355	22.513326113104355	0.0
2010	1019	3	47.72063970881362	47.67816224005221	47.67816224005221	0.042477468761411785
2010	2012	2	28.513326113104355	28.513326012344898	28.513326012344898	1.0075945766629957E-7
2010	2013	2	31.513326113104355	31.513326012344898	31.513326012344898	1.0075945766629957E-7
2011	2001	1	17.04950814778732	17.04950814778732	17.04950814778732	0.0
2011	2002	1	22.100840777642187	22.100840777642187	22.100840777642187	0.0
2011	2003	1	13.042584552279909	13.042584552279909	13.042584552279909	0.0
2011	2004	1	8.766846875439196	8.766846875439196	8.766846875439196	0.0
2011	2005	1	10.766846875439196	10.766846875439196	10.766846875439196	0.0
2011	2006	1	14.766846875439196	14.766846875439196	14.766846875439196	0.0
2011	2012	1	15.222827838874624	15.222827838874624	15.222827838874624	0.0
2011	2013	1	18.222827838874622	18.222827838874622	18.222827838874622	0.0
2012	2016	2	40.10273316620893	40.102733126615846	40.102733126615846	3.959308259027239E-8
2012	2017	2	43.584222814032984	43.5842227459319	43.5842227459319	6.81010803305071E-8
2012	2018	2	36.903947888677365	36.90394784908428	36.90394784908428	3.959308259027239E-8
2012	2019	2	45.868561306666905	45.868561233629194	45.868561233629194	7.303771099032019E-8
2012	2020	1	38.19493817392653	38.19493817392653	38.19493817392653	0.0
2012	2021	1	29.4060898172853	29.4060898172853	29.4060898172853	0.0
2012	2022	1	34.96094861268074	34.96094861268074	34.96094861268074	0.0
2012	2023	1	22.120414187713255	22.120414187713255	22.120414187713255	0.0
2012	2024	1	16.645150919546815	16.645150919546815	16.645150919546815	0.0
2012	2007	2	34.84002701775909	34.84002697816601	34.84002697816601	3.959308259027239E-8
2012	2008	2	28.645149972148936	28.645149932555853	28.645149932555853	3.959308259027239E-8
2012	2009	1	19.43110717019068	19.43110717019068	19.43110717019068	0.0
2012	2010	2	27.276205663292657	27.27620559519176	27.27620559519176	6.81008955893958E-8
2012	2011	1	14.645149972148937	14.645149972148937	14.645149972148937	0.0
2012	2014	1	28.961257598203577	28.961257598203577	28.961257598203577	0.0
2012	2015	2	41.83148426693434	41.831484176562576	41.831484176562576	9.037176340598307E-8
2013	2016	1	42.66918555855106	42.66918555855106	42.66918555855106	0.0
2013	2017	2	46.584222814032984	46.5842227459319	46.5842227459319	6.81010803305071E-8
2013	2018	1	39.47040028106583	39.47040028106583	39.47040028106583	0.0
2013	2019	1	45.068597519785676	45.068597519785676	45.068597519785676	0.0
2013	2020	1	35.19493817392653	35.19493817392653	35.19493817392653	0.0
2013	2021	1	26.406089817285302	26.406089817285302	26.406089817285302	0.0
2013	2022	1	31.96094861268074	31.96094861268074	31.96094861268074	0.0
2013	2023	1	19.120414187713255	19.120414187713255	19.120414187713255	0.0
2013	2024	1	13.645150919546817	13.645150919546817	13.645150919546817	0.0
2013	2007	2	37.84002701775909	37.84002697816601	37.84002697816601	3.959308259027239E-8
2013	2008	3	31.645150919546815	31.645149932555853	31.645149932555853	9.869909618487327E-7
2013	2009	1	22.43110717019068	22.43110717019068	22.43110717019068	0.0
2013	2010	2	30.276205663292657	30.27620559519176	30.27620559519176	6.81008955893958E-8
2013	2011	1	17.645149972148936	17.645149972148936	17.645149972148936	0.0
2013	2014	1	28.161293973081495	28.161293973081495	28.161293973081495	0.0
2013	2015	1	41.03152050618844	41.03152050618844	41.03152050618844	0.0
2014	2001	1	31.26444511295746	31.26444511295746	31.26444511295746	0.0
2014	2002	1	36.31577774281233	36.31577774281233	36.31577774281233	0.0
2014	2003	1	27.257521517450048	27.257521517450048	27.257521517450048	0.0
2014	2004	1	22.981783840609335	22.981783840609335	22.981783840609335	0.0
2014	2005	1	24.981783840609335	24.981783840609335	24.981783840609335	0.0
2014	2006	1	28.981783840609335	28.981783840609335	28.981783840609335	0.0
2014	2012	1	29.43776480404476	29.43776480404476	29.43776480404476	0.0
2014	2013	1	29.144007956212448	29.144007956212448	29.144007956212448	0.0
2015	2001	1	42.77175338991236	42.77175338991236	42.77175338991236	0.0
2015	2002	1	43.82308601976723	43.82308601976723	43.82308601976723	0.0
2015	2003	1	38.76482979440495	38.76482979440495	38.76482979440495	0.0
2015	2004	1	34.48909211756424	34.48909211756424	34.48909211756424	0.0
2015	2005	1	32.48909211756424	32.48909211756424	32.48909211756424	0.0
2015	2006	1	36.48909211756424	36.48909211756424	36.48909211756424	0.0
2015	2012	2	42.48909211756424	42.48909201680464	42.48909201680464	1.0075959977484672E-7
2015	2013	1	42.195335161809396	42.195335161809396	42.195335161809396	0.0
2016	2001	1	40.08623762849384	40.08623762849384	40.08623762849384	0.0
2016	2002	1	34.085497911167906	34.085497911167906	34.085497911167906	0.0
2016	2003	1	37.02724168580563	37.02724168580563	37.02724168580563	0.0
2016	2004	1	32.751504008964915	32.751504008964915	32.751504008964915	0.0
2016	2005	1	30.751504008964915	30.751504008964915	30.751504008964915	0.0
2016	2006	1	26.751504008964915	26.751504008964915	26.751504008964915	0.0
2016	2012	2	40.751504055494856	40.751504008964915	40.751504008964915	4.6529940789241664E-8
2016	2013	4	43.751527938947575	43.75150400226086	43.75150400226086	2.3936686716297118E-5
2017	2001	1	45.10400453619262	45.10400453619262	45.10400453619262	0.0
2017	2002	1	43.89313784333088	43.89313784333088	43.89313784333088	0.0
2017	2003	1	41.09708094068521	41.09708094068521	41.09708094068521	0.0
2017	2004	1	36.8213432638445	36.8213432638445	36.8213432638445	0.0
2017	2005	1	34.8213432638445	34.8213432638445	34.8213432638445	0.0
2017	2006	1	36.559143941127886	36.559143941127886	36.559143941127886	0.0
2017	2012	2	44.8213432638445	44.821343163084876	44.821343163084876	1.0075962109112879E-7
2017	2013	2	47.8213432638445	47.821343163084876	47.821343163084876	1.0075962109112879E-7
2018	2001	1	36.891875294356154	36.891875294356154	36.891875294356154	0.0
2018	2004	1	29.55714167482723	29.55714167482723	29.55714167482723	0.0
2018	2006	1	23.55714167482723	23.55714167482723	23.55714167482723	0.0
2018	2012	2	37.55714172135717	37.55714167482723	37.55714167482723	4.6529940789241664E-8
2018	2013	1	40.557141668123165	40.557141668123165	40.557141668123165	0.0
2019	2001	1	46.84082888750278	46.84082888750278	46.84082888750278	0.0
2019	2	1	51.26689897407459	51.26689897407459	51.26689897407459	0.0
2019	2002	1	45.14567372008365	45.14567372008365	45.14567372008365	0.0
2019	2004	1	38.55816761515465	38.55816761515465	38.55816761515465	0.0
2019	2005	1	36.55816761515465	36.55816761515465	36.55816761515465	0.0
2019	2006	1	37.81167981788066	37.81167981788066	37.81167981788066	0.0
2019	2012	2	46.55816761515465	46.5581675143951	46.5581675143951	1.0075955003685522E-7
2019	2013	1	46.264410654074595	46.264410654074595	46.264410654074595	0.0
2020	2001	1	41.167337401495516	41.167337401495516	41.167337401495516	0.0
2020	2002	1	35.16659768416958	35.16659768416958	35.16659768416958	0.0
2020	2004	1	33.83260378196658	33.83260378196658	33.83260378196658	0.0
2020	2005	1	31.832603781966586	31.832603781966586	31.832603781966586	0.0
2020	2006	1	27.832603781966586	27.832603781966586	27.832603781966586	0.0
2020	2012	1	39.285334582037606	39.285334582037606	39.285334582037606	0.0
2020	2013	1	36.285334582037606	36.285334582037606	36.285334582037606	0.0
2021	2001	1	38.408541191358154	38.408541191358154	38.408541191358154	0.0
2021	2004	1	31.927461749492164	31.927461749492164	31.927461749492164	0.0
2021	2005	1	33.92746174949217	33.92746174949217	33.92746174949217	0.0
2021	2006	1	36.62145213860773	36.62145213860773	36.62145213860773	0.0
2021	2012	1	30.383442659693586	30.383442659693586	30.383442659693586	0.0
2021	2013	1	27.383442659693586	27.383442659693586	27.383442659693586	0.0
2022	2001	1	44.02132245103323	44.02132245103323	44.02132245103323	0.0
2022	2002	1	42.8797276844748	42.8797276844748	42.8797276844748	0.0
2022	2003	1	40.014398855525876	40.014398855525876	40.014398855525876	0.0
2022	2004	1	37.54024300916724	37.54024300916724	37.54024300916724	0.0
2022	2005	1	39.54024300916724	39.54024300916724	39.54024300916724	0.0
2022	2006	1	35.54573378227181	35.54573378227181	35.54573378227181	0.0
2022	2012	1	35.99622391936866	35.99622391936866	35.99622391936866	0.0
2022	2013	1	32.99622391936866	32.99622391936866	32.99622391936866	0.0
2023	2001	1	30.940303106586406	30.940303106586406	30.940303106586406	0.0
2023	2003	1	26.933379511079053	26.933379511079053	26.933379511079053	0.0
2023	2004	1	24.45922366472041	24.45922366472041	24.45922366472041	0.0
2023	2005	1	26.45922366472041	26.45922366472041	26.45922366472041	0.0
2023	2006	1	30.45922366472041	30.45922366472041	30.45922366472041	0.0
2023	2012	1	22.915204574921837	22.915204574921837	22.915204574921837	0.0
2023	2013	1	19.915204574921837	19.915204574921837	19.915204574921837	0.0
2024	2001	1	25.247926317305193	25.247926317305193	25.247926317305193	0.0
2024	2004	1	18.766846875439196	18.766846875439196	18.766846875439196	0.0
2024	2006	1	24.766846875439196	24.766846875439196	24.766846875439196	0.0
2024	2012	1	17.22282778564062	17.22282778564062	17.22282778564062	0.0
2024	2013	1	14.222827785640622	14.222827785640622	14.222827785640622	0.0
1012	2015	2	91.40561112622237	91.4056110358506	91.4056110358506	9.037177051141043E-8
