iteration 	 master_max 	 master_avg 	subnet_0_max 	 subnet_0_avg 	subnet_1_max 	 subnet_1_avg 	full_max 	 full_avg
0	0.0	0.0	0.0	0.0	0.0	0.0	0.0	NaN
1	668.399362747298	28.81348075274581	514.0124641420327	17.24282037287453	62.39491332037798	5.490426070039416	783.6108915017414	70.87616635958487
2	524.7364095732255	22.974673209732124	92.34284230614243	2.9090762098490166	839.0242264301144	38.50883803653925	234.2679688011758	9.049746067426138
3	896.8957242787997	90.71021254491072	520.9603778048022	9.171642694257539	24126.641327301633	386.429024186719	134.95563114733693	14.546546806415277
4	7629.678557403698	311.44374386089015	5310.250173288292	67.56500602072695	2322.0112430841946	101.54668727028125	985.0951853977357	100.71609887506567
5	3775.022953582337	534.4397086712976	955.7675892292527	24.472890865199517	9207.524039676819	266.4134199866763	931.0521373851819	105.09058234484512
6	14241.42421188861	1441.9681146136672	446.87922906389815	13.886075669509951	361.6615613731281	27.986090554284605	655.6555179737398	86.53051460742385
7	9701.13826333626	928.2725634274511	1055.3979558824462	71.13971332542036	4942.51148956321	158.27596820112933	876.5774928043045	103.12377084917313
8	11669.369599831623	1432.9468121874038	9414.748205376134	91.37065714945057	10483.886089995543	338.9534698770268	932.9043955010029	139.67254099178103
9	25225.045770248766	1868.1620095115522	10285.556612110795	176.13961965191785	1173.0389031734935	79.25020490635781	2030.071504575593	327.8609831909296
10	24130.984727720555	2122.5865657649183	42822.36706857305	410.9859425215704	4457.543259029736	55.49026619547322	2580.4109227110334	363.9063309453151
11	25685.258728706576	2869.119438580374	183.2610499986589	5.749125885975262	727.4278544570898	26.85377600209735	1339.8383575587218	289.61311342556644
12	17619.097609666853	2091.249188977104	6676.986165069589	92.69547240651957	12026.795782517724	435.10981780629237	4531.649439129306	660.0714593077514
13	31790.306158767773	2998.3820017889543	2255.1415729871587	53.46253733603716	5538.038765606354	212.95118845821438	4466.175048784893	654.2005661373386
14	42216.90102072322	3510.045278450118	3565.955889365039	71.78646143779802	2309.2051872239713	62.27871488627474	2440.2023339958496	401.8110647831152
15	33454.30614161175	3595.2125187469064	6093.236251211594	51.44661612945762	4321.288600580391	202.69810505589183	2108.52129647399	399.963246610273
16	32780.425612131025	3588.5622067281656	3416.7786925747823	78.62948062161139	14582.010197668467	515.3892145584201	5347.263507071808	781.442278418066
17	45963.526605301704	3768.013262872734	982.0286453502267	19.009613593513347	1629.3252967300534	41.93814630377998	5310.608466783599	776.7285676191548
18	35871.06161663701	3014.0510870680514	398.52105582105287	16.172917252340245	794.716004494394	17.194072185525098	3300.0080177287905	549.2989712659275
19	34350.49443679154	3148.0914521882746	199.18205307535027	4.241525047739457	4901.117922906512	150.30589854190723	3382.4697560516943	599.6592107811085
20	33757.90192063116	3295.966841236414	961.8071992953583	16.515576622278108	5676.974582045626	198.6337741143679	5978.631014667249	994.7598744721178
21	37747.64750871027	3266.121484250517	892.9989283401155	17.499415018990465	4038.1525128098356	149.44007973603448	6472.427630394469	1042.1886942165406
22	34451.89845074342	2677.4479475869757	221.73361925493373	6.627891701125896	517.9405189173472	16.33254339441505	3553.291695752459	624.6935018418249
23	33580.65091350464	2654.4099416441595	787.9592594191297	24.183465812331722	4988.937766299238	153.3324490694121	3957.9311735629044	680.6782229192055
24	35322.77410906176	3415.029251888014	294.49980008775856	5.355446596872914	1056.6655345838567	32.08465584657221	3473.012208703744	634.0391995013543
25	35611.678769645645	2897.8219547457315	2037.5185787206283	46.415488892450554	4539.115024933097	158.98454977686143	6902.249837874213	1275.2183048032214
26	33860.407781328715	3022.2838612682212	5740.254942089217	197.19952476402852	2186.6883662706805	69.9300682335685	7859.114786318915	1193.9327260406073
27	32822.21233018628	2818.373055794144	1020.8583724031851	9.73315353199967	1499.1912498798024	38.790040495032194	4338.17601471726	705.5815498002252
28	46632.29934598314	3605.9465111454356	568.7838980443722	12.869261643239893	4197.177463251318	106.59483580153486	3607.8077353061303	679.9382556366829
29	46432.200584719554	4065.735397333166	2858.3711274762463	75.76700600570737	944.2713509377729	57.263098381066236	6737.384740524483	1213.319712601691
30	48549.01050641062	3918.3421237742727	6681.832349220116	114.6699745569863	1301.1639412561854	37.36150476430479	6349.366575168865	1093.5734412359454
31	47588.098595973526	3859.1012199245715	2348.4384359106043	46.937887385706816	2629.284906833547	110.7144637247007	4118.100509414602	687.8383984793048
32	51826.52386728941	4122.570867565629	545.9665369496201	7.789793452874149	1197.5441898625586	43.40738477098893	4611.709573246868	800.0421164624315
33	42929.734813316514	3866.98898647204	229.85452578535796	8.536264334672781	1340.6992754865864	52.88561481787343	9256.018589080026	1394.0964044949435
34	44252.02808546277	3638.915782813112	4337.413715237337	73.86934165306697	717.4442547483727	16.33846888256465	8325.171019812766	1303.6523968428216
35	44945.83987730247	3487.0828187418197	2064.6102254473008	22.0605558607775	2427.11720219895	62.31557768313806	3734.164811988678	732.742529713095
36	50010.10327157626	3802.163920189249	2214.1389960112283	21.31870822521396	823.3035192271709	13.551148359627842	4879.018374839296	820.3743193251
37	42124.22195433435	3698.85135906598	2244.5003756842198	54.11122793275001	719.8420808411756	25.063821312332706	11442.389950292809	1483.178683452639
38	44249.817390860764	3761.960056132091	4341.679518753226	51.79957110396051	666.9422465207308	25.945620351002916	9784.724691391604	1446.8169773882632
39	44734.376199302525	3519.213448514178	2355.5614674464014	20.77252809098574	1512.318679596864	45.33724307416669	4792.879884159717	780.5763349515237
40	49219.320805696436	3734.3483543206935	1887.6959052500097	31.676607854189523	483.39723356070135	17.827144933546187	5173.313862553818	903.5178829340412
41	42620.64807332413	3781.6944834163296	1772.4267129473665	65.28088458603148	398.93972890744226	42.982735587386166	10731.893069130321	1620.4456528799867
42	44558.398398565645	3729.070425924929	684.3169844233998	10.760528313564443	218.14037725915432	20.836063270852854	9938.377846643525	1577.4472579945423
43	44928.86431652361	3268.698020961579	1159.657947194537	22.549293738739863	1434.8074771964702	28.084862593545036	3845.5573720778275	713.4048496316317
44	45468.9121921892	3498.0166280364842	1595.353800688732	48.26646371503152	669.2682110061214	20.211503273305187	4723.637903686308	878.6220199457562
45	42533.56913978141	3856.636238748238	1372.3971634062473	36.30912528788625	580.6881037003741	26.473515519704875	11938.907456158027	1969.1405008487911
46	44247.13447405184	3751.186007959447	519.318156345942	12.58854788070901	827.1426579538934	7.786442296353717	11291.30832769644	1757.3233068028185
47	44395.130308662454	3176.757497049602	593.6259593449286	5.122298414506441	1200.1979678932148	19.39626057458616	5354.58974101848	925.9680511770408
48	45572.1514875491	3374.4477090868922	1735.8423963774694	29.664682472438837	878.6840178183338	11.887198066735433	5875.305610132045	1045.9756121031319
49	42975.577650766856	3860.5380781073513	1663.5957131993055	44.28162302622548	230.23270488164417	16.042447513881562	13069.987241222809	1975.0849268820693
50	43745.39849129017	3683.1428095082388	202.38365311285725	3.4446971943441995	313.23138690799715	9.273221858017552	12060.496949418479	1868.1257999569677
51	44550.589221701244	3133.083479449894	546.5019147984276	4.938649056718203	1190.229600837577	21.265848954739532	5769.258113576913	919.7916278810546
52	46050.424773799044	3360.120561255028	1685.9974361667846	44.8562109345515	888.8446664701041	15.23871319367462	6796.478141734854	1132.1787306192377
53	43132.182618863924	3863.9732091786786	1585.2586535866867	39.68408168039375	571.0231452069074	13.412395939965146	14076.320143544322	2241.1857266348916
54	44173.39702887344	3701.377693160955	351.8034762425741	7.184207347720582	493.5014200433752	10.285462974760748	13178.3467769802	2222.301346129261
55	44911.12385815749	3149.256060662955	237.8662808935478	2.0638616895626565	902.8422838838378	22.2460472428238	6090.08008586119	1019.6361856666257
56	45373.612939454	3355.953972723061	996.0034632821116	15.358309889748115	244.82331393759569	8.802819669609155	7138.950967218087	1235.4572376990634
57	42588.60575494591	3778.497418576932	972.1945583141278	11.299089485782297	78.76530707032907	3.985534892713815	15197.158061397908	2562.459605262997
58	43710.654372492965	3613.515238440323	392.65932120699017	12.021296472830269	29.34049004609915	1.457375586428528	14126.548882165345	2208.5130618734875
59	44237.17101453179	3111.106809456276	144.9355326740988	1.3777962598832556	267.3797937390709	17.59865673595515	5909.429402205869	970.7867007720216
60	44761.90289263399	3339.5728632715372	958.2114019678338	14.837893660997523	222.06425492149765	6.27374934032936	7153.517075881003	1205.947097812457
61	42612.48689391241	3835.0252259065037	951.8938708607748	12.199883566211025	484.101564280636	3.700793578482055	13537.929761073628	2269.375324907838
62	43548.13591418536	3641.2983177743213	399.3495943300368	12.305271587736614	216.7708151298466	1.8775109881619336	11372.142971666792	1752.0032510487745
63	44084.17056576348	3111.327700749199	152.279997960115	2.818577012492334	129.207496687819	2.3262757512260275	6544.019220248507	1017.0557929218767
64	44618.9153885645	3306.282344357291	944.0290675862052	12.004993632582561	135.34432383016656	2.251956057298924	7063.802387484837	1215.4780159822444
65	42664.34657297118	3824.1247979953246	58.70791941355628	1.1425233999693902	113.42998977276966	0.7907634363510876	17013.54529622384	2711.098118631736
66	43467.335656211515	3628.389234529767	247.8552445708583	3.87061676762459	105.97148083194224	0.6122460127265853	14045.095482112449	2237.6548128742947
67	43663.09591419956	3079.1403896934967	154.6419977409587	2.830884507006506	148.29177505671214	2.080732512124678	6674.9364748433545	1014.4079229243259
68	44569.6507560814	3290.711482167315	274.1644385461477	2.9985822990080084	142.86372607612384	1.7528160398221584	7311.149965538095	1267.7386910122234
69	42643.19802322657	3827.158594643725	66.11386867189344	0.7072800714207745	9.025856621206913	0.506305770127518	12641.816446294943	2224.7233179581126
70	42968.91057148446	3617.6729110543383	155.11322779453894	2.6272332312253504	3.049909150950043	0.19076156292946406	10632.211835826625	1794.7396678014923
71	43566.408843860736	3058.6096772315286	155.75229134201982	2.826790938091383	95.71255073965358	1.1494806647856033	6229.333578866738	993.2057350267686
72	44545.20550002108	3278.4760385410777	6.489829251968331	0.05935134966560103	82.97613789767001	1.6485589017581082	6740.015766012521	1156.265660594321
73	42656.37483766807	3836.61269350257	10.352387777227023	0.25665738834341145	85.868273301724	0.33654955923058194	13056.02029470531	2262.1476487779464
74	42957.33442166762	3614.7294834697886	17.624460809597622	0.29205654559358646	81.14341103915831	0.5140031116790307	11079.357820455385	1873.497389321661
75	43562.63927803367	3054.9499267072124	154.60131321580775	1.4952656544190022	79.36395243654715	0.5890798392896505	6653.261684442334	1053.4970380128389
76	44544.143119401866	3273.7248055877685	285.87629660042876	3.0622436865493636	56.03211918342595	0.33856997408487693	7204.039389288774	1274.3311397098073
77	42704.618972308075	3833.0264424059324	54.35216187817355	0.5831519607849805	95.53818619962749	0.4433369860974352	16011.413210485058	2677.5145603331266
78	42954.92398783511	3606.122226319341	17.200747472604235	0.2780718743946455	90.1835519283677	0.5538418824865043	13732.092366439661	2208.224114209422
79	43552.69575352816	3050.26440779648	20.410152334217855	0.19064746361602516	25.945998020807565	0.2689458268657256	7199.146098766934	1098.460154629637
80	44568.36841844092	3268.873577932697	290.71766693577956	2.9841249873577964	6.70243109514513	0.0537879012788143	7471.394991164997	1328.749519088215
81	42748.77801627059	3833.0809587077647	42.56579669557004	0.47515102451639446	4.020836501584199	0.22632226417996304	15616.598325885194	2490.229301751127
82	42979.57521847479	3602.5585398507997	12.074796900156798	0.10829774968612758	0.17407842523812178	0.010895691254649953	12799.684012315656	1964.4414087259117
83	43564.83177309198	3050.3681373582863	4.171749652574363	0.038461003598120026	17.989505614997142	0.13739145311426557	7967.7142934821895	1164.739656117084
84	44589.92948117285	3269.2933926218807	295.14360778910486	2.916675506786663	7.09821348550895	0.06185452945892167	7590.411661830717	1310.529685215771
85	42797.87762218514	3830.462363903264	32.844908549318006	0.3956561926634109	183.8536834761626	1.2957206818826903	15904.941419209666	2723.8408276189793
86	43002.133217110335	3600.155181713865	12.067659926277884	0.10812899076388084	2.391435501279375	0.10783146783761052	13418.737286482597	2147.6605292376344
87	43573.41313630337	3050.367680643435	4.31662462138047	0.03835184297667911	30.99182741954519	0.25633714930745644	7425.278781124401	1164.6098402007021
88	44602.91939152655	3266.6923791296886	34.8974070982797	0.38571231351876634	7.00255104434018	0.22893176408165028	7720.106152793724	1318.854972334944
89	42822.04334587895	3837.8977478131765	0.42373865986519377	0.0038140888438577417	0.24320312874624506	0.024184902274792752	16968.586639291956	2765.670513413349
90	43016.22902032479	3602.632644414596	11.724076918870196	0.09573070119050305	0.5247019919524973	0.030083181818240507	14764.034300953843	2338.357062378873
91	43576.331729665195	3049.1320436226774	0.7371270642324816	0.006351849973005917	13.288533051988907	0.13355325582694638	7386.785315602885	1142.0491014113302
92	44613.94230506696	3268.474579610137	37.55103555749224	0.665552228406071	1.4204778157468354	0.08045184638043697	7148.931549017259	1239.2314382819986
93	42815.867227248316	3837.2812128544133	24.788562840278928	0.6895691054090943	0.21744830418629135	0.00880926874569178	14857.452601370798	2275.1847130472797
94	43024.78602563844	3602.7829008689273	11.707349493507536	0.09677795572468342	0.13217453996367112	0.008283517665450558	13594.093803466707	2249.5301566439075
95	43582.737312849786	3051.278021428094	0.7355816326962668	0.006422603366153605	8.733064103659672	0.06122173640784513	6376.004409058786	1032.4640308199457
96	44628.825505031964	3271.732339669436	29.067840760590343	0.5706966607904492	1.9601145100118629	0.024245233750666496	6943.206750945183	1208.9744878191493
97	42772.29595747367	3834.663034111059	0.12019533701459295	0.0012382796434856752	0.010482715350462968	0.0013282693878255917	16406.746719665363	2721.827976170452
98	43041.99569644869	3602.108582550048	11.60683691624763	0.08998079513615499	0.08723230286432226	0.006624018193710712	14294.657150163948	2226.4441723513373
99	43587.82953144645	3050.5631821050642	0.7277433917770395	0.00632810454881993	7.19645014921025	0.05181057268920184	7391.588107449224	1144.7899162084202
100	44639.78451368973	3268.684347557302	4.714461467866386	0.18631820135293742	0.6030515094680595	0.03266411500252957	7577.60972046173	1301.5673005345016
101	42805.351101748165	3832.6741912404696	0.06812457529667881	7.020627408881738E-4	0.04607544921600493	0.0031626664179782438	14429.36200247007	2355.6087102059823
102	43055.460960038516	3599.288638611456	11.504713706708571	0.08850275408087083	0.08536747094376551	0.0064487323015265064	12342.070321434254	1959.2574768673153
103	43598.20149524734	3049.184143446787	0.16088670167664532	0.001402603764110293	0.33873148382872387	0.002006848611413716	7920.198626472681	1238.3754434522325
104	44654.02522409109	3272.462969307051	4.940265835246464	0.19572643386589736	0.37079019242128197	0.009243902570479795	7454.997915856731	1311.4068618534757
105	42630.88937374935	3820.588585739279	0.03631984688399825	3.7443841254713095E-4	0.03719919857030618	0.002940136256451457	13906.364527530724	2146.4422098926057
106	43072.86717576801	3596.4511329701386	11.451990277807454	0.08878001796315685	0.0441790568338547	0.002734221975266614	12027.998007898328	1752.5884603399616
107	43610.54426611712	3044.765350039477	0.12488180701620877	0.0010841739978377143	0.17562102749161568	0.003405325461366618	7977.982996638191	1250.251231309574
108	44671.91122513712	3254.6048155894864	0.571318885974506	0.018893011748643596	0.05644596193678808	0.0018157176000806758	7614.75508265159	1334.7267438539616
109	42987.421357521496	3836.4405573711792	0.013763414885033853	1.4193970973718054E-4	0.06097019193111919	0.003730778004445504	14817.171346558745	2431.219470941778
110	43088.34245207602	3594.4948239037935	11.4247141142896	0.0885685307066471	0.01525992573442636	0.0010056812384628049	12897.43425307097	1988.3832225901922
111	43619.73330180021	3046.1260812254045	0.02598825141467387	2.256719793161037E-4	0.1799862254852087	0.001930255101715171	8010.059375593835	1240.5303270386398
112	44683.24072240047	3255.8168422186113	0.6428976875315584	0.021403501309300438	0.08879287510444556	0.0010371019672388308	8152.969805114744	1408.4877349442193
113	42993.55431053048	3838.1436659342467	0.0067270384715811815	6.939903627254785E-5	0.2699885824913508	0.005012729088909587	12878.939891507314	2321.139568753727
114	43103.555560285844	3596.2800213724645	11.412321099548535	0.08986645450164006	0.0166771032345423	5.974865740215086E-4	10957.294323885497	1814.1996191241815
115	43627.86808451622	3047.6857647192032	0.032439688278827816	2.927047020600325E-4	0.10442326086513276	7.394035695092235E-4	7663.690439274391	1197.9533058068748
116	44694.01340543609	3255.6646761749616	0.004057888141687727	4.1812625118971065E-5	0.008414682487455138	2.0264786441163567E-4	7792.074874281711	1343.7418658660679
117	43035.687940524826	3842.086908796883	1.7298040079367638	0.030008016041733754	0.004091511819751759	1.4374745303799926E-4	15379.413454892068	2389.9594699651343
118	43115.814435988825	3597.676195528598	11.408875877663377	0.09055149255645722	0.009103117745326017	5.703674351218996E-4	12551.420533686285	1914.7542116816114
119	43634.421708106594	3048.7487975675954	0.024230019917013124	2.1032694579870554E-4	0.025164870465687272	3.428161160574262E-4	6406.784671256757	1064.0622988378548
120	44701.811116441815	3256.1231106180962	0.00217860632983502	2.246972923196571E-5	0.006197722093475022	2.2826327781052348E-4	7180.45360514843	1272.035766196104
121	43068.35695005565	3846.0573805401896	0.4937599540462543	0.005493643987353607	0.01106953254839027	5.185256261369344E-4	15945.91379679491	2683.1479818917755
122	43128.53434955493	3598.240591676075	11.405285500142782	0.08841780044192124	0.009578450366461766	4.956894116968182E-4	13877.102103880672	2173.1508290353518
123	43638.701821675364	3050.4390300321543	0.00470223886804888	4.081766763264125E-5	0.020836661798966816	1.587055090360901E-4	7749.725279575518	1238.5175983174004
124	44697.00982912653	3256.805648438337	0.0016956297622527927	1.7020263665775322E-5	0.008728100570351671	3.025621172344972E-4	7315.240948139914	1296.0993854575331
125	43093.85638056417	3853.1073350712536	0.024236229908410678	4.4682849510543687E-4	0.001059754412381153	6.424114086923584E-6	9514.979749286487	1872.4981181350497
126	43135.73263271646	3598.751418941563	7.607272789300623E-5	2.3816034477874837E-6	0.0036370223924677703	1.9279616048236762E-4	7537.7927369957015	1422.5589986234104
127	43645.886744079224	3051.884933735607	0.004894940429949202	4.2496845121942806E-5	0.012686395857144817	9.084323345396564E-5	8096.598755484408	1269.7769109479034
128	44707.6278052017	3257.6393345682127	0.015599180087974673	3.835897586806495E-4	0.001576271340582025	5.323181131190563E-5	7318.43245679293	1344.0789690127533
129	43097.81216858525	3853.861097495224	0.028418317372768342	5.299831377847113E-4	0.025444760261962074	8.49671270163004E-4	13528.26183179035	2355.127925270907
130	43144.70425651602	3598.943278307682	11.4062030902478	0.08774471386028346	0.01849425090767909	6.614014769729938E-4	11370.639655769943	1853.4819984827093
131	43653.60669292839	3052.618697241328	0.0010162078469875269	8.822187670029812E-6	0.0021947269087831955	2.792555559960479E-5	7493.378772902989	1197.9850357717828
132	44717.34117913113	3257.740920026626	0.011593226955938007	2.874365704357376E-4	0.0012302834488764347	3.538283443446134E-5	8065.834196621665	1430.7635475619923
133	43113.758090391966	3854.6950263846925	0.027512276513505185	5.131039246184627E-4	0.011471352627268061	3.59739515491438E-4	16102.701721214957	2774.032278420515
134	43155.3271111927	3599.708650528697	1.4288511283666594E-4	4.573108100885292E-6	0.010341762015741551	4.0013510851735697E-4	14015.832960920805	2236.2269552375114
135	43658.745898232046	3051.790515538126	0.001010359228530433	8.772496544751004E-6	0.0014379691028807429	1.6216466190988044E-5	6939.253893534112	1136.1397315227491
136	44725.11237094217	3258.4102510992548	0.008294237640484425	2.0564281861098149E-4	5.69759703012096E-4	3.1747501669174416E-5	7439.799384333871	1354.634692427683
137	43113.8539316093	3855.5919988910405	0.004014857590448173	7.456110427434786E-5	6.989515886743902E-4	3.9529754964412737E-5	16477.22952491832	2540.7086657111663
138	43161.191081841236	3598.4214931776646	1.0791778663588047E-4	3.453927434748039E-6	4.740296590171056E-4	2.295208339321248E-5	13921.487017642237	2253.682452542703
139	43661.55075540931	3052.111215787235	0.0010125276385224424	8.791319374752728E-6	0.00126311926442213	1.7288760530565277E-5	8063.277979894484	1284.3780261903528
140	44731.28964456303	3258.657430214781	0.007783956084495003	1.9299093052670423E-4	3.874978319799993E-4	1.9752889680484774E-5	7272.469445990298	1335.8471034855743
141	43125.12937296963	3856.421428973947	0.004057104383036858	7.534354626336103E-5	7.788345437802491E-4	2.6878379970522547E-5	14174.24900087965	2443.1498182331666
142	43167.63312776596	3598.6815941555496	7.86485276194071E-5	2.5169921600536326E-6	5.009021397199831E-4	1.3862075717420276E-5	13010.488416011647	2109.8352097158404
143	43666.18448517383	3052.4593618835115	2.1039518469478935E-4	1.8268775178031388E-6	0.0017416565506209736	1.2240917320747386E-5	7997.653234099595	1271.3246536761524
144	44737.37323321024	3259.0213366268486	0.003216370573909444	7.974489699148205E-5	3.5607568452178384E-4	1.3718191046994837E-5	6874.67285194043	1244.938501941284
145	43128.549770367856	3852.451788005411	0.004043364254812332	7.508938728412273E-5	7.661921608814737E-5	2.8820430082966384E-6	14416.050225408675	2167.568411363372
146	43173.2487286774	3596.164476926913	1.4190254648838163E-4	4.400273027837215E-6	3.653691828731098E-4	2.097494443601449E-5	13380.016357364426	2147.7584481858416
147	43669.68096870698	3051.8430345571205	2.1538461442105472E-4	1.8705076426090837E-6	6.407546729860769E-4	8.6712841218598E-6	6476.503942250726	1080.8340818433282
148	44742.35145156834	3256.2398744617026	3.9763921768098953E-4	9.858933717924245E-6	8.578511260566302E-4	1.9789873936873803E-5	7410.8167730086825	1338.482842533518
149	43120.785748582384	3852.121293988483	5.570754374844E-4	1.0350669333276874E-5	1.003941697490518E-4	5.087217467594959E-6	16121.10610299366	2707.9161107545624
150	43178.619556653466	3596.650638509244	1.1275197459781339E-4	3.523662980065012E-6	1.916110059028142E-4	9.049509524132109E-6	14057.239014919061	2222.5156553089064
151	43671.647569097426	3052.354863058551	4.4132488255854696E-5	3.8318896074561655E-7	1.4760137628400116E-4	1.0973763063962646E-6	7765.973230585907	1254.9574484778295
152	44745.69852582205	3255.6432043914097	1.1761130963350297E-4	2.916033443112565E-6	4.976350237484439E-5	1.2660575676322465E-6	7307.8447402127795	1341.1203505934209
153	43143.53709761861	3853.705906094406	5.47510617707303E-4	1.0172953585381384E-5	6.345520341710653E-5	2.2471557835424882E-6	13228.473931093717	2365.811189485931
154	43182.004325736976	3597.005700408539	1.5128606048619986E-4	4.691092910906609E-6	5.740573533330462E-5	1.7147911794314923E-6	11353.234094685276	1880.753430883926
155	43673.43721882142	3050.8018994510294	4.43698518211022E-5	3.8524250488659495E-7	1.0024473249359289E-4	1.405355491521312E-6	7517.260520727928	1205.9378684631681
156	44749.363649463325	3254.129175233687	9.026981751958374E-5	2.2381238846148244E-6	1.0318126442143694E-4	3.237755216149928E-6	7471.551118011223	1334.8857336535796
157	43150.93217641515	3852.9219151760453	1.9310036975639377E-4	3.51572469529827E-6	2.6667621568776667E-6	2.330434896251703E-7	14467.13288181102	2442.716979464244
158	43184.9705311496	3595.370780524179	1.4258770920605457E-4	4.421381777672283E-6	5.398320263338974E-5	1.860489925873152E-6	12504.720746372095	2038.2542263624305
159	43673.48794087079	3049.234377349451	4.596716462401673E-5	3.9954828153437E-7	1.6986325499601662E-4	3.332845745607216E-6	7041.3290364313625	1134.6372828274057
160	44751.63332691961	3257.6295681604997	0.001247622992423203	3.067929334274148E-5	6.694825742670218E-5	4.291309771824093E-6	7952.360957952224	1384.7956932560323
161	43076.601820689575	3849.414546919854	9.189248271468387E-5	1.7340543372483807E-6	1.220580998051446E-5	4.660406462818193E-7	14465.271655775505	2175.6174709198713
162	43178.45134525945	3592.172525180525	1.4038709650776582E-5	4.3534408780752255E-7	1.035159220919013E-5	6.049615586544147E-7	13685.87334304567	1971.064211595106
163	43672.24938283288	3049.653294719598	4.41271040472202E-5	3.832132324156898E-7	4.7493296733591706E-5	6.400120970448463E-7	6487.240914418512	1078.0069133848117
164	44751.926865575	3254.791836316494	2.2866443373459333E-4	5.622934635852527E-6	2.7752465484809363E-5	8.788728508926668E-7	7170.156831317535	1283.8591725615963
165	43142.21372675048	3853.12831882029	5.068892735948793E-4	9.410817837656323E-6	7.827897661627503E-5	2.998047224592864E-6	13985.49996364878	2425.148293975079
166	43186.04901624854	3593.454107290499	1.1647475957943243E-5	3.640207850708066E-7	9.52966420300072E-5	3.2242626484558967E-6	12091.739710408214	1996.6035230953044
167	43670.9077206804	3049.4521420473193	4.5029737520962954E-5	3.9715985167276813E-7	2.550080716900993E-5	5.201198295988154E-7	8037.259347727223	1248.865093599808
168	44752.824206979225	3253.397607858079	6.0440492916313815E-5	1.4862723301270247E-6	4.44471088485443E-5	3.2369182420719446E-6	7992.004945716942	1386.5161246253156
169	43177.841301613116	3854.787668124575	2.1464696038719921E-4	3.948956651945662E-6	1.1129660560982302E-4	4.878467359204526E-6	16533.916520943225	2778.6018266254046
170	43189.19284699376	3593.8461076323993	1.1936612941099156E-4	3.7302250630588674E-6	9.777523428056156E-5	5.537337306549262E-6	14481.522760823687	2272.364512126097
171	43670.1183883578	3049.4830121742903	4.4379368773661554E-5	3.8526967510124976E-7	1.259471819139435E-4	1.4760307410977738E-6	7505.230498168562	1211.0943835701555
172	44755.42841609775	3253.7601207553266	2.302527796018694E-4	5.661978525867959E-6	1.0098958409798797E-4	3.0734643742245764E-6	7450.730641902952	1321.260375802146
173	43177.238648291976	3854.9542220746107	4.5441845054483565E-4	1.4911292263305435E-5	2.5576825464668218E-5	1.3271293622125993E-6	16310.082869693224	2697.330535374506
174	43191.42837556827	3593.813861767656	1.0817362499437877E-4	3.354307058853997E-6	9.898008556774585E-5	4.7621291623288515E-6	14275.44696890507	2232.890688046105
175	43670.6254499366	3049.6025531414007	4.516119952313602E-5	3.922183377052391E-7	1.0418195461170399E-4	1.3431659340312763E-6	7509.3160456147725	1208.6550423574736
176	44757.33506715013	3255.2876121807135	0.0011988570515768515	2.9480137441840002E-5	1.498681776865851E-4	5.31963479250947E-6	7451.261526895298	1317.2210508790195
177	43148.95749907821	3853.75205371469	4.856955026752985E-4	9.016255709473135E-6	8.249299594353943E-5	2.7753394079847265E-6	15458.575354799097	2713.3821284866112
178	43191.880408457895	3593.519477707754	6.0405781368899625E-5	1.8730793095711807E-6	2.2924935365153942E-5	9.790082408686572E-7	13816.379216826519	2254.5013410263236
179	43670.6075126818	3049.7480881945175	4.406779771670699E-5	3.825367788191546E-7	1.1689195980579825E-4	8.500400803872162E-7	8047.043142375301	1281.4321650501495
180	44758.26748213807	3253.765173866906	2.3147991578298388E-4	5.692170179081884E-6	2.0462513930397108E-4	3.0945902315107484E-6	7418.006269824269	1328.5924490661866
181	43186.83009668044	3855.714573601952	3.5557853357204294E-4	6.536743037197575E-6	6.970441972953267E-5	2.840740595913836E-6	13301.094690025096	2366.5741943973194
182	43194.171001530114	3593.8317898158457	1.2684821524544532E-4	3.93332279441512E-6	2.2051421183277853E-5	7.430259714907139E-7	11444.124144098892	1931.6818710688826
183	43670.781146873	3049.727464694262	4.436991730472073E-5	3.8533296484567756E-7	8.87458036231692E-5	1.1385220686015389E-6	7511.408382656687	1207.061577879164
184	44759.88495115554	3255.268682756057	3.413048525544582E-4	8.392777694038547E-6	6.834353780504898E-5	2.0919101563301292E-6	8026.394210991609	1437.4721199956489
185	43157.013784718525	3854.348547296775	4.812809239638227E-4	8.935109342979154E-6	2.0013049834233243E-5	1.1028488450653116E-6	15657.209095313654	2550.774159038073
186	43194.32133858963	3593.577438410549	5.202635588830162E-5	1.6132438329015516E-6	3.815924264927162E-5	2.1964084441275657E-6	13673.391458771634	2172.929610937667
187	43670.45357939555	3049.8407902658137	4.4574226194527E-5	3.870352006855653E-7	1.3756650469076703E-4	1.6398458758592065E-6	6475.975249779564	1080.568028745646
188	44760.59848879246	3254.7115165130317	4.8681917496651295E-4	8.839125566480781E-6	1.0242233565804781E-4	3.344520429993896E-6	8013.436884303139	1413.0191452477445
189	43172.30293190489	3855.2209324332694	4.609751590578526E-4	8.838271153510299E-6	2.7208168830838986E-5	1.5516234004005994E-6	15791.306689536548	2483.2246843954194
190	43195.39470263485	3593.736908810543	9.536687116451503E-5	2.9802638490394884E-6	2.7751100788009353E-5	1.1232298648263304E-6	13196.361835729671	2142.924065856048
191	43669.290546338954	3049.7601388375647	4.560334491543472E-5	3.9615010772958016E-7	7.597018247906817E-5	7.620332819716674E-7	6984.425447853728	1159.5074142437427
192	44761.0804098811	3256.319986096667	1.132778197643347E-5	1.1342748338415176E-7	6.501249572465895E-5	4.969140189182832E-6	7100.237577048458	1255.0916472366337
193	43139.7263662931	3853.734132656025	4.904019865534792E-4	9.103292136892884E-6	6.5090889620478265E-6	3.640069653711408E-7	14235.070707848417	2204.1993621208585
194	43194.15936479284	3593.175383894845	1.1934223994103377E-4	3.729484198800037E-6	5.2994473662693053E-5	3.6254706661417166E-6	11921.663873057021	1857.2565617957634
195	43668.66169378589	3049.8590280347375	4.582726251101121E-5	3.983996367040629E-7	2.138354757335037E-4	5.702778206672189E-6	8116.716057385732	1269.4395606442972
196	44761.70381491258	3258.953904666003	7.510797594818541E-4	1.355194382450654E-5	6.504042858068715E-5	2.4468523312915587E-6	8077.818265020852	1372.1615157493177
197	43084.26958186261	3851.1682414289353	6.87658897561505E-4	1.3198355179519417E-5	2.0231687813065946E-5	1.1511316522962255E-6	15704.088536777297	2474.7751671196556
198	43185.040431521964	3592.0491780351417	9.062980916496599E-5	2.8322008747139193E-6	1.68074029716081E-5	9.250948108051581E-7	13718.147161199768	2064.5446403436013
199	43665.709275921174	3050.0803033102356	4.5326225517783314E-5	3.936665172870021E-7	5.592011621047277E-5	6.822143011329619E-7	8026.975690208266	1259.3045969536872
200	44761.6752468822	3255.6645044365773	7.435125531287667E-4	1.3634274041373456E-5	1.5559859730274184E-4	4.3911831062533415E-6	7936.554668466358	1329.5254746039554
201	43157.90134343004	3852.8633990803414	4.973419429461501E-4	9.537658222084687E-6	5.0522303354227915E-6	5.042062962093387E-7	14446.52709432355	2374.3595843796224
202	43194.34372097774	3591.31456569569	1.208251851494424E-4	3.746539549365127E-6	9.685298846306978E-5	2.7091505711782473E-6	12773.523338979994	2064.6226017921913
203	43666.17000477953	3048.2314422042323	4.403582715895027E-5	3.823315092473828E-7	1.046552188199712E-4	7.879049515081568E-7	7065.758477671185	1159.698592372033
204	44761.96971611074	3252.9454277816517	7.429248576045211E-4	1.3576431163850118E-5	8.211771273636259E-6	3.7170418016268575E-7	7401.066370790992	1310.0009924047858
205	43183.70020133688	3853.9783466545055	4.5199639356496846E-4	8.66672823142087E-6	2.645847780513577E-5	1.3823321611560736E-6	15716.86047397007	2463.334021179317
206	43196.481343246225	3591.5679941453777	9.147885145921464E-5	2.836593529353604E-6	1.7710890460875817E-5	9.585343672532144E-7	13733.95802981208	2040.4094972618316
207	43665.751905279845	3048.1387609681656	4.4882668589707464E-5	3.8969448990781923E-7	9.596073141437955E-5	7.601917516698336E-7	7280.641026923212	1187.2022569252993
208	44762.389646329306	3253.045113047472	7.467784598702565E-6	7.646709495109791E-8	5.1143641940143425E-5	1.4394428710903904E-6	7967.682631744799	1430.2990111866425
209	43183.44700525763	3853.951021460727	1.3183195528654323E-4	2.4974274058169813E-6	1.795730167941656E-5	9.512120498981362E-7	14182.415801431227	2537.6868444853517
210	43197.20789391736	3591.40252925797	9.084435077966191E-5	2.816922766433263E-6	1.0914633094216697E-5	6.303733937601133E-7	12320.91386743068	1981.14376278713
211	43666.11808364181	3048.2993162054404	4.4967389840167016E-5	3.9044698026801664E-7	1.6301343066515983E-4	1.3273588561984266E-6	7730.546294820234	1235.784908459949
212	44762.99992902349	3253.216558852981	7.434227849216768E-4	1.3585543557176023E-5	1.93635046343843E-5	7.485312652866871E-7	7409.183187108039	1349.9387263634442
213	43181.238950783176	3853.9383287479177	4.5545294079829546E-4	8.733148509386704E-6	3.168104449287057E-4	1.074583554506593E-5	15548.578051998928	2589.5971312838265
214	43197.75666217645	3591.5794354849595	9.110128939937567E-5	2.8469421327059763E-6	4.335083312980714E-4	1.5039123805183581E-5	13585.746410039012	2155.5147783437465
215	43665.52780533069	3044.9634983346514	4.5083950681146234E-5	3.9150284442445453E-7	2.3786072779330425E-4	1.8611074625032208E-6	7513.850222263381	1225.4931369201734
216	44763.118581867086	3253.2335636263624	7.407278960727126E-4	1.3364125358579728E-5	5.984523886581883E-5	4.334739643567006E-6	7553.351305887783	1324.8708322958007
217	43177.75179050347	3854.1097902943116	4.578503585435101E-4	8.779502203259242E-6	6.868300624773838E-5	3.217568052658026E-6	12860.987209310919	2358.274196407002
218	43197.71620072832	3588.6059617079077	1.1741660182451596E-4	3.669322144794762E-6	1.9755463654291816E-5	8.616282092783228E-7	11051.554549885703	1873.6137954383457
219	43664.954750145065	3044.9500290507594	4.5081760617904365E-5	3.91656362996047E-7	3.6682100471807644E-5	1.05809383210365E-6	8101.232657302943	1290.9909910126185
220	44763.417813803986	3254.9075380310555	7.388815507169966E-4	1.3434155167077535E-5	7.075040684867417E-5	5.1441893211236705E-6	7604.002562442683	1328.2211458656775
221	43142.029791869165	3852.4981799606367	5.061283123950489E-4	9.703618441988276E-6	9.394550943397917E-6	5.781216119303398E-7	15492.14401970901	2557.807601377203
222	43195.79084155138	3588.2743421694195	1.1686871084748418E-4	3.6521619062312993E-6	3.199425555067137E-5	2.0440448155321805E-6	12581.255600962415	1955.6311948265252
223	43664.391791472975	3044.9927672236386	4.460526542970911E-5	3.9337656897289695E-7	1.125113558373414E-4	8.285074251518897E-7	7752.395050861024	1215.07027367241
224	44763.75442189346	3251.4456939462707	7.375404406957387E-4	1.340960274757624E-5	1.3227349745648098E-4	3.036051543682517E-6	7475.885128229088	1320.185463624047
225	43219.741272409905	3856.1729180585553	4.236401246089372E-4	8.12250258771626E-6	2.4845136977091897E-5	8.754178467762757E-7	15680.720386875972	2651.1229497835866
226	43199.526400747025	3588.820900464535	1.1248277519371186E-4	3.515119360031349E-6	3.915796332876198E-5	1.3275158147917892E-6	13694.17092129171	2160.354634134492
227	43664.53531480706	3044.88664689886	4.503809759626165E-5	3.9721222589430344E-7	3.074231130995031E-4	2.3972565418003713E-6	7880.312574025449	1241.8832116612348
228	44764.554533755494	3251.923808741118	7.407156017507077E-4	1.3467641276211515E-5	3.421473456910462E-5	9.581631002560726E-7	7416.813433712695	1262.8439218323595
229	43211.28063308139	3855.7456504775214	4.265737884452392E-4	8.178871999850725E-6	1.317929672950413E-5	8.948027944673716E-7	14772.526287020037	2398.1735327085603
230	43200.0738041197	3588.762216492461	8.155672094289912E-5	2.5289333445626237E-6	5.5093802302508266E-5	2.4255156025365E-6	12912.273375798963	2019.1216036586848
231	43664.65054884902	3044.8896865794345	4.535436164587736E-5	3.93893271791982E-7	1.343464541605499E-4	1.7633287543383107E-6	8024.428184807986	1272.9497237666174
232	44765.17031062078	3253.824618558314	7.44376634031596E-4	1.3439284821233301E-5	1.1077716953877825E-4	3.536992401197413E-6	7998.891193091236	1375.8400911822055
233	43170.600852983735	3853.8672942679204	4.676425426168862E-4	8.966999688610603E-6	1.0026299423770979E-4	3.3515786814344727E-6	13638.006601002247	2382.9126408325883
234	43198.82673002109	3588.462449002095	3.4232642747156206E-5	1.0615435836060819E-6	4.084290594619233E-5	1.5215226319925687E-6	11816.205488818052	1897.8316115837588
235	43664.433797831545	3044.9565609825695	4.299512511352077E-5	3.731651537417153E-7	4.1699468056322075E-5	4.86201786671901E-7	8082.337829096333	1259.1519614274357
236	44765.335967749656	3251.7384623503435	7.417043250370625E-4	1.3380748020880116E-5	3.42611219821265E-5	1.4532163910639124E-6	8066.924472081301	1393.9297501027522
237	43217.96925863607	3856.1469901212295	4.275170244909532E-4	8.196925985855834E-6	4.7442135837627575E-5	2.2470594044695978E-6	13068.024152431384	2347.3911231283637
238	43200.750623818625	3588.7067731348648	3.6717385228257626E-5	1.1385611918557014E-6	2.567379215179244E-5	1.5003444736356124E-6	11842.721853642155	1921.7529395170955
239	43664.42204951827	3044.897919236858	4.407420783536509E-5	3.8256107961560777E-7	2.7167622647539247E-4	1.983051452305937E-6	7086.674543001806	1154.5051364763103
240	44765.88043356972	3251.9381616419187	7.440060240355706E-4	1.3643157132037231E-5	1.4533508874592371E-5	7.091173972927104E-7	7990.7112814428365	1388.065069958895
241	43214.90672357214	3855.9948791650354	4.268210084319435E-4	8.183732174507718E-6	8.340505428350298E-5	2.710753374234965E-6	15591.171229403668	2618.1050748513494
242	43201.20216354059	3588.7000513004245	7.560200231182534E-5	2.344286806613289E-6	2.8145235773990862E-5	1.003391473759156E-6	13664.362663311607	2136.0160728139854
243	43664.51035734118	3044.912156837291	4.4463326048571616E-5	3.8594197583974586E-7	1.8930737496702932E-4	1.427275689689905E-6	7725.491989800531	1233.4084741111476
244	44766.38165753949	3252.0925136301666	7.47580634310907E-4	1.3661772227092522E-5	2.2085587715992006E-5	9.407750921359656E-7	8000.848206550486	1403.8128169869706
245	43212.88068294409	3853.828701871164	4.3245840453209894E-4	8.291267046582753E-6	4.740715667139739E-6	4.196438012374295E-7	13989.242940712487	2324.8639996155393
246	43201.50742387857	3586.790506889328	2.8622647732845508E-5	8.87562007903412E-7	1.0285928101438913E-4	2.414961942420746E-6	12386.099496926507	2008.065948616198
247	43664.579202220695	3043.405857458255	4.334671393735334E-5	3.7628190564511205E-7	1.653389817874995E-4	1.6550094171625708E-6	7128.817866739939	1167.5701836348944
248	44766.769389526286	3250.660829264853	2.0009631361972424E-4	6.00214202464722E-6	1.6266518605334568E-4	4.916263135741743E-6	8073.094352431407	1421.342273306286
249	43209.00352003287	3853.652295119919	9.922758101765794E-5	2.1338035444675787E-6	2.0116607629461214E-5	1.079031730054852E-6	16522.526927859573	2627.588888866067
250	43201.84097961816	3586.5245729699895	2.83744213902537E-5	8.798693950793254E-7	2.530345864215633E-5	1.4487884991498E-6	14496.391078227325	2089.9663648873566
251	43665.607076492925	3038.6516225550404	4.510185681283474E-5	3.9193521801776526E-7	1.903551528812386E-4	5.24350472701104E-6	7211.490783908598	1158.6582095533017
252	44767.282787873795	3249.4299016202995	7.491476719678758E-4	1.3621712825414118E-5	6.344314897432923E-5	3.8249484712753846E-6	7554.195831534194	1342.2176783016394
253	43128.257708123565	3845.0310911829847	5.671344732149919E-4	1.0880554408880662E-5	2.598995797598036E-5	1.2812779007291143E-6	16188.250579217456	2524.894466964283
254	43196.16319308497	3580.744301818252	3.173805316691869E-5	9.841653589446227E-7	1.3587804460257757E-5	8.983679082306493E-7	14213.352919752388	2222.5778619677953
255	43664.025203181656	3038.8084317119765	4.5306886022444814E-5	3.935362039841538E-7	2.4000663552214974E-4	1.8123764254230044E-6	7853.97055704555	1264.2749691414222
256	44767.1319918212	3247.7797510427777	7.493698343523647E-4	1.3694627336843676E-5	2.99594448733842E-5	2.1565168989523375E-6	7452.568145456723	1325.576953970525
257	43165.170233181256	3846.905443642064	4.8419016502521117E-4	9.286009854793431E-6	9.342220641883614E-5	4.9929488764978546E-6	15614.807667163674	2651.342534784136
258	43200.21562913545	3581.3297125850127	7.366807551534293E-5	2.284334169952806E-6	1.412075653206557E-5	8.036738230790744E-7	13672.57741348609	2166.344845816613
259	43664.593899319545	3038.6967382685	4.578833613777533E-5	3.97763615220649E-7	1.6722792497603223E-4	4.624069997876141E-6	7621.948778221964	1196.8756727448729
260	44767.27851486884	3248.258110680533	7.471939191532329E-4	1.3481240893684703E-5	1.3672219893123838E-4	5.189045363803768E-6	7366.305565740752	1282.5393343188284
261	43154.87892540408	3846.361327440275	4.909776710064762E-4	9.41632258480519E-6	2.207255965913646E-5	1.5760130556512845E-6	14917.689583274901	2362.5541460528802
262	43199.95361765338	3581.2693517524717	7.668852981623786E-5	2.3965406317216775E-6	1.10823821160011E-5	8.851440154527351E-7	12985.905357098154	2000.5477958493905
263	43664.448668619065	3037.044891146865	4.430228000273928E-5	3.8451908735135305E-7	6.95660783094354E-5	8.188340871569831E-7	8307.846571864195	1297.6947918514074
264	44767.40007530822	3244.024775567419	7.463199867743242E-4	1.3685761957992222E-5	2.8050171295035398E-5	1.018430297018936E-6	8242.733702374575	1433.504139449966
265	43221.989985160595	3848.4331124422683	4.265819272859517E-4	8.179303966743088E-6	5.298567793943221E-5	2.1005986220748355E-6	12924.388557972274	2338.631932404148
266	43202.980009039755	3579.7529214841056	1.0216499697435211E-4	3.192695717579852E-6	1.5348647139035165E-5	5.782281342780871E-7	11120.899513904813	1871.9918178772361
267	43664.79097654764	3036.958490961722	4.5036576921120286E-5	3.9719457461495814E-7	2.0904285111100762E-4	1.5936417626349939E-6	7676.490820687348	1223.319297659893
268	44767.684911706594	3244.2024113181365	7.484301252134173E-4	1.350363436358748E-5	1.0190976308876998E-4	3.498254107883275E-6	7805.170582280773	1340.4793994538475
269	43218.844453734084	3848.2442323592363	4.248545355949318E-4	8.146129533220265E-6	3.631930121628102E-5	2.0640645707309296E-6	14847.44244799892	2364.093881925648
270	43203.32031159301	3579.757373511251	7.34551836103492E-5	2.277711510667063E-6	7.755155820632353E-6	2.9145240964189235E-7	12470.630741244988	2001.7774763701352
271	43664.85820716714	3036.961655802628	4.440830525709316E-5	3.8545789634516656E-7	1.9868874642270384E-4	1.416065916490314E-6	7349.485857606918	1194.5647046545635
272	44767.93746030021	3244.2046364629796	7.504359271024441E-4	1.354913759235666E-5	4.4048003474017605E-5	1.7574652606932519E-6	8195.604828818228	1407.985560913407
273	43219.445261378474	3848.28586585161	4.2471451854453335E-4	8.143432456937526E-6	2.0689911252702586E-5	1.1565511266630924E-6	16060.85750814893	2502.273598284532
274	43203.568386494495	3579.767904148816	6.997051764301432E-5	2.1696821283350533E-6	7.641348020115402E-6	1.592275560321722E-7	13208.548679720445	2050.1587276633804
275	43664.89933931587	3036.966629773797	4.436837480170652E-5	3.8509262523337024E-7	3.013229556927399E-4	2.364601796451662E-6	7313.512788354723	1198.9947473463824
276	44768.180286974304	3244.144134903521	7.49573879829768E-4	1.3524014507897992E-5	1.6177611041712225E-4	5.57379625815712E-6	8127.3398977933975	1398.7737631598768
277	43221.49494737105	3848.3911129387	4.23839035590845E-4	8.126618924063311E-6	2.597157799755223E-5	1.2848396179041607E-6	15030.09709498769	2378.736170309588
278	43203.83769923909	3579.767830452215	9.763328591816389E-5	3.0274221521968974E-6	1.4087824411035399E-5	8.232931855157278E-7	12636.619160990389	1993.2211849207551
279	43664.950458766354	3036.968710597659	4.551224992610514E-5	4.013985014099773E-7	1.6741400531827821E-4	1.2727328734239136E-6	7545.889872110092	1215.6759951499791
280	44768.384185028204	3244.731294777024	7.526754258719848E-4	1.3755256189575093E-5	1.1819457540696021E-5	7.378828774537243E-7	8212.003501216204	1475.8096341089888
281	43208.85188760999	3847.804919250768	4.3907699637202313E-4	8.418471409754602E-6	6.146072337287478E-5	2.3607294782447172E-6	15399.651482168832	2639.407253896203
282	43203.46826013792	3579.6753421150024	9.756065492183552E-5	3.025198894161E-6	1.0350210231990786E-5	4.7007216457993475E-7	13460.996532613744	2136.1859479577975
283	43664.886162522715	3036.9907423453506	4.5169923396315426E-5	3.983683539400608E-7	1.9257634585301275E-4	1.5110834774584796E-6	7371.297025527092	1190.3144594168427
284	44768.443163324424	3244.360623786393	7.524639006533107E-4	1.3751373030313923E-5	1.0339302525608218E-4	3.134728909981624E-6	7752.155139348224	1359.369926690342
285	43217.478619693095	3848.229477789977	4.3144061703515035E-4	8.2724148153228E-6	4.39062105215271E-5	2.141893583385013E-6	14911.031585577144	2357.176407385231
286	43203.82117804739	3579.722219559787	2.389488258813799E-5	7.4094710398217E-7	1.1156067557749338E-5	6.194622871522706E-7	13060.643337460586	2054.0721177964087
287	43664.829640373406	3035.3344149196546	4.44209945271723E-5	3.856368817079693E-7	1.4598300913348794E-4	1.6926910064493833E-6	8208.669131717535	1301.8974106779735
288	44768.60231667443	3243.448094079423	7.521985137373122E-4	1.3746524432259706E-5	4.395736550577567E-5	1.1160215897010666E-6	8047.630750912491	1437.6411298769465
289	43208.6743990727	3846.573534701739	4.3800649359582167E-4	8.398710660674535E-6	1.2992679239687277E-4	6.893464039353908E-6	15676.039480847008	2690.8252680906457
290	43203.577444147806	3577.715355235823	2.284682261688431E-5	7.085112965021187E-7	7.950429790071212E-6	3.970632361596136E-7	13722.85009391938	2226.3087601568095
291	43664.772660593146	3035.346989900811	4.369595262687653E-5	3.793794144069933E-7	1.1134993292216677E-4	8.672204467680239E-7	8214.710558055474	1313.0416155750977
292	44768.64004722755	3243.8112730957896	7.50497782291859E-4	1.3540116039819388E-5	1.3530382420867682E-4	4.8300582133524865E-6	7954.279324531149	1371.0595210569663
293	43200.78462768477	3846.2180286848093	4.4454185285758285E-4	8.524334951458044E-6	8.783825182945293E-5	3.4851145613856715E-6	14020.333217509997	2412.444905637448
294	43203.23399114911	3577.6626081320164	2.5888754635161604E-5	8.027997887614945E-7	7.60371949581895E-6	3.8940644630758E-7	12142.326370380008	1941.4628537475357
295	43664.613594066526	3035.3550094135776	4.392723349155858E-5	3.8123665708253085E-7	2.5779174256967963E-4	1.9251768881591522E-6	7382.253898186979	1198.0472980943273
296	44768.69423874361	3242.6026723685195	7.520054884935234E-4	1.3742967846296298E-5	1.239474440808408E-4	4.048931178092387E-6	7876.286001546976	1388.3227670875694
297	43228.14358743104	3847.515624416214	4.2405051999594434E-4	8.130497752561848E-6	6.171467248350382E-6	5.605138152768252E-7	17696.50187782907	2442.62025624749
298	43204.387052082035	3577.8192972775155	6.742014124938578E-5	2.090602155363712E-6	2.8529970222734846E-5	1.774253167360742E-6	15652.408991550948	2088.149881390957
299	43664.73959637047	3035.319138080912	4.510529834078625E-5	3.916458483728987E-7	6.809396882090368E-5	9.625423008718678E-7	7070.163869726403	1155.3298288668702
300	44768.81480776146	3244.1833088789135	7.507081697895046E-4	1.3544624676895975E-5	2.236384034404182E-5	7.554711427781986E-7	7793.0402848228705	1358.6843144842783
301	43193.01319768605	3845.863082912162	4.5066633316537263E-4	8.642032524665322E-6	2.8273264433664735E-5	1.0647100825877942E-6	12601.798986186504	2292.2430639497775
302	43203.077563099396	3577.6043845410563	6.68709932369893E-5	2.0735473671188384E-6	7.59260274207918E-6	4.4662616968839114E-7	10494.266694728196	1767.92756709749
303	43664.495104807946	3035.360149716837	4.406071820994839E-5	3.8235911729729693E-7	6.444206655942253E-5	8.99078499479205E-7	7684.385996346042	1214.8125967738715
304	44768.84419710295	3242.3183298127697	7.526492249780858E-4	1.3589241873542931E-5	3.583842544685467E-5	1.4190602398236874E-6	7797.44053064885	1360.3538200033722
305	43235.07978157159	3847.8568591664903	4.169074095443648E-4	7.993544072853124E-6	9.929027874022722E-5	4.113324501786976E-6	13797.526395372011	2443.132618357152
306	43204.75924489227	3577.854538873991	2.271193386604864E-5	7.042557417098437E-7	6.986685548326932E-6	2.2947271724709546E-7	11964.359110215462	1976.438027407677
307	43664.728491298934	3035.314671892776	4.4185915612615645E-5	3.8353184024818494E-7	6.350873809424229E-5	8.143762354499157E-7	7627.529918101895	1223.2165181846767
308	44768.94819784297	3243.0338993540436	7.527749742166634E-4	1.3757079301744002E-5	3.640092836576514E-5	9.424011111304764E-7	7767.562639394896	1350.69288888279
309	43219.23367716957	3847.0897935204916	4.3033226660327273E-4	8.251158663043615E-6	2.5377177735208534E-5	8.813472132433671E-7	10099.609280986626	1939.446584841099
310	43204.30054732848	3577.76313095963	6.619924533879384E-5	2.0527302390045117E-6	7.09673622623086E-6	2.9427880414394686E-7	8483.424848952964	1509.4030298683106
311	43664.64655533191	3035.330354402291	4.5397573558148E-5	3.9425169256713517E-7	4.825504311156692E-5	5.667293699854484E-7	7589.621713599564	1234.0290995345288
312	44769.04564901947	3244.79533571437	7.531473620474571E-4	1.3708855347642117E-5	2.2681882910546847E-5	1.454733369952199E-6	8115.095599056044	1406.8688622722293
313	43180.09440276391	3845.3077731754393	4.632252182545926E-4	8.883351675821828E-6	2.0670092453656252E-5	1.4848377466056475E-6	17407.02340695446	2811.422031054914
314	43202.65816328096	3577.505290230518	9.452767585571564E-5	2.931121147334787E-6	7.621235454280395E-6	3.5164771838603917E-7	15378.411419963031	2357.622290773784
315	43664.34611649372	3035.3778353753823	4.5202585170045495E-5	3.986684191659151E-7	9.936409514921252E-5	1.0708562762838304E-6	7641.314064701845	1207.0425148553086
316	44769.06141904074	3243.0877622482976	7.523488859533245E-4	1.357464019281818E-5	1.234571827808395E-4	3.710102440571653E-6	7761.128339744677	1326.5625157557595
317	43218.34898475318	3847.0930205516825	4.33466312301789E-4	8.311598306011458E-6	1.943896040756954E-5	1.2292836721277039E-6	15055.990877326454	2635.3184150702955
318	43204.146170409746	3577.7152326962205	2.436112254144973E-5	7.613261985284225E-7	7.134318366297521E-6	3.084807220516425E-7	13106.44988242109	2098.5706359463175
319	43664.559949667666	3035.3383443550056	4.4640553824137896E-5	3.875725542081252E-7	1.97351815586444E-4	2.3471950421072307E-6	7334.608209057034	1202.0466734112479
320	44769.08799563541	3243.8545985116784	7.530148307068885E-4	1.3595888749624728E-5	1.0372329597885255E-5	6.51069195014021E-7	8295.033635246553	1472.6506249858553
321	43201.30059608983	3846.272551352665	4.457386573335498E-4	8.547385220477707E-6	2.690160727070179E-5	1.4849895287146577E-6	15765.977933089482	2390.3783799511634
322	43203.54844053553	3577.621212454626	6.622345551932085E-5	2.069515099734076E-6	7.3058390626101755E-6	2.0897789995831858E-7	14100.798728579544	2230.7626958654455
323	43664.409515117986	3035.351560951098	4.535311018116772E-5	3.9386573608823734E-7	5.632125021293177E-5	7.957871875881866E-7	7067.197657624844	1161.1877189449888
324	44769.109208423964	3244.6974379589365	7.513454363561323E-4	1.3556495491134375E-5	1.66495876328554E-4	5.339935768664404E-6	7765.8439828113815	1331.6663414867414
325	43182.59387413579	3845.447434395485	4.63056258809047E-4	8.952319510497294E-6	5.0283885684621055E-5	2.17750433693035E-6	13670.093514128139	2422.9820686648
326	43202.70827514979	3577.4937799384775	2.417782025077031E-5	7.497318005010503E-7	7.560388439742383E-6	1.3961384586929688E-7	11907.27126066571	1943.9461065836995
327	43664.21129931439	3035.371883405861	4.444698424777016E-5	3.8584550081343106E-7	9.284245015805936E-5	9.5065632193865E-7	8176.7693340692285	1290.320629783319
328	44769.123707343475	3243.4967032293434	7.508690762279002E-4	1.365305171691766E-5	4.342896136222407E-5	2.797829193253445E-6	7913.830034130017	1387.2497815937213
329	43209.49669274956	3846.6873662746166	4.415149751366698E-4	8.605024249174944E-6	4.612388397617906E-5	1.7148243479106053E-6	11084.039029343772	2030.6192649895825
330	43203.77893882036	3577.6443679109393	9.572685075909249E-5	2.9915043313621936E-6	7.186024959082715E-6	2.1801902667827521E-7	9487.398728484282	1601.6913751053257
331	43664.36619520944	3035.34214850072	4.480556526686996E-5	3.9516689531544706E-7	7.574156552436762E-5	1.0033882401404945E-6	6377.000432049254	1062.7229995953912
332	44769.142318992504	3242.671724467997	7.514652520512755E-4	1.3663945966568203E-5	7.709229794272687E-5	1.8278778323845525E-6	7711.874547991379	1359.0732020654295
333	43228.14728950633	3847.5483496684865	4.234527229982632E-4	8.119252038066026E-6	2.3363308537227567E-4	4.14558395318805E-6	14608.448569090824	2596.267141025683
334	43204.67785244044	3577.7783635946757	6.527856885440997E-5	2.0399799449677403E-6	6.860025678179227E-6	2.3262451587384966E-7	12683.18072753088	2073.540560102464
335	43664.494961181634	3035.3183558089413	4.422835627337918E-5	3.83852084795319E-7	1.327659251728619E-4	1.8383449880048804E-6	7697.55728107022	1213.996458163522
336	44769.19233363675	3242.5909094001668	7.512413594668033E-4	1.3554234288353801E-5	4.039454279336496E-5	1.05784598322165E-6	8231.543745116049	1402.447601036252
337	43230.1238416517	3847.6284413639105	4.2020010579335576E-4	8.056811621816362E-6	6.859221525701287E-5	3.7856620922482875E-6	13807.629952077841	2455.0968149713294
338	43204.87764025693	3577.8064009834925	9.465124207963527E-5	2.9349536214075944E-6	6.775369001843501E-6	1.2786428571690557E-7	11975.142889457888	1980.8677341717657
339	43664.531246512	3035.314923397373	4.500312206801027E-5	3.969036043361216E-7	7.400475760732661E-5	8.663845989296758E-7	7702.605884046425	1229.1748312754546
340	44769.239411293755	3242.878857201843	7.536538420254146E-4	1.3773181542195581E-5	2.745577148743905E-5	7.649510203111223E-7	8258.349015916918	1466.0672851376462
341	43223.756889555916	3847.32821745505	4.2917060727631906E-4	8.228265322658914E-6	2.10882544706692E-5	1.022674052503842E-6	16971.829451070003	2797.5612808942296
342	43204.6547410415	3577.75981559613	6.795020590288914E-5	2.1070219532674848E-6	6.82013705954887E-6	1.2066583936928458E-7	14976.527808727338	2278.627545829387
343	43664.492234426725	3035.322811815865	4.4435844756662846E-5	3.85689159801669E-7	1.2523678196885157E-4	1.6095185064700637E-6	7693.165918734261	1232.8065529319058
344	44769.27800950966	3242.9435678300356	7.535475851341289E-4	1.3605540849704496E-5	1.3543257455239655E-4	4.029443919619903E-6	7812.544325382431	1333.18408332288
345	43222.40495284479	3847.270598091698	4.2740122012219217E-4	8.195121609795083E-6	5.304768546920968E-5	2.5738432128030655E-6	16517.684225428693	2789.3433541332324
346	43204.607431971825	3577.7457047930343	9.38999701247667E-5	2.9343950282978426E-6	6.857815606053919E-6	9.460084730689646E-8	14545.807308917543	2291.878076423572
347	43664.48268032779	3035.3265367395425	4.428395186550915E-5	3.8450341454027836E-7	9.862009801508975E-5	7.749557721144111E-7	7937.414315297295	1275.6807449770563
348	44769.315460047415	3244.095251255153	7.51510747534212E-4	1.3664788419772058E-5	2.0427925710464478E-4	4.9339015439461245E-6	7937.375758856534	1379.530797011292
349	43196.67627923008	3846.0712929531132	4.5004874561982433E-4	8.630190432856374E-6	3.3804000850068405E-5	1.3255879090528262E-6	14604.842860066217	2512.557147126317
350	43203.52773947433	3577.579050960166	9.430637157947785E-5	2.9242740164724897E-6	7.23195535101695E-6	8.319463189405217E-8	12717.679555114244	2049.777553184322
351	43664.285831035784	3035.3556425754787	4.555812483886257E-5	4.1101225548576683E-7	2.195202591792622E-4	1.6456595870762169E-6	7150.100438796614	1151.686983093199
352	44769.32276106383	3243.4789548907133	7.529050194534648E-4	1.3584686109146376E-5	4.057072965224506E-5	1.923135516467837E-6	8168.659703697192	1465.7471903914834
353	43210.503562077036	3846.735080314129	4.401587959819153E-4	8.440198898494689E-6	9.959148883353919E-6	3.405558184990616E-7	15504.910411781706	2426.72481345062
354	43204.02768974924	3577.6496986090883	6.511068136205722E-5	2.0189759603214436E-6	7.052024557197001E-6	1.1376238394722201E-7	13580.195062546027	2159.8906559791
355	43664.3548077296	3035.343111195578	4.503724630922079E-5	3.91049901969562E-7	1.1273944528511493E-4	1.4456331763246491E-6	6590.8694059535455	1107.9258909007697
356	44769.33351945721	3244.04723383464	7.519203867900615E-4	1.3566890154214477E-5	1.0450060108269099E-4	3.212977530822882E-6	7442.174264697219	1246.0413107557767
357	43197.830918570355	3846.138149887325	4.5033056187548937E-4	8.635632845484466E-6	3.6643431485572364E-5	2.2522168435779217E-6	15131.173515869372	2638.6575562579865
358	43203.5286368848	3577.574837538047	6.510907860501902E-5	2.0189151034928234E-6	7.2091825131792575E-6	1.1799059487811012E-7	12993.53694698527	2071.2787608983153
359	43664.24519864766	3035.355082929171	4.4822212657891214E-5	3.8912527682343864E-7	2.265652174173738E-4	1.6822753107823433E-6	7873.468788675839	1263.2109694307605
360	44769.340176980666	3243.6344059969942	7.519544993215277E-4	1.3567495249657764E-5	3.4453512853360735E-5	1.3433421610438247E-6	7599.586902625399	1310.2138508013295
361	43207.1050651348	3846.5784169455555	4.4325313206172723E-4	8.499633387079865E-6	1.2370473086775746E-5	4.5312108504914E-7	14541.608412798561	2221.843114856406
362	43203.88406032994	3577.623698120366	6.719665634591365E-5	2.099921147191708E-6	7.0829346441314556E-6	5.719081769565324E-8	13556.741599542474	2185.7942684714776
363	43664.2912163042	3035.345531367494	4.520113725448027E-5	3.925052090583577E-7	7.53196495679731E-5	1.0175797698357344E-6	6578.889587424112	1101.5565393441827
364	44769.34747608993	3244.3782759535293	7.516965678746601E-4	1.3562822413489577E-5	1.3059572029305855E-4	4.1474526258939595E-6	8084.210506639305	1412.4613602296624
365	43190.517460782045	3845.8181676612458	4.5696842812503746E-4	8.76315570783317E-6	2.0353136278572492E-5	1.1216867860968662E-6	14848.489565280592	2600.0477026308786
366	43203.206769923585	3577.5258832520253	6.719201860505564E-5	2.0997935745725727E-6	7.305398867174517E-6	7.488528567118797E-8	12915.632665790263	2133.64252064583
367	43664.15237399335	3035.362692512975	4.479736526263878E-5	3.889091421723989E-7	2.586516757219215E-5	6.182961211437025E-7	7076.085111116664	1150.6671761508246
368	44769.35444800529	3243.5894577416598	7.513613295486721E-4	1.355639674494752E-5	7.161308531067334E-5	2.372177770222328E-6	7726.12218252607	1336.64875723162
369	43208.17318316715	3846.6362533563265	4.4301326283857634E-4	8.495039863525503E-6	5.083889118395746E-5	2.435643741076504E-6	16952.615159397727	2832.1614945434962
370	43203.90424941348	3577.6231005630666	6.508394471893553E-5	2.018123139830215E-6	7.057547918520868E-6	9.273956820265994E-8	14948.580330554443	2315.174529424881
371	43664.26437828611	3035.3439426934247	4.456528404261917E-5	3.8683722304393854E-7	1.1140445985802216E-4	1.3778928300602202E-6	7077.045627642637	1167.7611845915926
372	44769.35926600622	3243.1681384659423	7.531548155839118E-4	1.37640432407485E-5	3.979000894105411E-5	1.3182832889164385E-6	7470.049627262528	1283.6068055218573
373	43217.67427553061	3847.072275372897	4.358910146038397E-4	8.357983684130623E-6	4.139888005738612E-6	3.8695433597227107E-7	13373.434694781652	2204.156614203496
374	43204.369563455075	3577.6898155959793	6.765992895907402E-5	2.098020792603116E-6	6.894627404108178E-6	1.157859562464266E-7	12267.423273395847	2012.63025870897
375	43664.336735306344	3035.3308593608244	4.4524196709971875E-5	3.864814640440851E-7	2.5542688763380283E-4	1.9740595133117855E-6	7150.763959883326	1178.0210933238288
376	44769.36627260572	3243.097826321957	7.519135058373649E-4	1.3566747396093742E-5	6.469197978731245E-5	2.659999994147813E-6	7222.17858571061	1237.3432459141166
377	43219.28782548941	3847.140625121477	4.313280451242463E-4	8.270558803433819E-6	2.1114011360623408E-5	1.2457145566931633E-6	15052.444662512464	2443.935206626873
378	43204.47967511946	3577.7028984353633	6.506993645416514E-5	2.0334902597340943E-6	6.46685648462153E-5	4.505948421001596E-7	12985.408113068494	2092.640037424613
379	43664.346525141205	3035.3269772567055	4.499915667111054E-5	3.9070728742309475E-7	1.1269940796410083E-4	8.142203384028052E-7	7569.658603643631	1227.8299120581896
380	44769.369524507856	3243.972191830749	7.512432796374924E-4	1.3553620524747554E-5	1.79514434421435E-4	3.5221568632651084E-6	8201.33378717456	1434.1999621635052
381	43199.70763049489	3846.2205328465025	4.480965841366924E-4	8.592713086382872E-6	1.5214154700515792E-5	8.0553825037842E-7	14206.140678079022	2392.9492701318372
382	43203.65457194452	3577.583725897013	6.715881340824126E-5	2.0824840417887126E-6	7.121302587620448E-6	8.129374721511185E-8	12180.100841080413	1978.239010453375
383	43664.18789979773	3035.348655435505	4.637823440134525E-5	4.0308295283015586E-7	3.443281289037259E-4	2.4750150230963042E-6	7439.983920173344	1223.1516401064055
384	44769.37489021313	3247.3362853639587	7.523026010858302E-4	1.3748447430331235E-5	6.287937776505714E-5	4.664267949146282E-6	8117.349720193957	1418.6696388381536
385	43124.95861560535	3842.7821471798848	5.176947382778962E-4	9.555923370607205E-6	2.195338765886845E-5	1.2470201324549791E-6	16015.769240292804	2528.731998657456
386	43196.625691727306	3576.4611517543985	9.341687223241024E-5	2.919313192961681E-6	1.6925912859733216E-5	1.0185856979770379E-6	14065.777682198624	2074.754826071676
387	43663.313020848116	3027.414832338873	4.521652590483427E-5	4.1268483956911476E-7	8.078974951786222E-5	6.211101324337365E-7	7513.975172494089	1195.9145078011136
388	44769.4065448327	3239.384414814297	7.528861274295195E-4	1.3689886633144156E-5	5.107272272653063E-5	1.5820432577868154E-6	8136.21155793387	1416.4509107958208
389	43219.65457696703	3850.740845944714	4.46696054837048E-4	8.565804088514216E-6	1.597371192474384E-5	1.0852215639082143E-6	14914.248899840291	2386.452437562036
390	43204.14095145183	3575.766465571383	6.711302899020666E-5	2.0810501361433297E-6	7.1251988629228435E-6	8.688971476495958E-8	14206.637832438433	2240.002828901207
391	43664.536215363645	3027.224994678873	4.5923217840027064E-5	3.9898410637415357E-7	1.70825144778064E-4	2.2842862068706093E-6	6591.88557300705	1114.8876242698311
392	44769.32449719086	3242.294931216038	7.520866370214208E-4	1.3569913787228693E-5	6.415686902982998E-5	4.527061485536007E-6	7733.753375612088	1344.7249610299966
393	43154.156728299255	3847.6659957115044	4.985314805594498E-4	9.56190526694407E-6	4.838136192120146E-5	2.386423662444636E-6	14338.121538809686	2524.023198028332
394	43201.50510008124	3575.3952348231514	2.2910690859134775E-5	7.104365751672944E-7	7.982740498846397E-6	7.373849979198578E-8	12490.190362682519	2075.074672427025
395	43664.05943860626	3025.6567150819446	4.448721301741898E-5	3.862063804187851E-7	1.0103211980094784E-4	1.4172269507420984E-6	7633.994867391887	1229.441879734011
396	44769.32837248817	3239.6722341501254	7.540987382981257E-4	1.3615544578130773E-5	3.2390184060204774E-5	1.9761426701630166E-6	7781.411231001643	1330.204892438278
397	43208.9655825934	3850.0670486091385	4.473541923744051E-4	8.578440463041613E-6	6.934566954441834E-6	6.928455346504754E-7	14538.648040560727	2477.77963000825
398	43204.070734723726	3574.143488391903	2.2847488480692846E-5	7.084946559217322E-7	7.09283267497085E-6	1.2537304462091048E-7	13102.84769256812	2079.052647431482
399	43664.51141770097	3025.5910390443078	4.4398169848136604E-5	3.8542454194236394E-7	2.448238005854364E-4	1.787884499358163E-6	7479.031455268694	1223.7857485548654
400	44769.33479940596	3239.514114905131	7.540893327586673E-4	1.361539649689891E-5	2.0447748738661176E-5	1.0250595381127728E-6	8212.089603270182	1466.6455500330633
