Node	Subnet
719	0
1259	0
909	0
1260	0
705	0
1528	0
1278	0
1577	0
1581	0
910	0
1632	0
704	0
1655	0
908	0
1652	0
1664	0
1665	0
1280	0
1654	0
1667	0
1656	0
1668	0
913	0
1902	0
1905	0
1906	0
702	0
1896	0
1897	0
376	1
2780	1
405	1
3048	1
849	1
3023	1
3172	1
3050	1
379	1
3303	1
3304	1
377	1
3309	1
382	1
3311	1
3046	1
3324	1
380	1
3327	1
406	1
3328	1
3329	1
3335	1
3053	1
3325	1
3297	1
3331	1
381	1
378	1
3322	1
3337	1
2779	1
3341	1
3343	1
3307	1
3312	1
3299	1
3345	1
384	1
3357	1
383	1
3314	1
3362	1
3315	1
3364	1
360	1
3764	1
359	1
3796	1
3797	1
2763	1
362	1
3801	1
3800	1
3798	1
361	1
3766	1
3799	1
3809	1
3611	1
3807	1
3666	1
149	1
5230	1
5234	1
5229	1
7025	1
436	1
3147	1
275	1
3509	1
3510	1
3635	1
3634	1
258	1
4031	1
199	1
1129	1
203	1
1172	1
718	0
1258	0
708	0
1261	0
1262	0
912	0
1282	0
1283	0
587	0
1265	0
720	0
1579	0
1580	0
1584	0
1578	0
1529	0
1582	0
1601	0
903	0
1629	0
1630	0
1648	0
1634	0
911	0
1661	0
1658	0
919	0
1669	0
1671	0
1660	0
1674	0
700	0
1844	0
840	0
1845	0
716	0
1847	0
907	0
1863	0
717	0
1276	0
1864	0
1871	0
1872	0
1850	0
1874	0
1852	0
703	0
1886	0
714	0
1887	0
701	0
1899	0
1900	0
1846	0
1907	0
1284	0
1911	0
1912	0
711	0
1910	0
1891	0
1913	0
1914	0
1885	0
715	0
1889	0
1888	0
730	0
1919	0
1920	0
1915	0
1916	0
371	1
2759	1
374	1
2762	1
385	1
494	0
2851	0
2852	0
419	1
2874	1
479	0
3009	0
476	1
3012	1
478	0
3015	0
471	1
3016	1
3017	0
439	1
3022	1
481	0
3027	0
477	1
3013	1
454	1
3018	1
3034	1
455	1
3040	1
3041	1
474	0
3068	0
3072	0
3073	0
475	0
3075	0
3087	0
3099	0
480	0
3083	0
3082	0
3079	0
3115	0
3007	1
3118	0
3116	0
3119	0
3084	0
3010	0
3121	0
3122	1
3033	1
451	1
3124	1
3125	1
438	1
3131	1
402	1
3126	1
470	1
3138	1
3139	1
3141	1
1779	1
452	1
3137	1
3154	1
3155	1
453	1
3020	1
3058	1
3132	1
3160	1
403	1
3162	1
3157	1
437	1
3134	1
3159	1
3128	1
3166	1
404	1
3161	1
3168	1
373	1
3171	1
372	1
482	0
3176	0
483	0
3178	0
456	1
3038	1
457	0
3183	0
3185	0
3202	0
3174	0
3182	0
3214	0
3032	1
3215	1
3225	1
3188	1
484	0
3228	0
3234	1
441	1
2885	1
3238	1
3235	1
2875	1
410	1
3255	1
3257	1
3278	1
408	1
3279	1
440	1
3021	1
3288	1
3280	1
407	1
3298	1
3026	1
2777	1
2785	1
2783	1
420	1
3366	1
3367	1
3270	1
409	1
3274	1
3372	1
2887	1
3385	1
421	1
3474	1
3473	1
3475	1
263	1
3517	1
273	1
3522	1
261	1
3527	1
236	1
3542	1
333	1
3505	1
321	1
3557	1
291	1
3512	1
279	1
3562	1
264	1
3519	1
249	1
3587	1
235	1
3589	1
202	1
3597	1
358	1
344	1
3618	1
326	1
3629	1
327	1
3631	1
316	1
3632	1
274	1
3507	1
356	1
3612	1
3638	1
320	1
3644	1
328	1
3640	1
319	1
3642	1
355	1
3689	1
3637	1
3709	1
343	1
3716	1
3725	1
3619	1
3715	1
325	1
3732	1
3740	1
3647	1
3630	1
3750	1
3751	1
3746	1
3733	1
285	1
3752	1
3760	1
3735	1
286	1
3761	1
3503	1
3617	1
3767	1
386	1
3768	1
347	1
3771	1
331	1
3661	1
3774	1
375	1
3808	1
3810	1
2831	1
3769	1
345	1
3822	1
346	1
3823	1
330	1
3651	1
3773	1
3639	1
3825	1
3770	1
3821	1
3827	1
3652	1
388	1
3831	1
348	1
3834	1
349	1
3841	1
387	1
3857	1
3840	1
3855	1
2764	1
3848	1
363	1
3776	1
3862	1
389	1
3543	1
2765	1
3864	1
3847	1
3778	1
3844	1
332	1
3865	1
3866	1
3655	1
3877	1
3868	1
289	1
3880	1
3881	1
3882	1
276	1
3886	1
278	1
3894	1
3650	1
317	1
3900	1
3897	1
318	1
3903	1
3901	1
3906	1
3645	1
3899	1
3908	1
3902	1
329	1
3910	1
3878	1
287	1
288	1
3913	1
3914	1
3912	1
3653	1
3883	1
3887	1
3654	1
290	1
3917	1
3918	1
3916	1
3919	1
277	1
3924	1
3925	1
3893	1
3529	1
3891	1
3927	1
3560	1
214	1
3937	1
218	1
3965	1
3520	1
256	1
3979	1
3980	1
3977	1
3523	1
3982	1
3990	1
231	1
3991	1
3950	1
3995	1
3996	1
198	1
3999	1
3940	1
4000	1
246	1
4011	1
4012	1
233	1
4013	1
4014	1
4016	1
247	1
4019	1
259	1
4010	1
257	1
4032	1
4034	1
4046	1
232	1
3953	1
4048	1
245	1
4041	1
4021	1
4047	1
4052	1
260	1
4054	1
4005	1
4024	1
4058	1
3528	1
4007	1
4017	1
262	1
4057	1
4053	1
248	1
4026	1
234	1
4061	1
4067	1
3540	1
40	1
3966	1
4113	1
215	1
4140	1
4143	1
1127	1
4089	1
3973	1
4148	1
201	1
4093	1
4101	1
3558	1
48	1
4155	1
4206	1
4208	1
4207	1
3554	1
4229	1
280	1
4241	1
4242	1
4243	1
4244	1
265	1
4262	1
292	1
4255	1
4283	1
4275	1
4164	1
4292	1
4294	1
4295	1
3565	1
4297	1
3563	1
252	1
4314	1
4260	1
4270	1
3590	1
3575	1
4264	1
240	1
4376	1
221	1
4379	1
4398	1
237	1
4399	1
250	1
4403	1
4404	1
239	1
4368	1
4412	1
4417	1
592	1
4419	1
3572	1
3541	1
4431	1
3539	1
4430	1
4400	1
238	1
4407	1
4409	1
4402	1
4443	1
4410	1
4382	1
4378	1
3595	1
219	1
4369	1
3594	1
4447	1
4387	1
205	1
4474	1
244	1
4516	1
162	1
4563	1
163	1
4565	1
187	1
4620	1
4619	1
118	1
4659	1
4618	1
161	1
4704	1
4683	1
4724	1
4701	1
5909	1
4738	1
4621	1
153	1
4698	1
4708	1
183	1
4956	1
4960	1
173	1
5041	1
172	1
5037	1
5058	1
5123	1
125	1
5168	1
123	1
5192	1
5191	1
128	1
5203	1
122	1
4938	1
4945	1
4940	1
4857	1
135	1
5198	1
5207	1
5216	1
124	1
4859	1
5226	1
5227	1
5170	1
4866	1
5273	1
5169	1
875	1
5324	1
5334	1
5322	1
6220	1
6226	1
6339	1
6584	1
6620	1
3232	0
6574	0
7033	1
7446	1
177	1
1124	1
728	0
1607	0
1678	0
1600	0
1684	0
450	1
1777	1
1778	0
724	0
1806	0
710	0
1875	0
1286	0
1270	0
505	0
2307	0
2308	0
535	0
2390	0
536	0
2389	0
2387	0
2410	0
2394	0
2392	0
2319	0
527	0
2448	0
2449	0
2439	0
1766	0
460	1
2484	1
506	0
2548	0
487	0
2551	0
2556	0
466	0
2560	0
449	1
2583	1
1732	1
41	1
2651	1
530	0
2922	0
2923	0
2929	0
516	0
2955	0
2946	0
495	0
2990	0
2998	0
469	1
2999	1
1775	1
473	0
3074	0
472	0
3076	0
3101	0
3000	0
342	1
3714	1
295	1
4157	1
298	1
4158	1
4160	1
4234	1
4179	1
4319	1
4330	1
220	1
4445	1
165	1
4556	1
151	1
5907	1
152	1
1064	1
4757	1
1056	1
4762	1
188	1
4962	1
4967	1
4562	1
1159	1
190	1
4989	1
4964	1
4968	1
166	1
4998	1
4954	1
192	1
4999	1
158	1
5128	1
140	1
5143	1
6108	1
485	1
6182	1
230	1
6219	1
253	1
6323	1
6947	0
462	1
6175	1
7021	1
7022	1
6962	1
5181	1
723	0
1268	0
1430	0
776	0
1518	0
801	0
1521	0
706	0
1527	0
1562	0
1515	0
1566	0
1534	0
892	0
1617	0
898	0
1623	0
1620	0
799	0
1520	0
1624	0
1533	0
1616	0
1626	0
904	0
1640	0
905	0
1650	0
1662	0
1663	0
906	0
1672	0
901	0
1639	0
899	0
1675	0
709	0
1673	0
1676	0
727	0
1679	0
1687	0
1681	0
538	0
1722	0
513	0
1723	0
468	0
7302	0
528	0
1763	0
369	1
1790	1
731	0
1808	0
1923	0
713	0
1879	0
1928	0
1931	0
432	1
2225	1
508	0
2309	0
510	0
7303	0
2396	0
509	0
2442	0
1765	0
2445	0
512	0
2458	0
2456	0
2457	0
2453	0
2454	0
2459	0
511	0
1770	0
2233	1
2519	0
488	0
2530	0
2531	0
2532	0
2529	0
2547	0
489	0
2559	0
507	0
2310	0
1724	0
467	0
2561	0
2564	0
2565	0
2562	0
461	1
2569	1
2576	1
448	1
2584	1
2591	1
463	1
2593	1
2575	1
433	1
2596	1
2227	1
465	1
2598	1
464	1
2574	1
2578	1
2599	1
2626	1
431	1
2634	1
430	1
2646	1
368	1
1789	1
391	1
392	1
393	1
2769	1
492	0
2856	0
458	0
2869	0
2766	1
517	0
2926	0
493	0
2927	0
515	0
2949	0
2925	0
2968	0
2973	0
2944	0
514	0
2847	0
1767	0
1769	0
2958	0
2865	0
2931	0
518	0
2991	0
2992	0
2997	0
3077	0
490	0
3089	0
491	0
3090	0
3095	0
2855	0
2848	0
3108	0
3229	0
411	1
3259	1
3373	1
413	1
3260	1
3377	1
3378	1
412	1
3375	1
417	1
3380	1
3267	1
3265	1
3383	1
418	1
3387	1
3381	1
3374	1
2877	1
3388	1
414	1
2795	1
3389	1
416	1
3478	1
3477	1
2878	1
2889	1
390	1
350	1
3546	1
254	1
3577	1
3578	1
251	1
354	1
3683	1
3674	1
370	1
3693	1
3691	1
2755	1
1796	1
3694	1
353	1
3670	1
3677	1
3672	1
357	1
3679	1
3700	1
3698	1
3676	1
3936	1
3929	1
196	1
3967	1
217	1
3964	1
216	1
4090	1
4147	1
266	1
4175	1
297	1
4181	1
296	1
4192	1
4199	1
4217	1
3544	1
351	1
4221	1
7296	1
4219	1
4224	1
4218	1
4223	1
293	1
4308	1
294	1
4310	1
4313	1
4254	1
4189	1
4265	1
4331	1
4348	1
4176	1
2823	1
241	1
4370	1
4372	1
222	1
4393	1
4394	1
4437	1
4435	1
4453	1
4385	1
4472	1
4679	1
929	1
4761	1
4746	1
168	1
4955	1
169	1
142	1
5146	1
136	1
5159	1
141	1
5162	1
5161	1
5155	1
5190	1
5220	1
47	1
5172	1
137	1
5268	1
5272	1
134	1
4898	1
971	1
5735	1
660	1
5767	1
5761	1
5736	1
5733	1
5768	1
5739	1
4114	1
6174	1
6187	1
6235	1
6678	1
7011	1
7020	1
7003	0
4641	1
206	1
1135	1
1232	1
921	0
1255	0
1254	0
757	0
1314	0
678	0
1342	0
1341	0
1317	0
1348	0
769	0
1415	0
1390	0
740	0
1454	0
782	0
1462	0
1481	0
796	0
1507	0
1504	0
1453	0
683	0
1551	0
1556	0
787	0
1557	0
1552	0
684	0
1560	0
1570	0
775	0
1585	0
726	0
1603	0
1604	0
893	0
1621	0
1622	0
721	0
1269	0
1691	0
549	0
1703	0
283	1
1738	1
534	0
1750	0
39	1
1739	1
229	1
1792	1
836	0
1809	0
818	0
1827	0
589	0
1836	0
839	0
1862	0
737	0
1253	0
795	0
1877	0
1878	0
762	0
1884	0
591	0
1957	0
1995	0
843	0
1272	0
2011	0
832	0
2030	0
2038	0
817	0
2027	0
2046	0
2042	0
1833	0
807	0
2084	0
808	0
2089	0
2091	0
579	0
2104	0
829	0
1821	0
2112	0
806	0
2111	0
2081	0
578	0
2125	0
820	0
2126	0
2080	0
2127	0
810	0
1707	0
585	0
2149	0
2150	0
2151	0
2145	0
2160	0
2187	0
601	0
1709	0
102	0
2105	0
602	0
2180	0
66	0
2220	0
76	0
2270	0
65	0
2271	0
2264	0
2265	0
2266	0
17	1
2274	1
18	1
1296	1
27	1
6748	1
2283	1
35	1
2213	1
20	1
2285	1
101	0
2286	0
86	0
2293	0
2294	0
83	0
2296	0
100	0
2301	0
504	0
2305	0
89	0
2334	0
92	0
2335	0
94	0
2336	0
74	0
2295	0
566	0
1706	0
97	0
2337	0
96	0
2338	0
2339	0
88	0
2341	0
2340	0
2342	0
75	0
2345	0
63	0
2299	0
73	0
2360	0
68	0
2210	0
2350	0
60	0
2348	0
59	0
2364	0
67	0
2367	0
2366	0
84	0
2368	0
2379	0
2381	0
2380	0
2375	0
78	0
2297	0
542	0
2388	0
2302	0
2408	0
98	0
2411	0
525	0
2412	0
2413	0
2398	0
503	0
2460	0
2461	0
57	0
2468	0
2469	0
80	0
2311	0
85	0
2502	0
2493	0
2472	0
281	1
2607	1
31	1
2608	1
2609	1
24	1
2610	1
44	1
2223	1
38	1
2617	1
2614	1
36	1
2214	1
46	1
2606	1
32	1
2619	1
2615	1
33	1
2613	1
339	1
1737	1
2637	1
334	1
2633	1
2638	1
49	1
2650	1
50	1
2231	1
2642	1
364	1
2647	1
2656	1
2655	1
2629	1
2631	1
335	1
366	1
2657	1
2628	1
2663	1
313	1
2639	1
338	1
2664	1
309	1
2667	1
306	1
2672	1
312	1
2669	1
311	1
1736	1
308	1
2670	1
310	1
2666	1
2668	1
305	1
213	1
2688	1
545	0
2706	0
548	0
2730	0
2739	0
2744	0
499	0
2768	0
224	1
2807	1
211	1
2814	1
2843	1
520	0
2849	0
531	0
2924	0
541	0
2920	0
540	0
2918	0
2941	0
2936	0
532	0
2984	0
2983	0
533	0
2882	0
3393	0
521	0
3397	0
608	0
2811	0
3399	0
284	1
3731	1
314	1
3741	1
3728	1
3981	1
87	1
1741	1
268	1
4365	1
2825	1
242	1
3580	1
4469	1
4470	1
611	0
4487	0
612	0
4486	0
4491	1
228	1
4505	1
272	1
4507	1
4503	1
302	1
4512	1
270	1
4515	1
4514	1
4520	1
4519	1
243	1
4522	1
226	1
4523	1
4531	1
225	1
4525	1
4532	1
4530	1
207	1
4533	1
208	1
4526	1
4524	1
227	1
4535	1
4497	1
271	1
4501	1
576	1
1121	1
1047	1
4662	1
178	1
4655	1
4677	1
179	1
4678	1
180	1
4682	1
14	1
4656	1
1048	1
4689	1
182	1
4690	1
186	1
4695	1
4693	1
4561	1
1071	1
4753	1
1045	1
4760	1
927	1
4750	1
930	1
4775	1
4636	1
1072	1
4567	1
1070	1
4774	1
851	1
4791	1
854	1
4778	1
4796	1
4781	1
942	1
4843	1
4842	1
174	1
4849	1
113	1
4847	1
571	1
115	1
116	1
4855	1
127	1
4882	1
4871	1
1050	1
4926	1
155	1
4933	1
1059	1
5007	1
121	1
5012	1
111	1
5017	1
1058	1
4569	1
5022	1
5009	1
112	1
4941	1
5027	1
171	1
4932	1
4879	1
5061	1
167	1
5101	1
156	1
5102	1
4927	1
157	1
5109	1
4848	1
147	1
5180	1
5182	1
126	1
4870	1
569	1
5294	1
5293	1
5290	1
4858	1
5310	1
5297	1
4901	1
4860	1
4867	1
858	1
5345	1
107	1
4907	1
5363	1
5337	1
194	1
5376	1
175	1
5383	1
558	1
5389	1
5378	1
133	1
5390	1
1139	1
209	1
5374	1
5395	1
662	1
5382	1
146	1
5402	1
5405	1
4895	1
5409	1
663	1
5441	1
5449	1
954	1
5454	1
651	1
4889	1
5458	1
642	1
5497	1
641	1
4595	1
5505	1
938	1
5513	1
5514	1
5512	1
5509	1
5511	1
935	1
4605	1
960	1
5522	1
5526	1
996	1
5744	1
888	1
5764	1
5738	1
5762	1
885	1
5657	1
5737	1
5659	1
5982	1
5981	1
4680	1
4912	1
6113	1
6112	1
6129	1
486	1
6176	1
307	1
6195	1
95	1
6197	1
6196	1
282	1
6198	1
6189	1
1063	1
6254	1
1060	1
6252	1
5996	1
269	1
6349	1
6366	1
6369	1
932	1
6370	1
4763	1
6390	1
6397	0
6399	0
6414	1
6431	0
622	1
6458	1
6545	1
6582	1
6595	1
6596	1
6598	1
6629	1
6634	0
6653	1
6664	1
6665	1
6682	1
6687	0
37	1
6701	1
6746	1
546	0
6754	0
6866	1
6918	1
794	1
6961	1
19	1
6963	1
6970	1
6876	1
6917	1
664	1
6199	1
2986	0
519	0
6127	1
5983	1
6449	1
7089	1
4792	1
6111	1
6553	1
7105	1
7106	1
7109	1
7116	1
5308	1
4875	1
397	1
6309	1
7347	1
6192	1
7353	1
2627	1
21	1
2278	1
204	1
1132	1
802	0
1506	0
1543	0
783	0
1509	0
914	0
1549	0
1558	0
894	0
1594	0
1593	0
1595	0
543	0
1718	0
435	1
1734	1
367	1
1735	1
352	1
1791	1
195	1
1740	1
838	0
1853	0
739	0
1861	0
1860	0
922	0
1857	0
1870	0
712	0
1892	0
1893	0
1895	0
1882	0
1894	0
835	0
1983	0
1992	0
826	0
2007	0
831	0
2010	0
827	0
2031	0
2018	0
2008	0
2026	0
830	0
2041	0
2057	0
2025	0
547	0
2203	0
434	1
2234	1
79	0
2313	0
61	0
2352	0
62	0
2357	0
2354	0
81	0
2372	0
77	0
2374	0
82	0
2373	0
847	0
2377	0
2347	0
2378	0
2376	0
2356	0
2383	0
537	0
2395	0
99	0
2288	0
1756	0
2423	0
2393	0
526	0
2437	0
2397	0
2438	0
2435	0
2485	0
2314	0
58	0
2476	0
2577	1
365	1
336	1
2635	1
2660	1
2658	1
337	1
2665	1
2678	1
15	1
2681	1
2612	1
398	1
2770	1
303	1
2805	1
442	1
2870	0
498	0
2899	0
496	0
2989	0
2868	0
497	0
3394	0
2850	0
2854	0
443	1
3432	1
444	0
3431	1
3428	0
3430	0
610	1
3406	1
500	0
3500	0
340	1
3614	1
341	1
3688	1
3697	1
1798	1
3675	1
315	1
3615	1
3730	1
3729	1
3742	1
197	1
3992	1
1122	1
1158	1
323	1
4156	1
300	1
2821	1
4215	1
299	1
4320	1
4317	1
301	1
4323	1
4380	1
223	1
2808	1
4517	1
4518	1
2804	1
4635	1
1065	1
1040	1
4673	1
181	1
4685	1
4686	1
1069	1
4743	1
117	1
4749	1
1041	1
4745	1
4756	1
3	1
4640	1
119	1
4752	1
4768	1
1073	1
4769	1
5853	1
110	1
4773	1
924	1
925	1
4639	1
4805	1
941	1
4841	1
159	1
4851	1
145	1
4903	1
4904	1
200	1
4930	1
189	1
4980	1
1157	1
191	1
5000	1
170	1
120	1
5002	1
139	1
5004	1
193	1
5056	1
5057	1
4931	1
5076	1
5042	1
4850	1
4947	1
144	1
5241	1
1051	1
5246	1
5173	1
5247	1
5259	1
4881	1
130	1
5267	1
952	1
5292	1
5287	1
862	1
5332	1
879	1
880	1
5275	1
106	1
5354	1
5355	1
5357	1
872	1
5330	1
878	1
5361	1
5362	1
176	1
5387	1
160	1
5392	1
150	1
5406	1
5407	1
5399	1
936	1
5519	1
5520	1
654	1
5750	1
923	1
5754	1
5755	1
995	1
5728	1
5749	1
5730	1
997	1
5757	1
5766	1
652	1
5776	1
6107	1
6110	1
1062	1
6124	1
573	1
6126	1
6128	1
6227	1
429	1
6316	1
5097	1
6377	1
860	1
6413	1
1	1
6626	1
6627	1
6635	0
6659	1
6683	1
6692	1
3233	0
6818	1
6885	1
6973	0
6984	1
7007	1
7032	1
7059	1
7091	1
7094	1
7097	1
7098	1
7099	1
7101	1
1061	1
6660	1
6255	1
916	0
1522	0
797	0
1523	0
1524	0
915	0
1564	0
1563	0
800	0
1568	0
682	0
1569	0
1571	0
1572	0
1573	0
707	0
1525	0
1574	0
917	0
1554	0
798	0
1597	0
895	0
1644	0
902	0
1647	0
900	0
1645	0
1596	0
918	0
1865	0
1866	0
502	0
2520	0
34	1
2640	1
394	1
2796	1
255	1
539	0
2943	0
529	0
1759	0
459	0
3427	0
2884	0
3441	0
427	1
3457	1
3458	1
422	1
3456	1
3459	1
423	1
3462	1
426	1
3467	1
424	1
3465	1
3463	1
3480	1
415	1
3482	1
3484	1
3470	1
428	1
3404	1
425	1
3492	1
3498	1
2800	1
395	1
4213	1
322	1
4214	1
4210	1
2797	1
4220	1
4233	1
4211	1
2799	1
396	1
2836	1
324	1
4178	1
267	1
4343	1
154	1
4566	1
1044	1
4653	1
1055	1
4658	1
4676	1
7	1
4758	1
1054	1
4755	1
1042	1
4759	1
4660	1
926	1
4765	1
1046	1
4780	1
575	1
4935	1
164	1
4996	1
4997	1
4550	1
574	1
4551	1
131	1
5160	1
148	1
5188	1
5219	1
143	1
5163	1
5152	1
129	1
132	1
5269	1
5265	1
5167	1
138	1
5263	1
114	1
4862	1
873	1
5335	1
859	1
5338	1
861	1
5369	1
965	1
5722	1
5721	1
889	1
5734	1
5726	1
653	1
5751	1
5731	1
5724	1
1052	1
5732	1
5775	1
5998	1
6106	1
6326	1
6815	1
6817	1
7035	1
7100	1
928	1
7102	1
7103	1
6969	1
7104	1
1053	1
1118	1
1021	1
1197	1
627	1
1147	1
624	1
1210	1
1211	1
599	1
1214	1
1004	1
1218	1
1022	1
1225	1
681	0
1239	0
688	0
1244	0
675	0
1238	0
742	0
1297	0
1303	0
745	0
1304	0
754	0
1313	0
755	0
1324	0
751	0
1309	0
753	0
1325	0
752	0
1311	0
1298	0
667	0
1329	0
673	0
1330	0
756	0
1331	0
668	0
1336	0
1306	0
1332	0
1337	0
1335	0
1338	0
666	0
1275	0
674	0
1318	0
1236	0
1320	0
758	0
1349	0
760	0
1352	0
693	0
1354	0
750	0
1308	0
1355	0
759	0
1356	0
1322	0
679	0
1319	0
1359	0
1350	0
1242	0
766	0
1367	0
1368	0
765	0
1369	0
1370	0
743	0
1373	0
746	0
1376	0
763	0
1380	0
767	0
1383	0
768	0
1386	0
749	0
1302	0
1374	0
747	0
1393	0
695	0
1400	0
761	0
1382	0
744	0
1372	0
1404	0
1300	0
1408	0
1407	0
1391	0
1409	0
685	0
1413	0
687	0
1419	0
1420	0
1377	0
1401	0
16	0
1249	1
1378	0
780	0
1467	0
781	0
1466	0
920	0
1688	0
689	0
1246	0
590	0
1698	0
581	0
1743	0
793	0
1811	0
792	0
1812	0
734	0
1813	0
669	0
1273	0
736	0
1842	0
1843	0
1855	0
1840	0
676	0
1819	0
1839	0
588	0
1932	0
586	0
1938	0
732	0
1241	0
1933	0
733	0
1936	0
690	0
1941	0
1693	0
1942	0
694	0
1934	0
691	0
1943	0
841	0
1960	0
844	0
1961	0
1965	0
842	0
1974	0
1981	0
1973	0
1950	0
1966	0
2066	0
1828	0
2068	0
814	0
2071	0
2062	0
43	0
2204	0
42	0
2215	1
69	0
2238	0
729	0
2248	0
686	0
1292	0
2254	0
70	0
2268	0
64	0
2211	0
803	0
2689	0
1701	0
597	0
2700	0
596	0
2701	0
556	0
2710	0
582	0
2718	0
2715	0
2720	0
2729	0
550	0
2723	0
522	0
2750	0
447	1
4483	1
523	0
1754	0
614	1
4493	1
565	1
4494	1
1137	1
618	1
4539	1
4542	1
9	1
4548	1
852	1
4579	1
946	1
4588	1
4589	1
1030	1
4600	1
1031	1
4602	1
868	1
4612	1
957	1
4613	1
4	1
4628	1
850	1
4630	1
4631	1
4643	1
1038	1
4807	1
4560	1
870	1
4814	1
855	1
4817	1
1039	1
4819	1
4818	1
4809	1
865	1
4826	1
4824	1
856	1
4810	1
4808	1
4821	1
1037	1
4825	1
4827	1
944	1
4832	1
863	1
4831	1
945	1
4839	1
4815	1
4833	1
30	1
5326	1
598	1
5411	1
595	1
5414	1
1002	1
5422	1
1074	1
5421	1
4885	1
1000	1
5423	1
1006	1
5427	1
1015	1
1191	1
1013	1
5442	1
5430	1
5446	1
5428	1
639	1
4615	1
1010	1
5459	1
1009	1
5460	1
4888	1
1193	1
5466	1
4601	1
947	1
5469	1
1025	1
5472	1
1023	1
1200	1
5494	1
1049	1
5498	1
939	1
5506	1
5504	1
5508	1
1024	1
5501	1
5484	1
869	1
5528	1
4591	1
876	1
5532	1
5529	1
5530	1
632	1
5545	1
634	1
5552	1
1020	1
1198	1
1026	1
5555	1
5482	1
1027	1
5550	1
5561	1
1028	1
5536	1
5538	1
5557	1
962	1
5551	1
5549	1
1029	1
5573	1
5554	1
1017	1
1223	1
1195	1
5553	1
5541	1
881	1
5585	1
5577	1
5578	1
616	1
5596	1
1204	1
615	1
5600	1
5599	1
621	1
5604	1
626	1
5607	1
619	1
5609	1
5611	1
5612	1
5605	1
5622	1
5620	1
973	1
5626	1
648	1
5627	1
994	1
988	1
5633	1
1018	1
5635	1
643	1
5634	1
972	1
5637	1
985	1
5638	1
572	1
1213	1
982	1
5646	1
661	1
1188	1
887	1
5653	1
657	1
5652	1
658	1
5668	1
5670	1
993	1
5661	1
999	1
5680	1
613	1
5678	1
864	1
5679	1
630	1
5683	1
607	1
5687	1
5688	1
5686	1
5689	1
1001	1
5690	1
1186	1
1003	1
5692	1
5691	1
656	1
5641	1
631	1
5693	1
5694	1
5644	1
981	1
5696	1
5697	1
1005	1
5703	1
646	1
5698	1
966	1
5705	1
649	1
5704	1
5708	1
5640	1
5712	1
5700	1
1190	1
5699	1
1016	1
5714	1
1219	1
1196	1
5706	1
5763	1
963	1
5709	1
883	1
5780	1
5782	1
5783	1
984	1
5786	1
978	1
5663	1
979	1
5785	1
5648	1
983	1
977	1
5788	1
976	1
5787	1
5675	1
5674	1
5796	1
991	1
5798	1
5797	1
989	1
5795	1
990	1
5628	1
992	1
5807	1
5792	1
5672	1
5636	1
5802	1
5799	1
5814	1
5801	1
5815	1
882	1
5816	1
633	1
5824	1
1019	1
5830	1
5831	1
968	1
1203	1
1226	1
967	1
5832	1
644	1
5833	1
645	1
5825	1
638	1
5834	1
5836	1
1035	1
5818	1
970	1
5829	1
1032	1
5817	1
5838	1
1034	1
5841	1
1033	1
5839	1
886	1
5842	1
974	1
5845	1
890	1
5847	1
5843	1
986	1
5848	1
975	1
5850	1
5631	1
5846	1
6009	1
1088	1
1089	1
1187	1
5566	1
6477	1
6624	1
6640	1
6672	1
6705	1
5499	1
6731	1
6966	0
764	0
6968	0
2721	0
7016	1
7026	1
7042	1
7048	1
7047	1
7046	1
7051	1
7053	1
7054	1
7055	1
7058	1
5471	1
940	1
7060	1
5507	1
7068	1
7066	1
7064	1
7117	1
7120	1
7123	1
7124	1
7129	1
7132	1
7133	1
7135	1
7137	1
7142	1
7144	1
7140	1
7147	1
7150	1
7149	1
7153	1
7155	1
7154	1
7158	1
7159	1
7162	1
7167	1
7166	1
7168	1
987	1
7171	1
7174	1
7173	1
7177	1
655	1
7180	1
7184	1
7185	1
7186	1
7187	1
7188	1
7189	1
7190	1
5681	1
7193	1
7192	1
7191	1
5437	1
7199	1
5572	1
7200	1
7201	1
7202	1
1221	1
1014	1
7195	1
5432	1
7196	1
7203	1
7210	1
7211	1
7212	1
7230	1
7231	1
4586	1
8	1
7334	1
677	0
10	1
1119	1
603	1
1136	1
13	1
1152	1
617	1
1205	1
748	0
1399	0
1394	0
1411	0
1397	0
770	0
1416	0
1418	0
1412	0
697	0
1295	0
1398	0
11	1
1425	1
1424	1
1251	1
773	0
1427	0
722	0
1428	0
790	0
1437	0
789	0
1446	0
1447	0
785	0
1451	0
788	0
1439	0
791	0
1465	0
1469	0
1456	0
672	0
1438	0
738	0
1479	0
786	0
1445	0
741	0
1483	0
1484	0
1489	0
1488	0
670	0
1480	0
779	0
1499	0
772	0
1532	0
784	0
1502	0
777	0
1587	0
778	0
1464	0
1589	0
774	0
1602	0
896	0
1605	0
897	0
1619	0
725	0
1429	0
771	0
1692	0
1271	0
577	0
1695	0
544	0
1749	0
845	0
1817	0
819	0
735	0
680	0
1838	0
1937	0
837	0
1945	0
816	0
1956	0
833	0
1975	0
834	0
1986	0
1999	0
824	0
2004	0
825	0
2005	0
823	0
2014	0
2009	0
1818	0
1964	0
1948	0
815	0
2065	0
2067	0
1043	0
2078	0
821	0
2083	0
580	0
2096	0
828	0
2107	0
805	0
822	0
2090	0
2119	0
812	0
2120	0
813	0
2121	0
1834	0
2123	0
811	0
2128	0
1829	0
583	0
2134	0
2135	0
584	0
2094	0
2132	0
2153	0
804	0
2147	0
2141	0
2164	0
809	0
2095	0
554	0
2189	0
2190	0
53	0
2218	0
52	0
2221	1
2235	0
848	0
2237	0
71	0
2242	0
25	0
2243	0
2246	0
2247	0
2249	0
696	0
2252	0
698	0
1294	0
2253	0
699	0
2257	0
692	0
2258	0
93	0
2217	0
2256	0
90	0
2259	0
51	0
2260	0
91	0
2207	0
2240	0
72	0
2263	0
26	1
2282	1
54	0
2216	0
45	0
2365	0
2363	0
2355	0
55	0
2232	1
2222	1
2385	0
846	1
2382	1
56	0
2300	0
2212	0
29	1
2618	1
28	1
2621	1
22	1
2622	1
23	1
2674	1
2676	1
210	1
2680	1
212	1
1156	1
553	0
2692	0
555	0
2704	0
552	0
2711	0
2722	0
600	0
1772	0
2725	0
551	0
2724	0
2732	0
2733	0
604	0
2742	0
2736	0
605	0
2746	0
606	0
1794	0
2751	0
1751	0
400	1
2817	1
2816	1
445	1
3403	1
401	1
4485	1
609	0
4488	0
399	1
4490	1
4492	1
564	1
2820	1
559	1
4509	1
620	1
1144	1
304	1
4513	1
560	1
4545	1
4544	1
625	1
4546	1
628	1
4547	1
959	1
4599	1
1057	1
4592	1
1066	1
4642	1
184	1
4654	1
6	1
4651	1
5	1
4633	1
185	1
1155	1
103	1
4782	1
857	1
4788	1
934	1
4581	1
2	1
4776	1
446	1
853	1
4632	1
867	1
4799	1
568	1
4803	1
1067	1
4790	1
567	1
4802	1
4786	1
4637	1
4572	1
1068	1
4789	1
4577	1
866	1
4829	1
943	1
4838	1
665	1
1012	1
4894	1
1011	1
953	1
950	1
5274	1
105	1
4575	1
951	1
5276	1
933	1
5296	1
108	1
570	1
5300	1
5316	1
5307	1
5325	1
874	1
5346	1
557	1
594	1
5381	1
593	1
629	1
5413	1
5412	1
5417	1
5416	1
5380	1
4890	1
5424	1
1008	1
5426	1
5444	1
1007	1
5448	1
5438	1
4884	1
4892	1
647	1
5456	1
5455	1
955	1
4906	1
5433	1
956	1
5457	1
640	1
4877	1
958	1
4896	1
650	1
5461	1
5462	1
937	1
5473	1
871	1
4583	1
636	1
5527	1
5503	1
635	1
5556	1
877	1
5580	1
5591	1
561	1
5613	1
5615	1
1143	1
5616	1
5614	1
891	1
5649	1
659	1
5645	1
980	1
5695	1
5643	1
964	1
5651	1
884	1
5791	1
5790	1
998	1
5810	1
637	1
5835	1
969	1
5837	1
1448	0
961	1
5443	1
109	1
5450	1
5478	1
6360	1
6375	1
6411	1
6459	1
623	1
6504	1
501	1
6512	1
524	0
6517	1
6520	1
6623	1
562	1
6645	1
6671	1
563	1
6688	1
4593	1
6373	1
931	1
6368	1
6717	1
6718	1
6720	1
104	1
6721	1
6722	1
7226	1
6739	1
6740	1
949	1
6742	1
6743	1
6849	1
6865	1
6943	1
6822	1
6981	1
5928	1
6883	1
6882	1
6930	1
6998	0
6518	0
4777	1
7044	1
7095	1
7082	1
7110	1
7111	1
7114	1
7115	1
7119	1
7138	1
7139	1
7227	1
7228	1
4576	1
7229	1
4571	1
12	1
7287	1
7319	0
7324	1
1944	0
4626	1
671	0
7343	0
6713	0
948	1
5291	1
5309	1
3782	1
3783	1
3843	1
3833	1
3832	1
3850	1
3873	1
3874	1
3556	1
3788	1
3553	1
3552	1
3549	1
3787	1
3838	1
3837	1
3842	1
3849	1
2791	1
3853	1
3318	1
3319	1
2787	1
5249	1
6102	1
4943	1
3320	1
3264	1
6145	1
3346	1
6146	1
2792	1
5252	1
5250	1
4913	1
5236	1
5256	1
5257	1
5238	1
3347	1
1175	1
1176	1
1266	0
1267	0
1290	0
1291	0
1608	0
1609	0
1686	0
1804	0
1926	0
3179	0
3004	0
3224	0
3283	1
3284	1
3290	1
3292	1
3241	1
3242	1
4374	1
4375	1
4383	1
4384	1
4392	1
4389	1
3574	1
4467	1
5116	1
5117	1
5046	1
5222	1
5224	1
5195	1
4852	1
5329	1
5359	1
1613	0
1612	0
3003	0
3031	0
3030	0
3037	1
3036	1
3044	1
3043	1
3104	0
3107	0
2859	0
2861	0
6142	0
3180	0
3212	1
3211	0
3218	0
3217	0
3248	1
3247	1
3285	1
6161	1
3573	1
6160	1
3591	1
4300	1
3569	1
3592	1
4391	1
4413	1
4464	1
4477	1
1178	1
5113	1
5112	1
5044	1
5194	1
5200	1
5199	1
5210	1
5212	1
4865	1
5349	1
5348	1
5353	1
5352	1
5342	1
1516	0
1517	0
1537	0
1538	0
1567	0
1590	0
1598	0
1636	0
1805	0
1815	0
1816	0
1984	0
2860	0
2954	0
2948	0
2967	0
2917	0
2947	0
2978	0
4944	1
6096	1
5127	1
6168	1
5045	1
1642	0
1721	0
1720	0
1762	0
1761	0
6440	0
2862	0
2957	0
2956	0
2965	0
6167	1
5126	1
6169	1
5131	1
5047	1
5132	1
6095	1
4914	1
7462	1
5156	1
5209	1
5213	1
5217	1
5150	1
7461	1
6171	1
6441	0
6170	1
1512	0
1510	0
1545	0
1547	0
1457	0
1513	0
1712	0
1713	0
1985	0
1990	0
1977	0
1996	0
2023	0
2024	0
2044	0
2045	0
2047	0
2055	0
2050	0
1832	0
2100	0
2101	0
2155	0
2156	0
2129	0
2158	0
2138	0
2167	0
6759	0
2170	0
6760	0
2171	0
2184	0
2188	0
2185	0
2199	0
2424	0
2425	0
2434	0
4609	1
4610	1
6100	1
5148	1
5149	1
5302	1
5314	1
5328	1
5344	1
5356	1
5280	1
5517	1
5914	1
2168	0
1177	1
1514	0
1461	0
1717	0
1716	0
2022	0
2021	0
2103	0
2102	0
7464	0
2157	0
7286	0
2177	0
2194	0
2197	0
2201	0
2202	0
2172	0
7285	0
2429	0
4598	1
4608	1
4853	1
4864	1
5157	1
5286	1
5285	1
5304	1
5341	1
5368	1
5915	1
5521	1
1440	0
1442	0
1458	0
1096	0
1485	0
1496	0
1497	0
1822	0
1823	0
1831	0
1954	0
1955	0
1968	0
6402	0
1976	0
1969	0
1952	0
1997	0
6400	0
2001	0
2035	0
2036	0
2039	0
2073	0
2074	0
2085	0
2086	0
2113	0
2115	0
2117	0
2118	0
2139	0
2143	0
5301	1
6173	1
5318	1
5476	1
5477	1
5474	1
5543	1
5592	1
5588	1
6401	0
1444	0
1443	0
1450	0
1468	0
1473	0
1486	0
1495	0
1947	0
2012	0
2037	0
5279	1
6172	1
5303	1
6443	1
6442	1
5321	1
5319	1
5475	1
5487	1
5486	1
5489	1
5488	1
5535	1
5534	1
5542	1
5563	1
5562	1
5564	1
5567	1
5582	1
5581	1
5587	1
5586	1
1077	1
5594	1
6147	1
2786	1
6148	1
3555	1
4162	1
4163	1
4249	1
4246	1
4272	1
4251	1
4280	1
6154	1
4281	1
6130	1
4298	1
6144	1
4166	1
4165	1
4230	1
4250	1
4286	1
6131	1
4299	1
5243	1
5245	1
5141	1
5145	1
3148	1
3149	1
3150	1
2758	1
2756	1
3153	1
3570	1
4106	1
4107	1
4117	1
3970	1
4127	1
3960	1
3956	1
3583	1
4705	1
4706	1
4672	1
4713	1
4734	1
4735	1
4714	1
4664	1
4712	1
4715	1
6134	0
6136	0
6137	0
6141	0
6140	0
6151	1
6153	1
6155	1
6156	1
6157	1
6158	1
6159	1
6164	1
6163	1
6135	0
3144	1
4123	1
4118	1
4126	1
4132	1
4135	1
6286	1
6290	1
6288	1
6289	1
6287	1
6285	1
3442	0
3418	0
3419	0
3450	0
4915	1
4917	1
4920	1
4919	1
6344	0
6345	0
6346	0
6343	0
6341	0
6347	0
6348	0
6342	0
6776	0
6071	0
2757	1
2771	1
2772	1
2752	1
2775	1
3152	1
3514	1
3561	1
3957	1
3951	1
3955	1
4111	1
4112	1
4103	1
4110	1
3962	1
4131	1
3515	1
4273	1
4257	1
6132	0
6133	0
6138	0
6139	0
2526	0
2527	0
2540	0
2536	0
2774	1
4190	1
4340	1
4173	1
4341	1
7243	1
6322	1
6321	1
2753	1
3695	1
2291	0
2292	0
2496	0
2498	0
2494	0
2492	0
2497	0
2290	0
2508	0
2474	0
2499	0
2479	0
5877	1
5882	1
5883	1
5880	1
5866	1
5867	1
5868	1
5864	1
5871	1
5873	1
5860	1
5863	1
4916	1
4918	1
5923	1
5922	1
5925	1
5926	1
5961	1
5955	1
5956	1
5962	1
5978	1
5976	1
5977	1
5979	1
5973	1
5972	1
6024	0
6020	0
6019	0
6025	0
6027	0
6028	0
6589	0
6757	0
6761	0
6762	0
6758	0
6847	1
6844	1
6845	1
6846	1
6842	1
6841	1
6890	1
6891	1
7335	1
6902	1
6900	1
6901	1
6903	1
6909	1
6907	1
6908	1
6910	1
6911	1
6914	1
6912	1
6916	1
6919	1
6924	1
6927	1
6934	1
6937	1
6938	1
6939	1
6935	1
6940	1
7340	1
2289	0
2509	0
6590	0
5896	1
5903	1
5904	1
5897	1
4783	1
5889	1
5895	1
5898	1
5890	1
5886	1
5893	1
5933	1
5934	1
5935	1
5936	1
5938	1
5939	1
6012	1
6005	1
6006	1
6011	1
6013	1
6014	1
6033	0
6034	0
6037	0
6038	0
6039	0
6040	0
6045	0
6043	0
6044	0
6046	0
6052	0
6049	0
6050	0
6051	0
6053	0
6054	0
7264	0
6058	0
6057	0
6059	0
6060	0
6066	0
6771	0
6770	0
6067	0
6074	0
6070	0
6075	0
6081	0
6082	0
6085	0
6086	0
6091	0
6824	1
6825	1
6826	1
6823	1
6827	1
6829	1
6830	1
6831	1
6837	1
6834	1
6835	1
6836	1
6839	1
6840	1
6851	1
6852	1
6861	1
6863	1
6864	1
6862	1
6869	1
6870	1
6871	1
6872	1
6877	1
6878	1
6881	1
6884	1
6888	1
6889	1
6897	1
6894	1
6895	1
6896	1
7338	1
6932	1
6931	1
6945	1
6946	1
7337	1
6072	0
5244	1
5242	1
1125	1
1126	1
1163	1
6995	1
1166	1
1167	1
2910	0
2903	0
3064	0
3065	0
3071	0
3070	0
3080	0
3092	0
3081	0
3096	0
3102	0
3001	0
2906	0
3201	0
3066	0
3504	1
3525	1
3526	1
3582	1
3584	1
3585	1
3609	1
3719	1
3628	1
3737	1
3738	1
3743	1
3744	1
3625	1
3627	1
3749	1
3748	1
3753	1
3754	1
6260	1
3759	1
3757	1
3762	1
3930	1
3931	1
3944	1
3945	1
3952	1
3961	1
4001	1
4002	1
4020	1
4027	1
4028	1
4033	1
4037	1
4038	1
4044	1
4045	1
4051	1
3581	1
4065	1
4066	1
4068	1
4071	1
4073	1
4074	1
4079	1
6262	1
4084	1
4085	1
4099	1
4100	1
4108	1
4124	1
4133	1
1164	1
4141	1
4142	1
4146	1
4083	1
4098	1
7397	1
4415	1
4418	1
4423	1
4426	1
4553	1
4554	1
4616	1
4617	1
4622	1
4623	1
4624	1
4625	1
4671	1
7241	1
4717	1
4720	1
6265	1
4727	1
4729	1
4721	1
4953	1
4957	1
4958	1
4975	1
4976	1
6264	1
4970	1
6263	1
4978	1
4991	1
4969	1
4994	1
4974	1
5065	1
5066	1
5067	1
5072	1
5073	1
1170	1
5075	1
5077	1
4929	1
5034	1
5105	1
5106	1
5029	1
6092	0
4239	1
6162	1
4201	1
7400	1
4080	1
7240	1
4665	1
3142	1
1729	1
3146	1
3145	1
3537	1
6259	1
3685	1
3684	1
3704	1
3703	1
3717	1
3713	1
3739	1
3958	1
3959	1
4022	1
4078	1
4077	1
4082	1
4095	1
4116	1
6261	1
4149	1
4152	1
1171	1
4716	1
6266	1
4722	1
4723	1
1727	0
1725	0
1730	1
1731	1
1773	0
1774	0
2473	0
2534	0
2539	0
2550	0
2537	0
2553	0
2555	0
2557	0
2463	0
2563	0
2571	1
2572	1
2579	1
2580	1
2581	1
2586	1
2483	1
2590	1
1728	1
3091	0
3681	1
3682	1
3686	1
3687	1
3711	1
4172	1
4200	1
4202	1
4240	1
4256	1
4191	1
4344	1
4345	1
4352	1
4353	1
7242	1
2477	0
2567	0
2589	1
2482	1
3680	1
3708	1
4120	1
2324	0
2325	0
2326	0
7420	0
2462	0
2467	0
2495	0
2323	0
6586	0
6585	0
2466	0
2904	0
2905	0
2907	0
2915	0
3443	0
3626	1
3718	1
5854	1
5855	1
4921	1
4922	1
4923	1
4924	1
5010	1
5011	1
5015	1
5003	1
5018	1
5019	1
5030	1
5033	1
5054	1
5905	1
5064	1
5081	1
5089	1
5090	1
5091	1
5092	1
5100	1
5103	1
5142	1
5144	1
5174	1
5177	1
5258	1
5260	1
5958	1
5957	1
6272	0
6273	0
7422	0
6854	1
6853	1
6258	0
6257	0
3720	1
6859	1
6860	1
1101	0
7315	0
6214	1
6211	1
6209	1
2512	1
7443	1
2513	1
7444	1
2514	1
2515	1
2516	1
2517	1
2518	1
7441	1
2554	0
2643	1
2644	1
2649	1
2648	1
2654	1
2653	1
6177	1
6178	1
6181	1
7442	1
6180	1
6179	1
6183	1
6184	1
6185	1
6186	1
6204	1
6201	1
6203	1
6202	1
6207	1
6213	1
6212	1
6208	1
6948	1
6950	1
6951	1
6949	1
6952	0
6953	1
6954	0
6955	0
2558	0
6210	1
6205	1
6206	1
2630	1
2632	1
7440	1
7439	1
2686	1
7436	1
7438	1
6190	1
6191	1
7019	1
6188	1
6194	1
6193	1
2687	1
2685	1
7433	1
2683	1
7434	1
6200	1
7432	1
7431	1
6421	0
6419	0
6418	0
6420	0
7289	0
3449	0
7437	1
7435	1
6773	0
6772	0
6775	0
6774	0
7274	0
7268	0
7279	0
7269	0
7280	0
7281	0
7270	0
7278	0
7271	0
7272	0
7273	0
7277	0
3531	1
3533	1
3417	0
3408	0
6270	0
6271	0
4350	1
6415	1
6964	1
6324	1
6677	1
4338	1
6325	1
7246	1
7247	1
2224	1
2528	0
3712	1
3707	1
1160	1
1162	1
4421	1
4422	1
3530	1
4425	1
4424	1
6215	1
6216	1
6217	1
6336	1
6333	1
7427	1
6328	1
4728	1
7024	1
4726	1
3524	1
3648	1
3649	1
3616	1
3710	1
3879	1
3885	1
3884	1
3907	1
3920	1
3922	1
3923	1
3983	1
4004	1
4035	1
4036	1
4059	1
4475	1
4473	1
4951	1
6993	1
5204	1
5193	1
6583	1
4952	1
1169	1
1168	1
6267	0
6268	0
6269	0
6274	0
6275	0
6276	0
6277	0
6278	0
6279	0
6280	0
6281	0
6282	0
7261	0
6283	0
6284	0
2331	0
6606	0
2332	0
2909	0
2845	0
2844	1
2908	0
3420	1
6996	1
3437	0
3439	0
3488	1
7418	0
7416	0
5660	1
5669	1
5743	1
5745	1
5765	1
5760	1
5772	1
5773	1
5666	1
6355	1
5812	1
5992	1
7423	1
5994	1
7424	1
6327	1
5993	1
5997	1
6018	0
6016	0
6249	1
6248	1
6247	1
6250	1
6253	1
6251	1
6246	1
6244	1
7036	1
6256	1
6245	1
6548	1
6298	1
7249	1
6294	1
6296	1
6297	1
7465	1
6303	1
7251	1
6299	1
7250	1
6304	1
7253	1
6302	1
7252	1
6305	1
6310	1
6312	1
6308	1
6314	1
7406	1
6320	1
3414	1
7408	1
6318	1
7413	1
5995	1
7426	1
6330	1
6329	1
6331	1
7425	1
6335	1
6337	1
6338	1
6334	1
7428	1
6423	0
6432	0
6422	0
6922	1
6446	1
6540	1
6445	1
6542	1
6444	1
6539	1
6451	1
6450	1
6452	1
6541	1
6457	1
6454	1
6453	1
6505	1
6509	1
6510	0
6507	0
6506	0
6511	0
6513	0
7027	1
6549	1
6547	1
6546	1
6550	1
6551	1
6552	1
6554	1
6555	1
6556	1
6557	1
6559	1
6560	1
6558	1
6591	0
6609	0
2327	0
6610	0
6611	0
6612	0
2330	0
2328	0
6613	0
6614	0
6615	0
6921	1
7430	1
6923	1
7256	1
3401	1
6920	1
7245	1
7248	1
7254	1
3421	1
7410	1
7412	1
7417	0
7429	1
7288	0
1553	0
7396	0
1559	0
1575	0
2333	0
2206	0
2208	0
4468	1
4481	1
6819	1
4596	1
4597	1
4674	1
4681	1
5876	1
4748	1
7056	1
4840	1
4611	1
4869	1
4902	1
5266	1
5288	1
5317	1
4872	1
5278	1
5283	1
7006	1
5365	1
5366	1
5386	1
5388	1
5500	1
6528	1
2842	1
6581	1
6632	0
6649	1
6999	1
7266	1
6707	1
2205	0
6605	0
2329	0
5719	1
5718	1
5742	1
6592	0
6607	0
5655	1
5656	1
5665	1
5717	1
5650	1
5725	1
5727	1
5701	1
5740	1
5741	1
5758	1
5759	1
5803	1
5809	1
5804	1
6015	1
6017	1
6356	1
6455	1
6456	1
6461	1
6462	1
6460	1
6463	1
6464	1
6749	1
6466	1
6468	1
6469	1
6467	1
6470	1
6471	1
6473	1
6474	1
6475	1
6472	1
6478	1
6479	1
6476	1
6484	1
6481	1
6482	1
6483	1
6480	1
6486	1
6487	1
6488	1
6485	1
6489	1
6490	1
6491	1
6508	1
6514	1
6515	1
6516	0
6519	0
6522	0
6523	0
6521	0
6750	1
5379	1
6875	1
6880	1
6879	1
1301	0
1351	0
1363	0
1353	0
1364	0
1410	0
1455	0
7371	0
1491	0
1487	0
1498	0
2272	0
2273	0
2275	1
7214	1
7107	1
4874	1
4897	1
6412	1
5468	1
7223	1
5502	1
6726	1
5515	1
5516	1
6117	0
6118	0
4669	1
4837	1
6372	1
7450	1
4886	1
7259	1
7258	1
7257	1
7260	1
2261	0
2262	0
5774	1
2828	1
2829	1
3321	1
3336	1
3340	1
2830	1
3363	1
3813	1
2535	0
2525	0
6231	1
6229	1
6230	1
6225	1
4129	1
6232	1
3400	0
3413	1
3409	1
3422	0
3411	0
7415	0
3451	1
7255	1
3453	1
3454	0
6221	1
6223	1
6224	1
6228	1
6233	1
6236	1
6237	1
6238	1
6239	1
6240	1
6241	1
6234	1
6242	1
6243	1
3356	1
3358	1
3354	1
3803	1
3795	1
3765	1
3820	1
5237	1
5240	1
1588	0
1531	0
1680	0
1263	0
1431	0
1764	0
1768	0
1776	0
2318	0
2386	0
1758	0
2406	0
2391	0
2452	0
2455	0
2471	0
2480	0
2524	0
2570	1
2470	1
2594	1
2601	1
2641	1
2645	1
2661	1
2228	1
2760	1
2761	1
2932	0
2933	0
2950	0
2951	0
2959	0
2975	0
2930	0
2995	0
2996	0
3069	0
3123	1
3186	0
3184	0
3230	0
3189	0
3429	0
3445	0
3915	1
3997	1
3998	1
4371	1
4386	1
4436	1
4438	1
4442	1
4448	1
4459	1
4455	1
4555	1
4684	1
5908	1
5906	1
4687	1
7037	1
6103	1
4699	1
4564	1
4764	1
4899	1
4949	1
4966	1
4971	1
4987	1
4981	1
4988	1
7012	1
5129	1
7010	1
5165	1
5164	1
5135	1
6099	1
6109	1
3994	1
3993	1
2866	0
4688	1
7237	1
7392	0
1287	0
1289	0
1876	0
1927	0
2898	0
3025	1
3078	0
3117	0
3130	1
3133	1
3135	1
3129	1
3143	1
3156	1
3158	1
3127	1
3165	1
3170	1
3177	0
3204	0
3199	0
3198	0
3213	0
3011	0
3195	0
3181	0
3019	1
3282	1
3338	1
3511	1
3513	1
3518	1
7293	1
3532	1
3516	1
3535	1
3598	1
3620	1
3621	1
3559	1
3643	1
3702	1
3699	1
3726	1
3727	1
3756	1
3758	1
3633	1
3772	1
3818	1
7295	1
3824	1
3826	1
3790	1
3835	1
3867	1
3876	1
3551	1
3889	1
7294	1
3890	1
3904	1
3911	1
3921	1
3926	1
2841	1
3928	1
3607	1
3938	1
3939	1
3941	1
3946	1
3947	1
3974	1
3933	1
4006	1
4018	1
4008	1
4062	1
4075	1
4072	1
4097	1
4138	1
6673	1
3603	1
1130	1
4377	1
4401	1
4406	1
4411	1
4428	1
4408	1
4444	1
4471	1
1133	1
4710	1
4736	1
4663	1
5910	1
4666	1
4946	1
4982	1
5036	1
5043	1
5050	1
5052	1
5171	1
5196	1
5205	1
5206	1
5208	1
5225	1
4868	1
7262	1
6651	1
5035	1
5111	1
6571	1
6575	0
6652	1
3210	0
4703	1
1285	0
1120	1
1131	1
1134	1
1228	1
6527	1
1234	1
1235	1
1432	0
1452	0
1508	0
7367	0
1561	0
1592	0
1627	0
1625	0
1646	0
2108	0
2110	0
2200	0
2195	0
2209	0
7009	1
2230	1
7346	1
2276	1
7374	1
6706	1
2277	1
2279	1
6563	1
6747	1
2281	1
6561	1
2284	1
2287	0
6631	0
2298	0
6579	0
2306	0
2303	0
2321	0
2343	0
2370	0
2371	0
2315	0
2317	0
2399	0
2409	0
2414	0
2421	0
2464	0
2487	0
2597	1
2616	1
7008	1
2624	1
6544	1
1154	1
2652	1
2671	1
2679	1
2677	1
2684	1
2675	1
2682	1
2798	1
2809	1
2853	0
2867	0
2897	0
2900	0
2901	0
7004	0
2928	0
1755	0
1748	0
2881	0
2883	0
3391	0
3395	0
6434	0
2813	0
3434	0
3435	0
3446	0
3455	1
3464	1
3469	1
3491	1
3486	1
2916	0
3501	0
3521	1
4212	1
4225	1
4318	1
4159	1
4186	1
2822	1
1180	1
1233	1
6361	1
5988	1
5987	1
5989	1
6529	1
4534	1
6367	1
7113	1
4604	1
7234	1
6094	1
4657	1
4652	1
4661	1
4638	1
7031	1
4691	1
4692	1
4725	1
4744	1
6816	1
6115	1
5875	1
4754	1
4742	1
4751	1
4747	1
4766	1
5852	1
6123	1
4767	1
4771	1
4772	1
5858	1
6114	1
7108	1
4794	1
4795	1
4844	1
4845	1
4856	1
4878	1
4887	1
4900	1
4908	1
4934	1
4936	1
4948	1
4961	1
6656	1
5008	1
5021	1
5020	1
6662	1
5026	1
5025	1
4939	1
5028	1
5048	1
5053	1
5084	1
5083	1
5038	1
5031	1
5098	1
6389	1
5115	1
5119	1
5120	1
5137	1
5166	1
5184	1
5189	1
5187	1
5147	1
5151	1
5228	1
7354	1
5231	1
5912	1
5261	1
5262	1
5271	1
5950	1
4846	1
7344	1
7206	1
5315	1
5306	1
5312	1
5298	1
5323	1
7023	1
5350	1
5351	1
4876	1
5331	1
5370	1
5372	1
5391	1
5384	1
7453	1
5397	1
5403	1
4880	1
5404	1
5401	1
5953	1
5949	1
6985	1
5947	1
5400	1
5495	1
5723	1
5720	1
5769	1
5778	1
5777	1
5710	1
5945	1
5946	1
5948	1
4854	1
5984	1
5006	1
7291	1
4670	1
6122	1
6121	1
6116	1
7001	1
6125	1
6292	1
6291	1
4184	1
6300	1
7401	1
6340	1
5096	1
5093	1
6983	1
6371	1
6376	1
4500	1
6391	1
6393	1
6394	1
3396	0
6447	1
6990	1
6502	0
1787	0
6532	1
6537	1
4528	1
6531	1
6991	1
2611	1
4568	1
7385	1
6562	1
2280	1
6580	1
6650	1
6654	1
6657	1
6661	1
6655	1
6681	1
6693	1
6703	1
4574	1
6960	1
5954	1
7030	1
6572	1
7384	1
7383	1
7238	1
7239	1
6301	1
6105	1
6805	0
2053	0
2244	0
2269	0
6564	1
2623	1
2625	1
6382	0
1083	0
4578	1
7013	1
4784	1
4785	1
7217	1
7215	1
1075	1
7358	1
5289	1
5347	1
5277	1
6838	1
5971	1
4883	1
5463	1
5525	1
5927	1
5970	1
5974	1
5975	1
6063	0
6064	0
6383	0
6379	0
6622	1
6648	1
6724	1
6806	0
6997	0
7084	1
4787	1
7363	1
2778	1
2781	1
3024	1
3049	1
3047	1
3164	1
3173	1
3266	1
3302	1
3305	1
3306	1
3313	1
2826	1
3326	1
3300	1
3240	1
3339	1
3051	1
3301	1
3350	1
3258	1
3344	1
3251	1
3351	1
3352	1
3353	1
3360	1
3308	1
3811	1
3815	1
2440	0
2937	0
2945	0
2969	0
2977	0
3190	0
3599	1
4258	1
4236	1
4238	1
4194	1
4205	1
4204	1
4446	1
4460	1
5154	1
5158	1
3014	1
3039	1
3052	1
3055	1
3035	1
3163	1
7298	1
3194	1
3193	1
3187	1
3245	1
3550	1
3596	1
3610	1
2776	1
3777	1
3830	1
3863	1
3985	1
3986	1
3987	1
3932	1
4029	1
4009	1
7297	1
4003	1
4056	1
4055	1
4087	1
4115	1
4137	1
4144	1
4092	1
1174	1
5215	1
4863	1
6663	1
4667	1
1719	0
2312	0
2384	0
7305	0
2420	0
2430	0
2427	0
2441	0
7304	0
2501	0
2500	0
2504	0
6530	1
2988	0
2987	0
3433	0
3440	0
4222	1
4454	1
4458	1
5055	1
5080	1
5087	1
5248	1
5913	1
3426	0
3444	0
7034	1
4668	1
7299	0
6565	0
2229	0
1576	0
1540	0
3323	1
3355	1
3636	1
1256	0
1257	0
7364	0
1849	0
1873	0
3244	1
3658	1
3659	1
3706	1
3869	1
3934	1
3935	1
3975	1
3976	1
4942	1
6410	1
6525	0
2351	0
6526	0
6352	1
6354	1
6405	0
1550	0
1618	0
1708	0
1782	0
6425	0
1784	0
1785	0
1858	0
1859	0
1837	0
1869	0
6792	0
2032	0
2056	0
2019	0
2106	0
2124	0
2122	0
6396	0
2152	0
2088	0
1803	0
2176	0
2181	0
2169	0
2179	0
1711	0
6435	0
2713	0
6380	0
3390	0
3398	0
1786	0
3405	1
6315	1
2812	0
4510	1
4527	1
1138	1
5986	1
4606	1
4779	1
4797	1
7085	1
4798	1
5885	1
7093	1
5333	1
5336	1
5364	1
4905	1
5940	1
5452	1
5496	1
5510	1
4607	1
5453	1
5985	1
1781	0
6395	0
6752	0
6751	0
2840	1
4489	0
7005	0
6686	0
6741	1
6744	1
6745	1
1972	0
7092	1
4793	1
5899	1
6357	1
5808	1
6351	1
6716	1
1146	1
6699	1
1148	1
1194	1
1207	1
1222	1
1274	0
1316	0
1334	0
1094	0
1339	0
1340	0
1347	0
6362	0
1361	0
1426	0
6794	0
1433	0
1434	0
1463	0
1097	0
1470	0
1472	0
1471	0
1539	0
1541	0
6795	0
1614	0
1704	0
1697	0
1742	0
6808	0
1949	0
1967	0
7373	0
2060	0
2079	0
1826	0
2161	0
2162	0
2192	0
1702	0
2690	0
6438	0
2697	0
2698	0
6437	0
2702	0
6767	0
6769	0
2728	0
1705	0
6768	0
6766	0
2731	0
1104	0
7316	0
2734	0
6090	0
2747	0
2748	0
1105	0
7314	0
2694	0
4484	1
6887	1
6689	1
6965	1
6702	1
4585	1
6725	1
6737	1
5894	1
4800	1
4804	1
4806	1
4812	1
5281	1
6736	1
5431	1
5435	1
5436	1
5937	1
5465	1
7360	1
5467	1
4584	1
5574	1
1085	1
5601	1
5598	1
5642	1
5677	1
5684	1
5685	1
7329	1
6668	1
5707	1
5715	1
5713	1
5826	1
5828	1
5840	1
6035	0
6958	0
6036	0
6089	0
2691	0
6428	0
2705	0
7312	1
6719	1
4801	1
6730	1
2703	0
1099	0
6807	0
6828	1
6886	1
7052	1
7220	1
7456	1
4614	1
4580	1
7218	1
7219	1
7357	1
7368	0
1279	0
1631	0
1649	0
1657	0
1666	0
7394	0
3333	1
3334	1
3332	1
1281	0
1633	0
1653	0
1659	0
7393	0
1670	0
2510	0
2506	0
1250	1
1150	1
1904	0
1898	0
1530	0
1903	0
3342	1
3316	1
3261	1
3268	1
3806	1
3819	1
5232	1
5233	1
1677	0
1851	0
1890	0
1901	0
1908	0
1921	0
1881	0
2782	1
2876	1
3086	0
3167	1
3243	1
3252	1
3250	1
3310	1
3271	1
3269	1
3386	1
2872	1
2886	1
3460	1
3701	1
3724	1
2789	1
2784	1
3780	1
3781	1
3794	1
3870	1
3892	1
3898	1
3641	1
3909	1
4154	1
4702	1
4709	1
4730	1
5360	1
7301	1
1615	0
1641	0
1880	0
1924	0
2542	0
2543	0
2541	0
2521	0
2533	0
3059	0
2880	1
3483	1
2767	1
2794	1
3856	1
4180	1
4216	1
4271	1
4332	1
4182	1
7463	1
6843	1
1396	0
1417	0
1565	0
1505	0
1503	0
6797	0
1783	0
1867	0
1868	0
7466	1
2349	0
7459	0
2219	0
6381	0
2737	0
2801	1
2802	1
2803	1
2815	1
2871	1
6573	1
2888	1
6501	0
3461	1
3468	1
3476	1
3472	1
3471	1
3487	1
3489	1
3493	1
3623	1
4177	1
4325	1
4326	1
4327	1
2832	1
4333	1
7402	1
4322	1
4937	1
5264	1
6374	1
5408	1
5951	1
5952	1
6646	1
6594	1
3392	0
6593	1
6604	1
6628	1
6658	1
4321	1
7267	1
5420	1
1149	1
7333	1
1189	1
7449	1
1293	0
1375	0
1388	0
1110	0
1395	0
1392	0
1403	0
1406	0
1414	0
1098	0
7370	0
6796	0
1690	0
2052	0
2239	0
7028	0
2241	0
2236	0
2707	0
2743	0
2712	0
6004	1
4511	1
6002	1
1112	1
4570	1
7072	1
4558	1
7041	1
4559	1
7070	1
7087	1
7086	1
7079	1
7049	1
1115	1
4816	1
4820	1
4828	1
4811	1
4834	1
1116	1
4891	1
5624	1
5625	1
5632	1
5682	1
5664	1
5647	1
5711	1
5779	1
7152	1
5793	1
5806	1
5827	1
5823	1
1080	1
7015	1
7172	1
6001	1
6003	1
7112	1
1117	0
7083	1
7043	1
1093	1
7216	1
3330	1
7306	1
5104	1
1802	0
2407	0
2846	0
2839	0
6942	1
6944	1
6941	1
3054	1
3613	1
3812	1
2873	1
3085	0
3005	0
3120	0
3140	1
3008	1
3169	1
3221	1
3222	0
3226	1
3227	1
3239	1
3253	1
3254	1
3256	1
3273	1
3277	1
3287	1
3294	1
3365	1
3368	1
3369	1
3272	1
3576	1
3734	1
3747	1
3839	1
3784	1
3872	1
3888	1
3905	1
3896	1
3657	1
7378	1
4023	1
3508	1
4060	1
4104	1
6994	1
4429	1
4700	1
7263	1
4986	1
4963	1
6992	1
5201	1
3276	1
6619	1
6621	1
1123	1
1795	1
1883	0
1917	0
1814	0
2226	1
2662	1
2879	1
2919	0
2982	0
2979	0
3376	1
3379	1
3382	1
2890	1
3481	1
3506	1
3579	1
3671	1
3692	1
1788	1
3545	1
4161	1
4168	1
4169	1
4188	1
4209	1
4312	1
2824	1
6675	1
4457	1
6674	1
5270	1
6104	0
2405	0
1793	1
6578	0
1153	1
7348	1
1252	0
1333	0
1459	0
1555	0
1810	0
1820	0
1854	0
1963	0
6814	0
2017	0
2016	0
2029	0
2082	0
2109	0
2097	0
2159	0
2092	0
2099	0
2182	0
2186	0
6496	0
2267	0
6497	0
6495	0
2304	0
2320	0
6398	0
2346	0
2353	0
2369	0
2422	0
2433	0
2436	0
2636	1
2659	1
2673	1
6426	0
2806	1
6676	1
2838	1
6433	0
2942	0
2940	0
2921	0
2985	0
6386	0
3402	1
3479	1
3499	0
3736	1
3663	1
4324	1
4336	1
4498	1
6332	1
4499	1
6538	1
6388	1
4504	1
4506	1
5999	1
6680	1
6503	1
6535	1
6392	1
4529	1
6536	1
7341	1
4536	1
6708	1
4537	1
4538	1
4694	1
4549	1
5911	1
4590	1
6365	1
5040	1
5967	1
7361	1
5385	1
5393	1
5980	1
5396	1
5394	1
5398	1
6855	1
6350	1
5729	1
5746	1
5747	1
5748	1
5752	1
5753	1
5756	1
5770	1
5771	1
5943	1
6982	1
6858	1
1181	1
5991	1
6000	1
6570	1
7379	1
4496	1
6409	0
1586	0
4502	1
1140	1
6534	1
6679	1
6543	1
2620	1
7349	1
6577	0
6738	1
6813	0
6714	0
4552	1
6856	1
6974	0
6986	1
7205	1
7351	0
5375	1
7380	1
7336	1
1142	1
7308	1
1145	1
1151	1
1183	1
6697	1
1185	1
7448	1
1192	1
1199	1
7131	1
1202	1
7311	1
1208	1
1209	1
1212	1
6698	1
1215	1
6667	1
7327	1
1217	1
6638	1
6732	1
1224	1
1227	1
1201	1
7207	1
1240	0
1243	0
1245	0
1247	0
1248	0
1307	0
1312	0
1315	0
1321	0
1323	0
1106	0
1326	0
1107	0
1328	0
1327	0
1343	0
6363	0
1344	0
1299	0
1310	0
1360	0
1362	0
1111	0
1371	0
1379	0
1381	0
1384	0
1385	0
1109	0
1387	0
1365	0
1108	0
6785	0
6786	0
1421	0
1422	0
1423	0
7372	0
1478	0
6800	0
1542	0
6799	0
6798	0
6715	0
6793	0
6407	0
1689	0
1694	0
1696	0
1699	0
1700	0
6691	0
1745	0
1746	0
1747	0
6576	0
1752	0
1753	0
6032	0
1830	0
6712	0
6810	0
1841	0
1856	0
6710	0
1935	0
1939	0
1940	0
1835	0
6711	0
1951	0
1962	0
1979	0
7307	0
1100	0
2070	0
1744	0
2087	0
2133	0
2140	0
2076	0
2146	0
2163	0
2165	0
7275	0
6764	0
6567	0
6498	0
2245	0
6783	0
2251	0
2255	0
6524	0
6782	0
6566	0
2693	0
2695	0
2696	0
1102	0
1103	0
2699	0
6972	0
6424	0
6617	0
2708	0
2709	0
2714	0
2716	0
7318	0
2719	0
7283	0
6439	0
6971	0
2717	0
7284	0
7317	0
6499	0
2726	0
2727	0
6765	0
7362	0
2738	0
2740	0
6056	0
2741	0
2735	0
6430	0
6427	0
2745	0
6047	0
2749	0
7320	0
1084	0
2818	1
6928	1
6647	1
6384	0
1771	0
7321	0
2810	0
6690	1
4495	1
4508	1
6709	1
6644	1
2819	1
6936	1
4541	1
4540	1
4543	1
6448	1
1182	1
1184	1
1113	1
4557	1
7069	1
4582	1
4587	1
4603	1
7221	1
4627	1
7352	1
4629	1
4644	1
4645	1
4646	1
4649	1
7067	1
7062	1
4650	1
7073	1
4813	1
4822	1
7061	1
4823	1
7225	1
4830	1
7208	1
4836	1
4835	1
4873	1
4893	1
5295	1
4573	1
5305	1
7345	1
5299	1
5377	1
6694	1
6695	1
5410	1
1216	1
6666	1
1141	1
6696	1
5418	1
6988	1
5415	1
5419	1
7447	1
5425	1
5434	1
7194	1
1220	1
5445	1
5447	1
5440	1
5931	1
5429	1
7198	1
6729	1
7197	1
5464	1
5470	1
6728	1
6727	1
5479	1
5483	1
5485	1
7222	1
5531	1
7057	1
1076	1
5533	1
5537	1
5539	1
5540	1
5548	1
5558	1
7151	1
5559	1
5560	1
5493	1
7127	1
7126	1
5571	1
5575	1
7130	1
5576	1
7118	1
5590	1
5589	1
5593	1
7121	1
5597	1
6493	1
7310	1
5602	1
5603	1
5608	1
6492	1
5606	1
5610	1
7325	1
5617	1
5618	1
7309	1
6704	1
7454	1
5621	1
5619	1
7326	1
5623	1
1086	1
1087	1
5629	1
5630	1
7169	1
1079	1
5639	1
5654	1
5662	1
5667	1
7160	1
7161	1
5676	1
5702	1
7236	1
7204	1
5716	1
6733	1
5673	1
5671	1
7165	1
7178	1
5784	1
7183	1
7179	1
5789	1
7176	1
7175	1
1090	1
5794	1
5800	1
7156	1
5805	1
7163	1
5658	1
5813	1
7157	1
5819	1
7146	1
5820	1
5822	1
7141	1
5821	1
7136	1
1081	1
1082	1
5844	1
1091	1
5849	1
1092	1
5932	1
6010	1
6021	0
7323	0
6022	0
6685	0
6031	0
6959	0
6041	0
6042	0
6048	0
6055	0
6065	0
6077	0
6078	0
6119	1
6669	1
6120	1
6358	1
6857	1
6387	1
6406	0
6408	0
6429	0
6436	0
7313	0
6465	1
1206	1
7330	1
6494	1
6500	0
4482	0
6763	0
6608	0
6616	0
6618	0
6639	1
6670	1
6642	1
6643	1
6989	1
6987	1
7350	1
6700	1
6734	1
6735	1
1095	0
6809	0
6820	1
6821	1
6848	1
5373	1
6929	1
6850	1
7332	0
6967	0
6980	1
7000	1
7014	1
1078	1
7134	1
7029	0
7233	1
7063	1
7050	1
7213	1
1114	1
7232	1
7071	1
7074	1
7075	1
7076	1
7077	1
7078	1
7080	1
7081	1
7355	1
5491	1
5579	1
7122	1
7125	1
7128	1
7145	1
7148	1
7164	1
7170	1
7182	1
7181	1
7209	1
7328	1
7276	0
7282	0
7445	1
7322	0
7457	1
7339	1
7342	0
7359	1
3791	1
3006	0
3067	0
3094	0
3207	0
3002	0
3208	0
2893	0
3538	1
3564	1
3588	1
3593	1
3646	1
3705	1
3745	1
3949	1
4042	1
4040	1
3971	1
4025	1
4069	1
4153	1
4228	1
4231	1
4259	1
4261	1
4301	1
4304	1
4296	1
4366	1
4367	1
4432	1
4433	1
4449	1
4521	1
2418	0
2443	0
2754	1
2891	0
2863	0
2892	0
3673	1
3669	1
4363	1
4203	1
2993	0
2994	0
3466	1
3662	1
6378	1
6533	1
4634	1
4675	1
5942	1
5451	1
6359	1
5941	1
6625	1
1277	0
1526	0
1583	0
1611	0
1848	0
1909	0
3779	1
3858	1
3828	1
3948	1
3978	1
3984	1
3943	1
5088	1
1519	0
1635	0
1599	0
1606	0
1638	0
1682	0
1683	0
1991	0
1807	0
1500	0
1544	0
1958	0
1959	0
2006	0
2051	0
2049	0
2063	0
2069	0
5990	1
7300	0
1237	0
1305	0
1345	0
1346	0
1357	0
1358	0
1366	0
1389	0
1402	0
1405	0
7460	0
1824	0
6811	0
1987	0
7395	0
6791	0
2003	0
1980	0
2013	0
2028	0
2061	0
2064	0
2072	0
2077	0
7458	0
6784	0
2250	0
6385	0
5944	1
6812	0
6832	1
6833	1
7045	1
7369	0
6956	1
2344	0
6364	1
6633	0
6630	0
6636	0
3805	1
3814	1
3816	1
2827	1
1229	1
1230	1
1231	1
3203	0
3029	0
3191	0
3196	0
3231	0
3237	1
3600	1
3568	1
3601	1
3602	1
3606	1
3664	1
3665	1
3667	1
3690	1
3859	1
4030	1
4284	1
4285	1
4289	1
4302	1
4305	1
4452	1
5074	1
3792	1
3793	1
3804	1
3817	1
2544	0
4364	1
1726	0
2450	0
2545	0
2546	0
2960	0
2972	0
2971	0
1799	0
3384	1
4198	1
4266	1
4351	1
4396	1
4397	1
4439	1
4456	1
4461	1
4950	1
4995	1
4992	1
1797	1
2322	0
2417	0
2419	0
2446	0
2447	0
2451	0
2837	1
2835	1
2939	0
2961	0
2962	0
2966	0
3236	1
6417	1
4196	1
4197	1
4480	1
6307	1
6306	1
6416	1
2833	1
2834	1
3789	1
2793	1
3317	1
5254	1
6101	1
3262	1
3359	1
3361	1
3263	1
5239	1
5255	1
1610	0
1685	0
1918	0
1930	0
1922	0
1925	0
2911	0
3062	0
3061	0
3098	0
3097	0
3100	0
3088	0
6093	0
3105	0
3028	0
3151	1
3197	0
3200	0
3209	0
3205	0
3175	0
3216	0
3219	0
2912	0
3289	1
3042	1
3291	1
3295	1
3293	1
3348	1
3249	1
3246	1
3349	1
3536	1
3668	1
3696	1
3721	1
3755	1
3829	1
3854	1
2788	1
3775	1
3786	1
3871	1
3988	1
3989	1
3942	1
4039	1
4043	1
4049	1
4050	1
4015	1
3534	1
4070	1
3963	1
4064	1
4076	1
4086	1
4088	1
4091	1
4094	1
4109	1
4128	1
4081	1
3972	1
4139	1
4145	1
4096	1
4150	1
1165	1
4151	1
4195	1
4227	1
4232	1
4245	1
4247	1
4253	1
4167	1
4287	1
4288	1
4290	1
4237	1
4303	1
4315	1
4316	1
4373	1
4388	1
3586	1
4416	1
3566	1
4420	1
4414	1
4390	1
4381	1
4466	1
4476	1
4478	1
4479	1
4465	1
4732	1
4733	1
4739	1
4737	1
4719	1
4707	1
4740	1
4741	1
4979	1
4977	1
4983	1
4985	1
4993	1
4972	1
1128	1
1161	1
5078	1
5079	1
5070	1
5069	1
5039	1
5032	1
5114	1
5118	1
5124	1
5125	1
5211	1
5223	1
5197	1
7398	1
7399	1
3106	0
3109	0
3112	0
3223	0
3220	0
3045	1
3286	1
3547	1
3861	1
3852	1
3836	1
3846	1
3845	1
3785	1
3875	1
3548	1
4282	1
4274	1
4235	1
4293	1
4248	1
4434	1
4463	1
4462	1
5214	1
5202	1
5221	1
1591	0
1535	0
1982	0
1989	0
2523	0
2522	0
2549	0
2552	0
2475	0
2465	0
1800	0
2585	1
2592	1
2595	1
2582	1
2600	1
2602	1
2604	1
2605	1
2773	1
2952	0
2980	0
2858	0
2981	0
3093	0
1733	1
3678	1
4122	1
4125	1
4121	1
4136	1
4309	1
4170	1
4346	1
4347	1
4354	1
4355	1
4356	1
5134	1
5051	1
5049	1
5218	1
6097	1
6098	1
4187	1
7244	1
1757	0
1760	0
2953	0
2963	0
2964	0
2970	0
2857	0
4311	1
4174	1
5136	1
5130	1
5133	1
1546	0
1548	0
1501	0
1637	0
1651	0
1780	1
1994	0
2048	0
2043	0
2183	0
2098	0
2173	0
2198	0
2196	0
1715	0
2426	0
2431	0
2478	1
2481	1
2316	0
2486	0
2488	0
2507	0
2913	0
3410	0
3447	0
3436	0
3448	0
3416	1
3415	1
3622	1
3722	1
3624	1
5869	1
5870	1
5872	1
5874	1
5878	1
5879	1
5851	1
4770	1
5856	1
5857	1
5865	1
5859	1
5862	1
5861	1
5016	1
4925	1
5014	1
5013	1
5023	1
5024	1
5005	1
5001	1
4928	1
5099	1
5094	1
5095	1
5110	1
1179	1
5121	1
5122	1
4910	1
5175	1
5176	1
5183	1
5185	1
5138	1
5140	1
5235	1
5311	1
5313	1
5343	1
5358	1
5340	1
5327	1
5339	1
5367	1
5371	1
5524	1
5523	1
5921	1
5924	1
5959	1
5960	1
6023	0
6026	0
6293	1
6311	1
6317	1
3485	1
6756	0
6753	0
5963	1
5966	1
6913	1
6915	1
6925	1
6926	1
7419	0
2489	0
4183	1
7403	1
2902	0
2093	0
2191	0
2193	0
2178	0
2175	0
2428	0
1710	0
2914	0
3723	1
1173	1
4861	1
5153	1
1441	0
6802	0
1475	0
1474	0
1436	0
1493	0
1482	0
1494	0
1946	0
1970	0
1978	0
2000	0
2002	0
1953	0
2015	0
2020	0
2054	0
2059	0
2075	0
2142	0
2144	0
5884	1
5881	1
5892	1
5887	1
5891	1
5888	1
5901	1
5902	1
5900	1
5284	1
5481	1
5518	1
5480	1
5544	1
5547	1
5546	1
5570	1
5565	1
5569	1
5492	1
5490	1
5595	1
5929	1
5930	1
6007	1
6008	1
6029	0
6030	0
6061	0
6068	0
6780	0
6073	0
6076	0
6083	0
6084	0
6087	0
6088	0
6777	0
6801	0
6867	1
6868	1
6893	1
6933	1
5282	1
5320	1
5583	1
6062	0
7382	0
2538	0
7381	0
5811	1
6641	1
6906	1
6904	1
6905	1
3490	1
6353	1
1435	0
1477	0
2148	0
2154	0
2130	0
2131	0
2136	0
2137	0
5253	1
5139	1
7039	1
4909	1
7040	1
5251	1
4911	1
1264	0
1288	0
1929	0
3114	0
3103	0
3113	0
3110	0
6143	1
3281	1
3763	1
3860	1
3954	1
3968	1
3969	1
4063	1
4105	1
4119	1
6218	1
4130	1
7377	1
7376	1
4306	1
3567	1
4405	1
4427	1
4441	1
6166	1
4959	1
4965	1
4973	1
4990	1
5068	1
5071	1
7375	1
1536	0
1628	0
1643	0
1988	0
2573	1
2588	1
2587	1
2603	1
6637	0
4134	1
2790	1
3063	0
3060	0
3111	0
3851	1
6150	1
6149	1
6165	1
7391	1
2864	0
4349	1
4342	1
7452	1
1993	0
2166	0
6755	0
2432	0
3423	0
3424	0
5917	1
5918	1
5916	1
5919	1
5920	1
7331	1
4185	1
6295	1
6319	1
7038	1
7404	1
7409	1
7407	1
7405	1
7411	1
7414	1
1511	0
2058	0
7390	1
1714	0
1971	0
1998	0
6789	0
7265	0
6778	0
6779	0
6069	0
6079	0
6080	0
6403	0
6790	0
6404	0
6787	0
6788	0
6804	0
7365	0
7366	0
1476	0
1460	0
1490	0
1492	0
1449	0
6803	0
1825	0
2033	0
2034	0
2040	0
2114	0
2116	0
7224	1
5568	1
3206	0
4252	1
4276	1
4277	1
4278	1
4307	1
3571	1
4263	1
4696	1
4697	1
4718	1
4731	1
4711	1
4984	1
5108	1
2566	0
2568	0
4193	1
4339	1
4279	1
2490	0
2505	0
2511	0
3412	0
3425	0
3502	0
7387	1
7389	1
5059	1
5060	1
5082	1
5107	1
5178	1
6597	1
5179	1
5186	1
5968	1
5969	1
5964	1
5965	1
7388	1
7386	1
6601	1
6603	1
7421	0
2491	0
2503	0
6873	1
6874	1
