NodeID	ClusterNumber
1	0
2	0
3	0
4	0
5	0
6	0
7	0
8	0
9	0
10	0
11	0
12	1
13	0
14	1
16	0
17	0
18	0
19	0
20	0
21	1
22	1
23	1
24	0
25	0
26	0
27	0
28	0
29	1
30	1
31	1
32	1
33	1
34	1
35	1
36	1
37	0
38	0
39	0
40	0
41	0
42	0
43	0
44	0
45	0
46	0
47	0
48	0
50	0
51	1
52	0
53	0
55	0
56	1
57	1
58	1
59	0
60	0
61	0
62	0
63	0
64	1
66	0
68	1
69	1
70	1
71	1
72	1
73	1
74	1
75	1
76	1
77	1
78	0
79	0
80	0
81	0
82	1
83	0
84	1
85	1
86	0
87	1
88	1
89	1
90	1
91	1
92	1
93	1
94	0
95	1
96	0
97	1
98	1
99	0
100	0
101	0
102	0
103	1
104	1
106	1
107	1
108	1
109	1
110	1
111	1
112	1
113	1
114	1
115	1
116	1
117	1
118	1
119	1
120	1
121	1
122	1
123	1
124	1
125	1
126	1
127	1
128	1
129	1
130	1
131	1
132	0
133	0
134	0
135	0
136	0
137	0
138	0
139	0
140	0
141	0
142	0
143	0
144	0
145	0
146	0
147	1
148	1
149	0
150	0
151	1
152	1
153	0
154	1
155	1
156	1
157	0
158	0
159	1
160	1
161	1
162	1
163	1
164	0
165	1
166	1
167	0
168	0
169	1
170	1
171	1
172	1
173	1
174	0
175	1
176	1
177	0
178	1
179	0
180	1
181	1
182	1
183	1
184	1
185	1
186	1
187	1
188	1
189	0
190	1
191	1
192	0
193	0
194	1
195	1
196	1
197	0
198	1
199	1
200	0
201	0
202	0
203	0
204	0
205	0
206	0
207	1
208	1
209	1
210	1
211	1
212	0
213	0
214	0
215	1
216	1
217	1
218	0
219	0
220	0
221	0
222	0
223	0
224	0
225	0
226	0
227	0
228	0
229	0
230	0
231	0
232	0
233	0
234	0
235	0
236	0
237	0
238	0
239	0
240	0
241	0
242	0
243	0
244	0
245	0
246	0
247	0
248	0
249	0
250	0
251	0
252	0
253	0
254	0
255	1
256	1
257	1
258	0
259	1
260	1
261	0
262	0
263	0
264	0
265	0
266	0
267	0
268	0
269	0
270	0
271	0
272	0
273	0
274	0
275	0
276	1
277	1
278	1
279	1
280	1
281	1
282	1
283	1
284	1
285	1
286	0
287	0
288	0
289	0
290	0
291	0
292	0
293	0
294	0
295	0
296	0
297	0
298	0
299	0
300	0
301	0
302	0
303	0
304	0
305	0
306	0
307	1
308	1
309	1
310	0
311	0
312	0
313	0
314	0
315	0
316	0
317	0
318	0
319	0
320	0
321	0
322	0
323	0
324	0
325	0
326	0
327	0
328	0
329	0
330	0
331	0
332	0
333	0
334	0
335	0
336	0
337	0
338	1
339	1
340	1
341	1
342	1
343	1
344	1
345	1
346	1
347	1
348	1
349	1
350	1
351	1
352	1
353	1
354	1
355	1
356	1
357	1
358	1
359	1
360	1
361	1
362	1
363	0
364	0
365	0
366	0
367	0
368	0
369	0
370	0
371	0
372	0
373	0
374	0
375	0
376	0
377	1
378	0
379	1
380	0
381	0
382	0
383	0
384	0
385	0
386	0
387	0
388	0
389	0
390	0
391	0
392	0
393	0
394	0
395	0
396	0
397	0
398	0
399	1
400	1
401	1
402	1
403	1
404	1
405	0
406	1
407	0
408	0
409	1
410	0
411	0
412	0
413	0
414	0
415	0
416	0
417	0
418	0
419	0
420	0
421	0
422	0
423	0
424	0
425	0
426	0
427	0
428	0
429	1
430	1
431	1
432	1
433	1
434	1
435	1
436	1
437	1
438	1
439	1
440	1
441	1
442	1
443	1
444	1
445	1
446	1
447	1
448	1
449	1
450	0
451	0
452	0
453	0
454	0
455	0
456	0
457	0
458	1
459	1
460	1
461	1
462	1
463	1
464	1
465	0
466	1
467	1
468	0
469	0
470	0
471	0
472	0
473	0
474	0
475	0
476	1
477	1
478	1
479	1
480	1
481	1
482	1
483	1
484	1
485	1
486	1
487	1
488	1
489	1
490	1
491	1
492	1
493	1
494	1
495	1
496	1
497	1
498	1
499	1
500	1
501	1
502	1
503	1
504	1
505	1
506	1
507	1
508	1
509	1
510	1
511	1
512	1
513	1
514	1
515	1
516	1
517	1
518	1
519	1
520	1
521	1
522	1
523	1
524	1
525	1
526	1
527	1
528	1
529	1
530	1
531	1
532	1
533	1
534	1
535	1
536	1
537	1
538	1
539	1
540	1
541	1
542	1
543	1
544	1
545	1
546	1
547	0
548	1
549	1
550	1
551	1
552	1
553	1
554	1
555	1
556	1
557	1
558	1
559	1
560	1
561	1
562	0
563	0
564	0
565	0
566	0
567	0
568	0
569	0
570	0
571	1
572	1
573	1
574	1
575	1
576	1
577	1
578	1
579	1
580	1
581	1
582	1
583	1
584	0
585	1
586	0
587	0
588	0
589	0
590	0
591	1
592	1
593	1
594	1
595	1
596	1
597	1
598	1
599	1
600	1
601	1
602	1
603	1
604	1
605	1
606	1
607	1
608	1
609	1
610	1
611	1
612	1
613	1
614	1
615	1
616	1
617	1
618	1
619	1
620	1
621	1
622	1
623	1
624	1
625	1
626	1
627	1
628	1
629	1
630	1
631	1
632	1
633	1
634	1
635	1
636	1
637	1
638	1
639	1
640	1
641	1
642	1
643	1
644	1
645	0
646	0
647	0
648	0
649	0
650	0
651	0
652	0
653	1
654	0
655	0
656	1
657	1
658	1
659	0
660	1
661	1
662	1
663	0
664	0
665	0
666	1
667	1
668	0
669	1
670	0
671	0
672	0
673	0
674	1
675	1
676	0
677	0
678	1
679	0
680	0
681	0
682	0
683	0
684	0
685	0
686	0
687	0
688	1
689	0
690	1
691	0
692	0
693	0
694	0
695	0
696	1
697	0
698	1
699	0
700	0
701	0
702	0
703	0
704	0
705	0
706	0
707	0
708	0
709	1
710	1
711	1
712	1
713	1
714	1
715	1
716	1
717	1
718	0
719	0
720	0
721	0
722	0
723	0
724	0
725	0
726	0
727	0
728	0
729	0
730	0
731	0
732	0
733	0
734	0
735	0
736	0
737	0
738	0
739	0
740	0
741	0
742	0
743	0
744	0
745	0
746	0
747	0
748	0
749	0
750	0
751	0
752	0
753	0
754	0
755	0
756	0
757	0
758	0
759	0
760	0
761	0
762	0
763	0
764	0
765	0
766	0
767	0
768	0
769	0
770	0
771	0
772	0
773	0
774	0
775	0
776	0
777	0
778	0
779	0
780	0
781	0
782	0
783	0
784	0
785	0
786	0
787	0
788	0
789	0
790	0
791	0
792	0
793	0
794	0
795	0
796	0
797	0
798	0
799	0
800	0
801	0
802	0
803	0
804	0
805	0
806	0
807	0
808	0
809	0
810	0
811	0
812	0
813	0
814	0
815	0
816	0
817	0
818	0
819	0
820	0
821	0
822	0
823	0
824	0
825	0
826	0
827	0
828	0
829	0
830	0
831	0
832	1
833	1
834	1
835	1
836	1
837	1
838	1
839	1
840	1
841	1
842	1
843	0
844	0
845	0
846	0
847	0
848	0
849	0
850	0
851	0
852	0
853	0
854	0
855	0
856	0
857	0
858	0
859	0
860	0
861	0
862	0
863	0
864	0
865	0
866	0
867	0
868	0
869	0
870	0
871	0
872	0
873	0
874	1
875	1
876	1
877	1
878	1
879	0
880	0
881	0
882	0
883	0
884	0
885	0
886	0
887	0
888	0
889	0
890	1
891	0
892	0
893	0
894	0
895	0
896	0
897	0
898	0
899	0
900	0
901	0
902	0
903	0
904	0
905	0
906	0
907	0
908	0
909	0
910	0
911	0
912	0
913	0
914	0
915	0
916	0
917	0
918	1
919	1
920	1
921	1
922	1
923	1
924	1
925	1
926	1
927	1
928	1
929	0
930	0
931	0
932	0
933	0
934	0
935	0
936	0
937	0
938	1
939	1
940	1
941	1
942	1
943	1
944	1
945	1
946	1
947	1
948	1
949	1
950	1
951	1
952	1
953	1
954	1
955	1
956	1
957	1
958	0
959	0
960	0
961	1
962	0
963	0
964	1
965	1
966	1
967	1
968	1
969	1
970	1
971	1
972	0
973	0
974	0
975	0
976	1
977	0
978	1
979	0
980	1
981	0
982	1
983	0
984	1
