source	dest	fft	coef	power	capacity
192	193	1.666667	1.0	4.0	2800.0
474	373	14.333333	1.0	4.0	900.0
139	695	2.0	1.0	4.0	2800.0
81	324	1.0E-4	0.0	4.0	999999.0
258	888	2.666667	1.0	4.0	900.0
708	44	1.0E-4	0.0	4.0	999999.0
861	46	1.0E-4	0.0	4.0	999999.0
16	770	1.0E-4	0.0	4.0	999999.0
296	101	7.333333	1.0	4.0	900.0
229	231	7.666667	1.0	4.0	2800.0
568	10	1.0E-4	0.0	4.0	999999.0
818	1	1.0E-4	0.0	4.0	999999.0
397	395	4.333333	1.0	4.0	900.0
763	759	10.666667	1.0	4.0	600.0
767	368	9.666667	1.0	4.0	600.0
863	567	13.0	1.0	4.0	900.0
99	100	0.333333	1.0	4.0	2400.0
843	844	10.333333	1.0	4.0	2800.0
769	767	6.333333	1.0	4.0	600.0
248	247	1.666667	1.0	4.0	600.0
809	707	1.0	1.0	4.0	2400.0
456	24	1.0E-4	0.0	4.0	999999.0
42	830	1.0E-4	0.0	4.0	999999.0
885	935	0.666667	1.0	4.0	2400.0
42	912	1.0E-4	0.0	4.0	999999.0
364	335	1.0	1.0	4.0	900.0
330	321	4.0	1.0	4.0	2400.0
745	778	4.666667	1.0	4.0	600.0
45	936	1.0E-4	0.0	4.0	999999.0
312	94	1.0E-4	0.0	4.0	999999.0
457	59	1.0E-4	0.0	4.0	999999.0
887	883	5.666667	1.0	4.0	600.0
368	311	15.333333	1.0	4.0	2800.0
780	786	5.666667	1.0	4.0	2800.0
689	684	7.0	1.0	4.0	600.0
705	799	21.333333	1.0	4.0	900.0
332	227	16.0	1.0	4.0	2400.0
373	366	19.666667	1.0	4.0	900.0
266	269	6.666667	1.0	4.0	900.0
16	769	1.0E-4	0.0	4.0	999999.0
934	45	1.0E-4	0.0	4.0	999999.0
376	883	9.0	1.0	4.0	600.0
472	17	1.0E-4	0.0	4.0	999999.0
261	788	8.666667	1.0	4.0	900.0
40	801	1.0E-4	0.0	4.0	999999.0
45	934	1.0E-4	0.0	4.0	999999.0
917	796	18.666667	1.0	4.0	600.0
738	79	1.0E-4	0.0	4.0	999999.0
701	41	1.0E-4	0.0	4.0	999999.0
781	2	1.0E-4	0.0	4.0	999999.0
305	298	18.333333	1.0	4.0	2400.0
313	455	3.0	1.0	4.0	2800.0
749	304	13.333333	1.0	4.0	900.0
796	43	1.0E-4	0.0	4.0	999999.0
421	426	4.333333	1.0	4.0	2400.0
297	299	14.666667	1.0	4.0	900.0
393	869	2.0	1.0	4.0	2400.0
783	564	0.666667	1.0	4.0	600.0
291	909	1.0	1.0	4.0	2800.0
465	135	8.0	1.0	4.0	2800.0
81	322	1.0E-4	0.0	4.0	999999.0
205	204	1.0	1.0	4.0	600.0
62	266	1.0E-4	0.0	4.0	999999.0
273	272	0.666667	1.0	4.0	2400.0
904	8	1.0E-4	0.0	4.0	999999.0
754	972	3.666667	1.0	4.0	900.0
695	691	0.666667	1.0	4.0	2800.0
589	590	7.0	1.0	4.0	2800.0
48	302	1.0E-4	0.0	4.0	999999.0
584	983	1.0E-4	0.0	4.0	999999.0
310	269	18.0	1.0	4.0	2400.0
913	42	1.0E-4	0.0	4.0	999999.0
880	882	3.666667	1.0	4.0	600.0
684	13	1.0E-4	0.0	4.0	999999.0
266	145	7.0	1.0	4.0	900.0
40	800	1.0E-4	0.0	4.0	999999.0
415	416	1.0	1.0	4.0	2800.0
782	38	1.0E-4	0.0	4.0	999999.0
861	47	1.0E-4	0.0	4.0	999999.0
143	140	2.666667	1.0	4.0	2800.0
96	894	1.0E-4	0.0	4.0	999999.0
315	366	24.0	1.0	4.0	2800.0
149	150	1.333333	1.0	4.0	2400.0
213	979	1.0E-4	0.0	4.0	999999.0
883	376	10.0	1.0	4.0	600.0
812	815	10.0	1.0	4.0	2800.0
232	7	1.0E-4	0.0	4.0	999999.0
733	24	1.0E-4	0.0	4.0	999999.0
328	329	1.666667	1.0	4.0	900.0
760	569	6.666667	1.0	4.0	600.0
62	264	1.0E-4	0.0	4.0	999999.0
266	62	1.0E-4	0.0	4.0	999999.0
83	274	1.0E-4	0.0	4.0	999999.0
212	206	0.666667	1.0	4.0	600.0
936	934	7.333333	1.0	4.0	600.0
745	740	30.666667	1.0	4.0	2400.0
288	676	8.666667	1.0	4.0	2400.0
911	465	11.333333	1.0	4.0	2400.0
5	753	1.0E-4	0.0	4.0	999999.0
370	17	1.0E-4	0.0	4.0	999999.0
5	752	1.0E-4	0.0	4.0	999999.0
174	132	1.666667	1.0	4.0	2800.0
8	899	1.0E-4	0.0	4.0	999999.0
137	136	3.0	1.0	4.0	2800.0
779	303	24.0	1.0	4.0	2400.0
788	785	7.0	1.0	4.0	600.0
646	231	13.0	1.0	4.0	2800.0
800	796	1.666667	1.0	4.0	600.0
739	37	1.0E-4	0.0	4.0	999999.0
901	680	18.333333	1.0	4.0	900.0
897	742	8.333333	1.0	4.0	900.0
1	817	1.0E-4	0.0	4.0	999999.0
258	229	12.0	1.0	4.0	2800.0
472	469	2.333333	1.0	4.0	900.0
818	822	1.0	1.0	4.0	600.0
61	270	1.0E-4	0.0	4.0	999999.0
807	762	7.666667	1.0	4.0	900.0
55	426	1.0E-4	0.0	4.0	999999.0
42	915	1.0E-4	0.0	4.0	999999.0
334	335	11.333333	1.0	4.0	900.0
830	915	8.0	1.0	4.0	2400.0
329	322	5.0	1.0	4.0	2400.0
304	306	1.333333	1.0	4.0	900.0
718	235	7.333333	1.0	4.0	2800.0
387	286	13.333333	1.0	4.0	2400.0
907	816	0.666667	1.0	4.0	2400.0
929	933	4.0	1.0	4.0	600.0
719	721	21.333333	1.0	4.0	900.0
651	652	6.333333	1.0	4.0	2800.0
42	913	1.0E-4	0.0	4.0	999999.0
870	975	7.333333	1.0	4.0	2400.0
788	784	4.333333	1.0	4.0	900.0
143	19	1.0E-4	0.0	4.0	999999.0
27	132	1.0E-4	0.0	4.0	999999.0
61	269	1.0E-4	0.0	4.0	999999.0
1	818	1.0E-4	0.0	4.0	999999.0
759	3	1.0E-4	0.0	4.0	999999.0
676	677	10.333333	1.0	4.0	2400.0
37	739	1.0E-4	0.0	4.0	999999.0
756	757	4.0	1.0	4.0	600.0
99	915	4.666667	1.0	4.0	2400.0
421	55	1.0E-4	0.0	4.0	999999.0
738	895	3.333333	1.0	4.0	900.0
4	719	1.0E-4	0.0	4.0	999999.0
856	852	12.333333	1.0	4.0	2400.0
299	39	1.0E-4	0.0	4.0	999999.0
796	40	1.0E-4	0.0	4.0	999999.0
28	167	1.0E-4	0.0	4.0	999999.0
6	707	1.0E-4	0.0	4.0	999999.0
8	900	1.0E-4	0.0	4.0	999999.0
373	370	5.333333	1.0	4.0	900.0
230	222	3.333333	1.0	4.0	2800.0
410	407	1.666667	1.0	4.0	900.0
239	261	9.666667	1.0	4.0	2800.0
371	372	2.666667	1.0	4.0	2800.0
229	646	4.666667	1.0	4.0	900.0
739	39	1.0E-4	0.0	4.0	999999.0
311	94	1.0E-4	0.0	4.0	999999.0
9	651	1.0E-4	0.0	4.0	999999.0
975	958	1.666667	1.0	4.0	2400.0
850	881	4.666667	1.0	4.0	600.0
737	736	3.666667	1.0	4.0	600.0
799	798	5.333333	1.0	4.0	2400.0
45	930	1.0E-4	0.0	4.0	999999.0
912	42	1.0E-4	0.0	4.0	999999.0
96	777	1.0E-4	0.0	4.0	999999.0
748	972	2.333333	1.0	4.0	900.0
588	589	4.0	1.0	4.0	2800.0
164	28	1.0E-4	0.0	4.0	999999.0
416	417	2.666667	1.0	4.0	2800.0
223	679	9.333333	1.0	4.0	2400.0
757	758	2.666667	1.0	4.0	600.0
10	564	1.0E-4	0.0	4.0	999999.0
862	854	16.666667	1.0	4.0	900.0
860	46	1.0E-4	0.0	4.0	999999.0
701	702	4.333333	1.0	4.0	900.0
100	99	0.333333	1.0	4.0	2400.0
881	882	0.333333	1.0	4.0	600.0
244	962	2.666667	1.0	4.0	2800.0
679	6	1.0E-4	0.0	4.0	999999.0
668	672	1.666667	1.0	4.0	2800.0
164	150	16.666667	1.0	4.0	2800.0
4	761	1.0E-4	0.0	4.0	999999.0
861	860	18.333333	1.0	4.0	2400.0
475	413	10.333333	1.0	4.0	2800.0
318	750	6.333333	1.0	4.0	2400.0
299	294	11.333333	1.0	4.0	900.0
367	363	9.333333	1.0	4.0	900.0
157	189	1.666667	1.0	4.0	2800.0
8	901	1.0E-4	0.0	4.0	999999.0
292	376	10.666667	1.0	4.0	600.0
906	814	1.666667	1.0	4.0	2800.0
316	884	15.333333	1.0	4.0	600.0
413	473	2.666667	1.0	4.0	600.0
725	723	14.666667	1.0	4.0	900.0
722	740	10.0	1.0	4.0	900.0
55	425	1.0E-4	0.0	4.0	999999.0
366	368	2.0	1.0	4.0	900.0
48	789	1.0E-4	0.0	4.0	999999.0
40	796	1.0E-4	0.0	4.0	999999.0
224	225	6.0	1.0	4.0	2800.0
292	48	1.0E-4	0.0	4.0	999999.0
831	915	5.666667	1.0	4.0	600.0
290	19	1.0E-4	0.0	4.0	999999.0
226	336	12.0	1.0	4.0	2400.0
730	734	5.0	1.0	4.0	2400.0
365	373	4.333333	1.0	4.0	900.0
818	823	4.666667	1.0	4.0	600.0
150	268	5.333333	1.0	4.0	600.0
291	135	0.666667	1.0	4.0	2800.0
370	52	1.0E-4	0.0	4.0	999999.0
830	799	16.0	1.0	4.0	2400.0
752	5	1.0E-4	0.0	4.0	999999.0
102	80	1.0E-4	0.0	4.0	999999.0
60	272	1.0E-4	0.0	4.0	999999.0
372	368	9.333333	1.0	4.0	2800.0
565	727	8.333333	1.0	4.0	900.0
386	454	11.666667	1.0	4.0	2400.0
455	26	1.0E-4	0.0	4.0	999999.0
221	242	10.333333	1.0	4.0	2800.0
795	43	1.0E-4	0.0	4.0	999999.0
917	914	5.666667	1.0	4.0	900.0
303	305	6.666667	1.0	4.0	2400.0
871	802	15.333333	1.0	4.0	900.0
805	803	3.0	1.0	4.0	2800.0
55	421	1.0E-4	0.0	4.0	999999.0
707	6	1.0E-4	0.0	4.0	999999.0
706	708	4.333333	1.0	4.0	2400.0
452	371	6.0	1.0	4.0	2800.0
1	821	1.0E-4	0.0	4.0	999999.0
725	719	16.333333	1.0	4.0	900.0
856	886	7.333333	1.0	4.0	600.0
304	300	14.666667	1.0	4.0	900.0
565	807	5.333333	1.0	4.0	900.0
231	223	1.666667	1.0	4.0	2800.0
150	149	1.666667	1.0	4.0	2400.0
83	238	1.0E-4	0.0	4.0	999999.0
389	391	7.0	1.0	4.0	2800.0
793	707	18.0	1.0	4.0	2400.0
10	566	1.0E-4	0.0	4.0	999999.0
818	828	4.0	1.0	4.0	600.0
465	908	1.0	1.0	4.0	2400.0
720	301	9.0	1.0	4.0	2800.0
384	383	2.0	1.0	4.0	600.0
242	237	27.0	1.0	4.0	2800.0
853	866	2.333333	1.0	4.0	2800.0
846	45	1.0E-4	0.0	4.0	999999.0
899	901	0.333333	1.0	4.0	900.0
8	904	1.0E-4	0.0	4.0	999999.0
219	168	12.333333	1.0	4.0	2800.0
241	243	1.0	1.0	4.0	2800.0
860	863	13.333333	1.0	4.0	900.0
668	588	3.333333	1.0	4.0	2800.0
564	568	5.333333	1.0	4.0	600.0
1	822	1.0E-4	0.0	4.0	999999.0
881	844	17.666667	1.0	4.0	600.0
206	204	8.333333	1.0	4.0	2800.0
679	707	11.0	1.0	4.0	2400.0
683	682	2.666667	1.0	4.0	2400.0
46	844	1.0E-4	0.0	4.0	999999.0
19	143	1.0E-4	0.0	4.0	999999.0
786	258	10.0	1.0	4.0	2800.0
253	254	4.0	1.0	4.0	2800.0
854	860	25.0	1.0	4.0	2800.0
765	94	1.0E-4	0.0	4.0	999999.0
799	917	8.666667	1.0	4.0	900.0
725	761	9.666667	1.0	4.0	900.0
814	808	10.666667	1.0	4.0	2400.0
274	275	0.666667	1.0	4.0	900.0
454	397	17.0	1.0	4.0	900.0
336	337	1.0	1.0	4.0	900.0
396	392	2.0	1.0	4.0	2400.0
411	407	24.333333	1.0	4.0	600.0
905	906	17.0	1.0	4.0	2400.0
885	327	3.666667	1.0	4.0	2400.0
18	395	1.0E-4	0.0	4.0	999999.0
736	41	1.0E-4	0.0	4.0	999999.0
238	221	13.333333	1.0	4.0	2800.0
61	264	1.0E-4	0.0	4.0	999999.0
473	470	9.333333	1.0	4.0	600.0
373	365	9.333333	1.0	4.0	900.0
867	864	11.333333	1.0	4.0	900.0
4	724	1.0E-4	0.0	4.0	999999.0
337	332	33.333333	1.0	4.0	2400.0
410	453	2.666667	1.0	4.0	900.0
16	366	1.0E-4	0.0	4.0	999999.0
898	906	1.666667	1.0	4.0	2800.0
753	2	1.0E-4	0.0	4.0	999999.0
335	405	9.666667	1.0	4.0	900.0
762	809	12.666667	1.0	4.0	900.0
468	315	0.666667	1.0	4.0	900.0
218	979	1.0E-4	0.0	4.0	999999.0
702	825	8.0	1.0	4.0	900.0
852	885	3.333333	1.0	4.0	2400.0
794	43	1.0E-4	0.0	4.0	999999.0
364	365	2.666667	1.0	4.0	900.0
768	25	1.0E-4	0.0	4.0	999999.0
319	884	15.333333	1.0	4.0	600.0
773	775	9.333333	1.0	4.0	2400.0
139	50	1.0E-4	0.0	4.0	999999.0
564	780	8.0	1.0	4.0	2800.0
963	590	15.333333	1.0	4.0	2800.0
50	139	1.0E-4	0.0	4.0	999999.0
378	328	19.0	1.0	4.0	900.0
144	145	7.333333	1.0	4.0	2800.0
959	80	1.0E-4	0.0	4.0	999999.0
303	892	10.0	1.0	4.0	2400.0
9	902	1.0E-4	0.0	4.0	999999.0
264	270	8.666667	1.0	4.0	2400.0
273	323	2.333333	1.0	4.0	2400.0
686	13	1.0E-4	0.0	4.0	999999.0
894	96	1.0E-4	0.0	4.0	999999.0
132	27	1.0E-4	0.0	4.0	999999.0
24	735	1.0E-4	0.0	4.0	999999.0
785	789	2.333333	1.0	4.0	600.0
370	373	9.666667	1.0	4.0	900.0
269	59	1.0E-4	0.0	4.0	999999.0
979	213	1.0E-4	0.0	4.0	999999.0
423	424	0.666667	1.0	4.0	900.0
650	646	3.666667	1.0	4.0	900.0
935	932	10.0	1.0	4.0	2400.0
43	794	1.0E-4	0.0	4.0	999999.0
44	706	1.0E-4	0.0	4.0	999999.0
896	740	26.0	1.0	4.0	900.0
689	694	1.666667	1.0	4.0	600.0
265	60	1.0E-4	0.0	4.0	999999.0
813	816	11.0	1.0	4.0	2400.0
959	777	12.666667	1.0	4.0	2400.0
331	325	1.666667	1.0	4.0	2400.0
367	20	1.0E-4	0.0	4.0	999999.0
697	977	1.0E-4	0.0	4.0	999999.0
4	725	1.0E-4	0.0	4.0	999999.0
289	275	12.0	1.0	4.0	900.0
243	963	3.666667	1.0	4.0	2800.0
796	893	13.666667	1.0	4.0	2400.0
807	565	5.333333	1.0	4.0	900.0
649	650	2.666667	1.0	4.0	600.0
897	40	1.0E-4	0.0	4.0	999999.0
960	854	3.0	1.0	4.0	2800.0
845	844	2.666667	1.0	4.0	600.0
25	772	1.0E-4	0.0	4.0	999999.0
235	230	1.0	1.0	4.0	2800.0
455	819	2.0	1.0	4.0	900.0
334	20	1.0E-4	0.0	4.0	999999.0
863	46	1.0E-4	0.0	4.0	999999.0
378	81	1.0E-4	0.0	4.0	999999.0
702	701	5.666667	1.0	4.0	900.0
685	223	11.666667	1.0	4.0	2400.0
584	174	19.666667	1.0	4.0	2400.0
884	316	11.333333	1.0	4.0	600.0
902	9	1.0E-4	0.0	4.0	999999.0
59	457	1.0E-4	0.0	4.0	999999.0
744	37	1.0E-4	0.0	4.0	999999.0
325	318	0.666667	1.0	4.0	2400.0
904	899	4.0	1.0	4.0	900.0
784	262	19.0	1.0	4.0	2800.0
27	268	1.0E-4	0.0	4.0	999999.0
53	247	1.0E-4	0.0	4.0	999999.0
735	24	1.0E-4	0.0	4.0	999999.0
426	407	5.666667	1.0	4.0	2400.0
755	305	6.666667	1.0	4.0	2400.0
975	648	1.0E-4	0.0	4.0	999999.0
10	568	1.0E-4	0.0	4.0	999999.0
743	741	2.666667	1.0	4.0	900.0
24	733	1.0E-4	0.0	4.0	999999.0
884	319	8.333333	1.0	4.0	600.0
724	44	1.0E-4	0.0	4.0	999999.0
320	384	6.666667	1.0	4.0	600.0
290	143	2.0	1.0	4.0	2800.0
224	83	1.0E-4	0.0	4.0	999999.0
772	456	7.333333	1.0	4.0	2400.0
269	61	1.0E-4	0.0	4.0	999999.0
376	382	4.333333	1.0	4.0	600.0
43	796	1.0E-4	0.0	4.0	999999.0
9	659	1.0E-4	0.0	4.0	999999.0
25	768	1.0E-4	0.0	4.0	999999.0
903	904	4.0	1.0	4.0	900.0
44	708	1.0E-4	0.0	4.0	999999.0
870	454	1.0	1.0	4.0	900.0
774	772	15.0	1.0	4.0	2400.0
38	782	1.0E-4	0.0	4.0	999999.0
144	66	1.0E-4	0.0	4.0	999999.0
236	226	0.666667	1.0	4.0	2400.0
294	39	1.0E-4	0.0	4.0	999999.0
826	824	6.0	1.0	4.0	900.0
652	718	1.333333	1.0	4.0	2800.0
197	214	5.666667	1.0	4.0	2800.0
769	16	1.0E-4	0.0	4.0	999999.0
844	850	4.0	1.0	4.0	600.0
46	861	1.0E-4	0.0	4.0	999999.0
856	861	15.666667	1.0	4.0	2400.0
757	3	1.0E-4	0.0	4.0	999999.0
228	225	0.666667	1.0	4.0	900.0
792	11	1.0E-4	0.0	4.0	999999.0
814	815	2.0	1.0	4.0	2800.0
306	304	1.0	1.0	4.0	900.0
798	797	23.0	1.0	4.0	2800.0
470	471	2.0	1.0	4.0	600.0
681	903	3.0	1.0	4.0	900.0
869	868	3.333333	1.0	4.0	2400.0
272	86	1.0E-4	0.0	4.0	999999.0
423	422	3.333333	1.0	4.0	2800.0
783	720	3.0	1.0	4.0	2800.0
733	729	4.333333	1.0	4.0	2400.0
799	830	10.666667	1.0	4.0	2400.0
819	826	7.333333	1.0	4.0	900.0
24	734	1.0E-4	0.0	4.0	999999.0
934	933	14.0	1.0	4.0	900.0
10	570	1.0E-4	0.0	4.0	999999.0
979	218	1.0E-4	0.0	4.0	999999.0
275	274	1.666667	1.0	4.0	900.0
695	699	2.333333	1.0	4.0	2800.0
139	177	1.333333	1.0	4.0	2800.0
59	700	1.0E-4	0.0	4.0	999999.0
724	4	1.0E-4	0.0	4.0	999999.0
63	268	1.0E-4	0.0	4.0	999999.0
2	781	1.0E-4	0.0	4.0	999999.0
223	7	1.0E-4	0.0	4.0	999999.0
46	860	1.0E-4	0.0	4.0	999999.0
43	795	1.0E-4	0.0	4.0	999999.0
286	290	3.333333	1.0	4.0	2400.0
916	917	4.0	1.0	4.0	900.0
258	261	0.666667	1.0	4.0	2800.0
294	38	1.0E-4	0.0	4.0	999999.0
325	316	8.666667	1.0	4.0	2400.0
232	241	3.333333	1.0	4.0	2800.0
864	856	18.0	1.0	4.0	900.0
335	871	10.0	1.0	4.0	900.0
973	826	8.333333	1.0	4.0	900.0
826	702	20.333333	1.0	4.0	900.0
264	62	1.0E-4	0.0	4.0	999999.0
737	706	0.333333	1.0	4.0	600.0
775	768	12.0	1.0	4.0	2400.0
19	804	1.0E-4	0.0	4.0	999999.0
931	867	0.666667	1.0	4.0	900.0
262	891	3.333333	1.0	4.0	2800.0
179	189	8.0	1.0	4.0	2800.0
886	884	8.333333	1.0	4.0	600.0
424	423	2.666667	1.0	4.0	900.0
862	865	0.333333	1.0	4.0	900.0
844	843	8.333333	1.0	4.0	2800.0
314	415	7.0	1.0	4.0	2800.0
721	795	14.666667	1.0	4.0	2800.0
751	781	2.666667	1.0	4.0	900.0
741	304	4.333333	1.0	4.0	900.0
863	859	11.0	1.0	4.0	900.0
52	369	1.0E-4	0.0	4.0	999999.0
385	324	2.0	1.0	4.0	2400.0
843	849	4.666667	1.0	4.0	2400.0
934	932	4.0	1.0	4.0	900.0
301	293	7.0	1.0	4.0	2800.0
808	809	14.0	1.0	4.0	2800.0
935	885	2.333333	1.0	4.0	2400.0
394	396	7.0	1.0	4.0	2400.0
750	746	4.333333	1.0	4.0	2400.0
83	225	1.0E-4	0.0	4.0	999999.0
727	761	4.666667	1.0	4.0	2800.0
843	848	2.666667	1.0	4.0	2400.0
764	94	1.0E-4	0.0	4.0	999999.0
294	743	2.0	1.0	4.0	900.0
801	40	1.0E-4	0.0	4.0	999999.0
50	584	1.0E-4	0.0	4.0	999999.0
751	2	1.0E-4	0.0	4.0	999999.0
264	61	1.0E-4	0.0	4.0	999999.0
305	753	6.666667	1.0	4.0	900.0
471	17	1.0E-4	0.0	4.0	999999.0
25	775	1.0E-4	0.0	4.0	999999.0
821	817	4.333333	1.0	4.0	600.0
7	223	1.0E-4	0.0	4.0	999999.0
305	303	11.333333	1.0	4.0	2400.0
52	370	1.0E-4	0.0	4.0	999999.0
799	705	12.333333	1.0	4.0	900.0
52	247	1.0E-4	0.0	4.0	999999.0
6	679	1.0E-4	0.0	4.0	999999.0
899	810	15.666667	1.0	4.0	900.0
79	738	1.0E-4	0.0	4.0	999999.0
264	59	1.0E-4	0.0	4.0	999999.0
726	728	2.0	1.0	4.0	2400.0
418	414	3.333333	1.0	4.0	2400.0
79	779	1.0E-4	0.0	4.0	999999.0
365	364	7.666667	1.0	4.0	900.0
370	369	8.666667	1.0	4.0	900.0
83	224	1.0E-4	0.0	4.0	999999.0
425	418	6.333333	1.0	4.0	2400.0
773	772	0.666667	1.0	4.0	2400.0
892	893	6.0	1.0	4.0	2400.0
269	270	0.666667	1.0	4.0	900.0
863	860	40.333333	1.0	4.0	900.0
914	799	9.333333	1.0	4.0	900.0
237	419	4.0	1.0	4.0	2400.0
761	725	7.666667	1.0	4.0	900.0
744	739	0.666667	1.0	4.0	900.0
784	11	1.0E-4	0.0	4.0	999999.0
227	237	0.666667	1.0	4.0	2400.0
792	788	2.666667	1.0	4.0	900.0
797	799	20.333333	1.0	4.0	2400.0
743	294	2.666667	1.0	4.0	900.0
7	222	1.0E-4	0.0	4.0	999999.0
52	248	1.0E-4	0.0	4.0	999999.0
843	563	4.333333	1.0	4.0	2800.0
26	768	1.0E-4	0.0	4.0	999999.0
322	81	1.0E-4	0.0	4.0	999999.0
803	804	5.333333	1.0	4.0	2800.0
745	776	20.333333	1.0	4.0	2400.0
761	763	3.666667	1.0	4.0	600.0
740	722	5.666667	1.0	4.0	900.0
204	205	1.0	1.0	4.0	600.0
893	801	8.666667	1.0	4.0	2400.0
220	233	6.0	1.0	4.0	2800.0
414	236	33.0	1.0	4.0	2400.0
391	452	1.333333	1.0	4.0	2800.0
79	742	1.0E-4	0.0	4.0	999999.0
158	28	1.0E-4	0.0	4.0	999999.0
388	387	2.333333	1.0	4.0	2400.0
731	737	4.333333	1.0	4.0	2400.0
50	587	1.0E-4	0.0	4.0	999999.0
311	312	3.0	1.0	4.0	2800.0
240	239	1.666667	1.0	4.0	2800.0
972	747	3.0	1.0	4.0	900.0
770	16	1.0E-4	0.0	4.0	999999.0
25	773	1.0E-4	0.0	4.0	999999.0
382	302	11.0	1.0	4.0	600.0
547	146	4.666667	1.0	4.0	600.0
197	168	1.0	1.0	4.0	2800.0
417	423	10.0	1.0	4.0	2800.0
734	24	1.0E-4	0.0	4.0	999999.0
80	777	1.0E-4	0.0	4.0	999999.0
212	202	15.333333	1.0	4.0	2800.0
868	870	6.0	1.0	4.0	2400.0
700	61	1.0E-4	0.0	4.0	999999.0
132	142	18.333333	1.0	4.0	2800.0
584	50	1.0E-4	0.0	4.0	999999.0
150	200	10.333333	1.0	4.0	2800.0
821	1	1.0E-4	0.0	4.0	999999.0
317	318	9.666667	1.0	4.0	2400.0
369	52	1.0E-4	0.0	4.0	999999.0
567	847	1.0	1.0	4.0	2400.0
742	916	9.333333	1.0	4.0	900.0
6	762	1.0E-4	0.0	4.0	999999.0
844	845	4.0	1.0	4.0	600.0
768	314	20.666667	1.0	4.0	2400.0
200	27	1.0E-4	0.0	4.0	999999.0
645	670	1.666667	1.0	4.0	2400.0
564	783	1.333333	1.0	4.0	600.0
471	470	2.0	1.0	4.0	600.0
270	61	1.0E-4	0.0	4.0	999999.0
756	751	12.0	1.0	4.0	600.0
934	930	2.0	1.0	4.0	900.0
412	289	6.666667	1.0	4.0	600.0
570	10	1.0E-4	0.0	4.0	999999.0
50	586	1.0E-4	0.0	4.0	999999.0
222	223	9.0	1.0	4.0	2800.0
804	19	1.0E-4	0.0	4.0	999999.0
758	3	1.0E-4	0.0	4.0	999999.0
590	177	10.666667	1.0	4.0	2800.0
777	96	1.0E-4	0.0	4.0	999999.0
38	779	1.0E-4	0.0	4.0	999999.0
732	812	1.666667	1.0	4.0	2400.0
275	238	4.666667	1.0	4.0	900.0
273	86	1.0E-4	0.0	4.0	999999.0
700	59	1.0E-4	0.0	4.0	999999.0
775	25	1.0E-4	0.0	4.0	999999.0
776	102	5.333333	1.0	4.0	2400.0
193	271	2.0	1.0	4.0	2400.0
328	374	9.666667	1.0	4.0	900.0
287	289	1.0	1.0	4.0	600.0
774	768	1.333333	1.0	4.0	600.0
809	807	10.0	1.0	4.0	900.0
263	267	3.333333	1.0	4.0	2400.0
366	806	17.333333	1.0	4.0	2800.0
258	11	1.0E-4	0.0	4.0	999999.0
684	686	5.0	1.0	4.0	600.0
245	251	6.666667	1.0	4.0	2800.0
785	48	1.0E-4	0.0	4.0	999999.0
828	818	4.0	1.0	4.0	600.0
225	83	1.0E-4	0.0	4.0	999999.0
856	857	1.333333	1.0	4.0	900.0
17	370	1.0E-4	0.0	4.0	999999.0
37	744	1.0E-4	0.0	4.0	999999.0
364	367	5.0	1.0	4.0	900.0
719	725	9.0	1.0	4.0	900.0
80	776	1.0E-4	0.0	4.0	999999.0
702	703	1.0	1.0	4.0	900.0
329	328	2.0	1.0	4.0	900.0
778	745	4.666667	1.0	4.0	600.0
5	892	1.0E-4	0.0	4.0	999999.0
768	26	1.0E-4	0.0	4.0	999999.0
677	687	0.333333	1.0	4.0	2400.0
815	813	2.333333	1.0	4.0	2800.0
815	898	1.0	1.0	4.0	2800.0
398	451	18.333333	1.0	4.0	900.0
800	40	1.0E-4	0.0	4.0	999999.0
740	745	11.333333	1.0	4.0	2400.0
294	297	4.0	1.0	4.0	900.0
366	16	1.0E-4	0.0	4.0	999999.0
78	771	1.0E-4	0.0	4.0	999999.0
719	44	1.0E-4	0.0	4.0	999999.0
937	337	5.666667	1.0	4.0	2400.0
691	692	2.666667	1.0	4.0	2800.0
879	375	5.666667	1.0	4.0	2400.0
894	742	14.333333	1.0	4.0	900.0
677	730	1.666667	1.0	4.0	2400.0
63	323	1.0E-4	0.0	4.0	999999.0
225	274	1.666667	1.0	4.0	900.0
226	227	1.666667	1.0	4.0	2800.0
930	744	10.333333	1.0	4.0	900.0
707	685	15.666667	1.0	4.0	2400.0
790	793	7.666667	1.0	4.0	2400.0
471	370	8.333333	1.0	4.0	600.0
133	134	3.333333	1.0	4.0	2800.0
648	975	1.0E-4	0.0	4.0	999999.0
153	146	6.333333	1.0	4.0	2800.0
302	48	1.0E-4	0.0	4.0	999999.0
138	394	6.0	1.0	4.0	2400.0
168	144	5.666667	1.0	4.0	2800.0
742	79	1.0E-4	0.0	4.0	999999.0
705	41	1.0E-4	0.0	4.0	999999.0
797	795	0.666667	1.0	4.0	2800.0
313	314	1.333333	1.0	4.0	2800.0
395	18	1.0E-4	0.0	4.0	999999.0
972	754	7.0	1.0	4.0	900.0
38	749	1.0E-4	0.0	4.0	999999.0
94	764	1.0E-4	0.0	4.0	999999.0
59	264	1.0E-4	0.0	4.0	999999.0
149	167	5.333333	1.0	4.0	2800.0
5	893	1.0E-4	0.0	4.0	999999.0
318	325	1.333333	1.0	4.0	2400.0
142	288	0.666667	1.0	4.0	2800.0
419	414	1.0	1.0	4.0	2400.0
749	38	1.0E-4	0.0	4.0	999999.0
132	139	1.333333	1.0	4.0	2800.0
300	303	15.333333	1.0	4.0	900.0
252	247	5.0	1.0	4.0	2800.0
62	204	1.0E-4	0.0	4.0	999999.0
729	726	1.0	1.0	4.0	2400.0
263	60	1.0E-4	0.0	4.0	999999.0
288	291	1.666667	1.0	4.0	2800.0
94	311	1.0E-4	0.0	4.0	999999.0
865	862	0.333333	1.0	4.0	900.0
425	55	1.0E-4	0.0	4.0	999999.0
682	291	14.0	1.0	4.0	2400.0
306	722	1.333333	1.0	4.0	900.0
274	83	1.0E-4	0.0	4.0	999999.0
145	66	1.0E-4	0.0	4.0	999999.0
771	78	1.0E-4	0.0	4.0	999999.0
652	664	0.666667	1.0	4.0	2400.0
723	719	11.333333	1.0	4.0	900.0
844	860	22.666667	1.0	4.0	2800.0
915	828	10.333333	1.0	4.0	600.0
270	269	0.666667	1.0	4.0	900.0
889	686	7.0	1.0	4.0	900.0
13	684	1.0E-4	0.0	4.0	999999.0
883	884	14.333333	1.0	4.0	600.0
859	858	1.333333	1.0	4.0	900.0
213	218	6.666667	1.0	4.0	2800.0
415	314	19.333333	1.0	4.0	2800.0
177	174	5.333333	1.0	4.0	2800.0
271	264	4.333333	1.0	4.0	2400.0
802	805	2.666667	1.0	4.0	2800.0
201	202	1.333333	1.0	4.0	2800.0
295	741	5.0	1.0	4.0	900.0
645	664	3.666667	1.0	4.0	2800.0
43	721	1.0E-4	0.0	4.0	999999.0
47	861	1.0E-4	0.0	4.0	999999.0
747	378	10.333333	1.0	4.0	900.0
707	809	1.666667	1.0	4.0	2400.0
797	794	1.666667	1.0	4.0	2400.0
375	376	2.0	1.0	4.0	2400.0
94	312	1.0E-4	0.0	4.0	999999.0
18	454	1.0E-4	0.0	4.0	999999.0
39	294	1.0E-4	0.0	4.0	999999.0
586	50	1.0E-4	0.0	4.0	999999.0
728	731	1.333333	1.0	4.0	2400.0
274	287	12.333333	1.0	4.0	900.0
746	755	4.0	1.0	4.0	2400.0
777	745	7.333333	1.0	4.0	2400.0
13	974	1.0E-4	0.0	4.0	999999.0
772	773	0.666667	1.0	4.0	2400.0
822	1	1.0E-4	0.0	4.0	999999.0
86	273	1.0E-4	0.0	4.0	999999.0
795	721	2.666667	1.0	4.0	900.0
177	587	6.333333	1.0	4.0	2400.0
452	806	1.666667	1.0	4.0	900.0
845	855	3.0	1.0	4.0	600.0
659	9	1.0E-4	0.0	4.0	999999.0
864	47	1.0E-4	0.0	4.0	999999.0
61	700	1.0E-4	0.0	4.0	999999.0
910	900	2.333333	1.0	4.0	900.0
703	704	2.333333	1.0	4.0	900.0
708	681	13.0	1.0	4.0	2400.0
141	133	3.0	1.0	4.0	2800.0
410	427	5.666667	1.0	4.0	2400.0
227	220	14.0	1.0	4.0	2800.0
864	867	13.666667	1.0	4.0	900.0
858	859	0.333333	1.0	4.0	900.0
700	270	3.0	1.0	4.0	900.0
366	873	9.666667	1.0	4.0	900.0
24	456	1.0E-4	0.0	4.0	999999.0
44	719	1.0E-4	0.0	4.0	999999.0
884	883	4.0	1.0	4.0	600.0
930	45	1.0E-4	0.0	4.0	999999.0
303	782	12.0	1.0	4.0	2400.0
310	86	1.0E-4	0.0	4.0	999999.0
933	931	8.666667	1.0	4.0	900.0
26	774	1.0E-4	0.0	4.0	999999.0
564	10	1.0E-4	0.0	4.0	999999.0
827	828	4.333333	1.0	4.0	600.0
9	588	1.0E-4	0.0	4.0	999999.0
47	864	1.0E-4	0.0	4.0	999999.0
13	686	1.0E-4	0.0	4.0	999999.0
39	297	1.0E-4	0.0	4.0	999999.0
719	4	1.0E-4	0.0	4.0	999999.0
900	8	1.0E-4	0.0	4.0	999999.0
313	765	5.333333	1.0	4.0	900.0
915	830	8.333333	1.0	4.0	2400.0
762	6	1.0E-4	0.0	4.0	999999.0
902	898	8.0	1.0	4.0	2400.0
373	472	8.333333	1.0	4.0	900.0
759	760	0.666667	1.0	4.0	600.0
774	26	1.0E-4	0.0	4.0	999999.0
741	743	3.333333	1.0	4.0	900.0
820	830	2.333333	1.0	4.0	600.0
852	856	11.0	1.0	4.0	2400.0
250	53	1.0E-4	0.0	4.0	999999.0
254	192	9.0	1.0	4.0	2800.0
767	16	1.0E-4	0.0	4.0	999999.0
857	47	1.0E-4	0.0	4.0	999999.0
829	818	4.0	1.0	4.0	600.0
41	736	1.0E-4	0.0	4.0	999999.0
302	789	2.666667	1.0	4.0	600.0
779	79	1.0E-4	0.0	4.0	999999.0
319	320	1.333333	1.0	4.0	600.0
779	38	1.0E-4	0.0	4.0	999999.0
6	809	1.0E-4	0.0	4.0	999999.0
909	908	1.0	1.0	4.0	2400.0
864	866	18.666667	1.0	4.0	900.0
270	272	19.666667	1.0	4.0	2400.0
867	931	2.0	1.0	4.0	900.0
962	645	3.333333	1.0	4.0	2800.0
422	193	7.0	1.0	4.0	2800.0
238	83	1.0E-4	0.0	4.0	999999.0
231	646	3.0	1.0	4.0	900.0
704	41	1.0E-4	0.0	4.0	999999.0
738	96	1.0E-4	0.0	4.0	999999.0
381	302	5.0	1.0	4.0	600.0
2	751	1.0E-4	0.0	4.0	999999.0
66	219	1.0E-4	0.0	4.0	999999.0
915	913	1.333333	1.0	4.0	2400.0
325	326	4.666667	1.0	4.0	2400.0
302	380	6.0	1.0	4.0	600.0
456	735	8.666667	1.0	4.0	2400.0
7	232	1.0E-4	0.0	4.0	999999.0
680	677	6.0	1.0	4.0	900.0
873	373	10.333333	1.0	4.0	900.0
693	686	9.0	1.0	4.0	900.0
78	776	1.0E-4	0.0	4.0	999999.0
20	364	1.0E-4	0.0	4.0	999999.0
40	897	1.0E-4	0.0	4.0	999999.0
13	649	1.0E-4	0.0	4.0	999999.0
46	863	1.0E-4	0.0	4.0	999999.0
250	252	1.666667	1.0	4.0	2800.0
38	294	1.0E-4	0.0	4.0	999999.0
153	28	1.0E-4	0.0	4.0	999999.0
806	872	7.333333	1.0	4.0	900.0
39	739	1.0E-4	0.0	4.0	999999.0
225	238	0.666667	1.0	4.0	2800.0
37	299	1.0E-4	0.0	4.0	999999.0
893	752	11.333333	1.0	4.0	900.0
297	39	1.0E-4	0.0	4.0	999999.0
102	959	0.666667	1.0	4.0	2400.0
734	773	23.333333	1.0	4.0	2400.0
789	302	2.333333	1.0	4.0	600.0
796	794	12.333333	1.0	4.0	2800.0
737	797	23.0	1.0	4.0	2800.0
659	907	1.666667	1.0	4.0	2800.0
932	852	1.333333	1.0	4.0	2400.0
233	234	3.666667	1.0	4.0	2800.0
766	769	18.0	1.0	4.0	600.0
268	150	12.333333	1.0	4.0	600.0
47	857	1.0E-4	0.0	4.0	999999.0
268	27	1.0E-4	0.0	4.0	999999.0
244	655	4.0	1.0	4.0	600.0
167	153	8.333333	1.0	4.0	2800.0
751	893	21.0	1.0	4.0	900.0
932	934	4.0	1.0	4.0	900.0
335	20	1.0E-4	0.0	4.0	999999.0
234	228	0.666667	1.0	4.0	2800.0
454	870	1.0	1.0	4.0	900.0
140	141	1.666667	1.0	4.0	2800.0
318	320	15.333333	1.0	4.0	2400.0
324	328	10.333333	1.0	4.0	2400.0
802	391	7.0	1.0	4.0	900.0
704	705	1.333333	1.0	4.0	900.0
455	824	1.666667	1.0	4.0	2800.0
286	389	4.0	1.0	4.0	2800.0
830	42	1.0E-4	0.0	4.0	999999.0
316	331	1.333333	1.0	4.0	2400.0
791	783	14.333333	1.0	4.0	2800.0
18	868	1.0E-4	0.0	4.0	999999.0
893	303	19.333333	1.0	4.0	2400.0
299	846	11.0	1.0	4.0	900.0
86	323	1.0E-4	0.0	4.0	999999.0
651	9	1.0E-4	0.0	4.0	999999.0
303	79	1.0E-4	0.0	4.0	999999.0
2	753	1.0E-4	0.0	4.0	999999.0
908	905	2.0	1.0	4.0	2400.0
741	296	2.0	1.0	4.0	900.0
312	313	20.666667	1.0	4.0	2800.0
845	848	4.0	1.0	4.0	600.0
405	337	7.333333	1.0	4.0	900.0
424	475	6.666667	1.0	4.0	2800.0
47	856	1.0E-4	0.0	4.0	999999.0
865	858	4.0	1.0	4.0	900.0
146	66	1.0E-4	0.0	4.0	999999.0
828	831	4.666667	1.0	4.0	600.0
158	164	6.666667	1.0	4.0	2800.0
816	651	4.666667	1.0	4.0	2800.0
568	566	12.0	1.0	4.0	600.0
265	288	9.666667	1.0	4.0	2400.0
773	25	1.0E-4	0.0	4.0	999999.0
53	248	1.0E-4	0.0	4.0	999999.0
2	754	1.0E-4	0.0	4.0	999999.0
810	811	5.666667	1.0	4.0	900.0
917	897	9.333333	1.0	4.0	900.0
722	306	1.333333	1.0	4.0	900.0
687	681	1.0	1.0	4.0	2400.0
323	86	1.0E-4	0.0	4.0	999999.0
647	650	4.0	1.0	4.0	600.0
369	370	9.333333	1.0	4.0	900.0
756	3	1.0E-4	0.0	4.0	999999.0
316	376	12.333333	1.0	4.0	2400.0
771	778	3.0	1.0	4.0	600.0
795	797	0.666667	1.0	4.0	2800.0
384	936	3.666667	1.0	4.0	600.0
167	28	1.0E-4	0.0	4.0	999999.0
272	60	1.0E-4	0.0	4.0	999999.0
193	201	2.666667	1.0	4.0	2800.0
289	287	0.333333	1.0	4.0	600.0
791	780	0.333333	1.0	4.0	600.0
778	78	1.0E-4	0.0	4.0	999999.0
704	703	2.333333	1.0	4.0	900.0
856	47	1.0E-4	0.0	4.0	999999.0
811	723	8.666667	1.0	4.0	900.0
27	200	1.0E-4	0.0	4.0	999999.0
651	668	1.0	1.0	4.0	2800.0
222	7	1.0E-4	0.0	4.0	999999.0
28	153	1.0E-4	0.0	4.0	999999.0
218	197	15.666667	1.0	4.0	2800.0
206	62	1.0E-4	0.0	4.0	999999.0
646	654	0.333333	1.0	4.0	900.0
654	650	4.0	1.0	4.0	900.0
219	66	1.0E-4	0.0	4.0	999999.0
302	292	7.0	1.0	4.0	600.0
789	792	5.333333	1.0	4.0	600.0
11	784	1.0E-4	0.0	4.0	999999.0
272	265	10.666667	1.0	4.0	2400.0
19	286	1.0E-4	0.0	4.0	999999.0
868	18	1.0E-4	0.0	4.0	999999.0
63	273	1.0E-4	0.0	4.0	999999.0
671	672	1.0	1.0	4.0	2800.0
407	410	1.666667	1.0	4.0	900.0
78	777	1.0E-4	0.0	4.0	999999.0
53	249	1.0E-4	0.0	4.0	999999.0
828	829	9.666667	1.0	4.0	600.0
760	759	0.666667	1.0	4.0	600.0
872	364	15.0	1.0	4.0	900.0
322	380	2.666667	1.0	4.0	2400.0
63	272	1.0E-4	0.0	4.0	999999.0
78	778	1.0E-4	0.0	4.0	999999.0
852	932	1.0	1.0	4.0	2400.0
727	565	6.0	1.0	4.0	900.0
144	981	1.0E-4	0.0	4.0	999999.0
407	450	4.333333	1.0	4.0	900.0
249	53	1.0E-4	0.0	4.0	999999.0
269	201	17.333333	1.0	4.0	2400.0
901	8	1.0E-4	0.0	4.0	999999.0
214	219	0.666667	1.0	4.0	2800.0
202	249	9.0	1.0	4.0	2800.0
290	937	14.666667	1.0	4.0	2400.0
53	250	1.0E-4	0.0	4.0	999999.0
289	411	3.0	1.0	4.0	600.0
721	724	7.666667	1.0	4.0	900.0
725	4	1.0E-4	0.0	4.0	999999.0
314	468	1.666667	1.0	4.0	900.0
246	235	2.666667	1.0	4.0	2800.0
286	19	1.0E-4	0.0	4.0	999999.0
413	415	3.0	1.0	4.0	2800.0
374	748	17.333333	1.0	4.0	900.0
94	765	1.0E-4	0.0	4.0	999999.0
860	844	11.333333	1.0	4.0	2800.0
324	81	1.0E-4	0.0	4.0	999999.0
335	364	1.666667	1.0	4.0	900.0
906	910	4.333333	1.0	4.0	2800.0
248	53	1.0E-4	0.0	4.0	999999.0
383	320	2.333333	1.0	4.0	600.0
333	334	8.333333	1.0	4.0	900.0
882	881	0.333333	1.0	4.0	600.0
205	212	5.0	1.0	4.0	2800.0
781	751	6.0	1.0	4.0	900.0
854	853	8.0	1.0	4.0	2800.0
323	63	1.0E-4	0.0	4.0	999999.0
892	5	1.0E-4	0.0	4.0	999999.0
723	810	16.0	1.0	4.0	900.0
751	305	28.333333	1.0	4.0	900.0
11	788	1.0E-4	0.0	4.0	999999.0
931	933	12.666667	1.0	4.0	900.0
664	670	1.333333	1.0	4.0	2400.0
268	63	1.0E-4	0.0	4.0	999999.0
41	701	1.0E-4	0.0	4.0	999999.0
686	689	9.0	1.0	4.0	600.0
855	847	2.0	1.0	4.0	600.0
243	244	1.333333	1.0	4.0	2800.0
894	895	2.333333	1.0	4.0	900.0
848	847	4.0	1.0	4.0	2400.0
764	765	13.0	1.0	4.0	900.0
936	45	1.0E-4	0.0	4.0	999999.0
846	37	1.0E-4	0.0	4.0	999999.0
48	785	1.0E-4	0.0	4.0	999999.0
303	749	14.0	1.0	4.0	900.0
899	8	1.0E-4	0.0	4.0	999999.0
363	228	26.666667	1.0	4.0	900.0
671	588	7.666667	1.0	4.0	2800.0
174	203	4.666667	1.0	4.0	2800.0
761	4	1.0E-4	0.0	4.0	999999.0
420	421	0.666667	1.0	4.0	2400.0
248	52	1.0E-4	0.0	4.0	999999.0
777	78	1.0E-4	0.0	4.0	999999.0
267	273	7.0	1.0	4.0	2400.0
55	420	1.0E-4	0.0	4.0	999999.0
79	303	1.0E-4	0.0	4.0	999999.0
272	63	1.0E-4	0.0	4.0	999999.0
145	158	6.0	1.0	4.0	2800.0
268	267	18.333333	1.0	4.0	600.0
753	5	1.0E-4	0.0	4.0	999999.0
323	310	12.333333	1.0	4.0	2400.0
977	697	1.0E-4	0.0	4.0	999999.0
81	374	1.0E-4	0.0	4.0	999999.0
204	219	4.0	1.0	4.0	2800.0
26	826	1.0E-4	0.0	4.0	999999.0
48	292	1.0E-4	0.0	4.0	999999.0
566	10	1.0E-4	0.0	4.0	999999.0
60	267	1.0E-4	0.0	4.0	999999.0
810	814	14.666667	1.0	4.0	2800.0
392	393	2.0	1.0	4.0	2400.0
772	25	1.0E-4	0.0	4.0	999999.0
891	791	8.333333	1.0	4.0	2800.0
238	234	2.333333	1.0	4.0	900.0
913	912	2.0	1.0	4.0	2400.0
686	974	2.333333	1.0	4.0	900.0
912	99	2.666667	1.0	4.0	2400.0
665	663	8.666667	1.0	4.0	2400.0
849	843	5.0	1.0	4.0	2400.0
380	790	9.0	1.0	4.0	2400.0
60	265	1.0E-4	0.0	4.0	999999.0
189	197	2.0	1.0	4.0	2800.0
419	428	1.0	1.0	4.0	2400.0
789	48	1.0E-4	0.0	4.0	999999.0
823	820	4.666667	1.0	4.0	600.0
848	562	6.0	1.0	4.0	600.0
398	397	0.666667	1.0	4.0	900.0
81	378	1.0E-4	0.0	4.0	999999.0
368	770	21.666667	1.0	4.0	600.0
567	863	8.0	1.0	4.0	900.0
829	827	5.333333	1.0	4.0	600.0
847	567	0.666667	1.0	4.0	2400.0
19	290	1.0E-4	0.0	4.0	999999.0
830	821	4.666667	1.0	4.0	600.0
11	258	1.0E-4	0.0	4.0	999999.0
337	335	19.0	1.0	4.0	900.0
41	704	1.0E-4	0.0	4.0	999999.0
223	231	1.0	1.0	4.0	2400.0
740	779	8.666667	1.0	4.0	2400.0
740	738	9.0	1.0	4.0	900.0
825	973	0.333333	1.0	4.0	900.0
699	246	13.333333	1.0	4.0	2800.0
754	781	8.333333	1.0	4.0	900.0
234	333	7.666667	1.0	4.0	900.0
146	157	21.666667	1.0	4.0	2800.0
228	245	2.666667	1.0	4.0	2800.0
20	367	1.0E-4	0.0	4.0	999999.0
781	754	4.333333	1.0	4.0	900.0
214	205	5.0	1.0	4.0	2800.0
168	157	1.0	1.0	4.0	2800.0
817	818	2.333333	1.0	4.0	600.0
219	214	0.666667	1.0	4.0	2800.0
45	846	1.0E-4	0.0	4.0	999999.0
426	55	1.0E-4	0.0	4.0	999999.0
28	158	1.0E-4	0.0	4.0	999999.0
474	17	1.0E-4	0.0	4.0	999999.0
983	584	1.0E-4	0.0	4.0	999999.0
18	870	1.0E-4	0.0	4.0	999999.0
824	774	11.0	1.0	4.0	2800.0
326	329	8.333333	1.0	4.0	2400.0
670	673	1.0	1.0	4.0	2400.0
27	203	1.0E-4	0.0	4.0	999999.0
202	192	2.0	1.0	4.0	2800.0
826	26	1.0E-4	0.0	4.0	999999.0
866	864	13.333333	1.0	4.0	900.0
687	726	0.666667	1.0	4.0	2400.0
337	336	2.0	1.0	4.0	900.0
7	241	1.0E-4	0.0	4.0	999999.0
588	9	1.0E-4	0.0	4.0	999999.0
900	899	7.666667	1.0	4.0	900.0
822	829	3.0	1.0	4.0	600.0
569	727	3.666667	1.0	4.0	600.0
754	2	1.0E-4	0.0	4.0	999999.0
321	318	4.333333	1.0	4.0	2400.0
745	96	1.0E-4	0.0	4.0	999999.0
395	454	3.333333	1.0	4.0	900.0
847	855	2.0	1.0	4.0	600.0
804	290	7.333333	1.0	4.0	2800.0
752	751	8.666667	1.0	4.0	900.0
736	774	36.333333	1.0	4.0	600.0
915	42	1.0E-4	0.0	4.0	999999.0
451	452	15.666667	1.0	4.0	900.0
888	889	0.666667	1.0	4.0	900.0
693	977	1.0E-4	0.0	4.0	999999.0
41	705	1.0E-4	0.0	4.0	999999.0
26	455	1.0E-4	0.0	4.0	999999.0
262	258	1.333333	1.0	4.0	2800.0
910	810	2.0	1.0	4.0	900.0
468	474	16.0	1.0	4.0	900.0
751	756	6.0	1.0	4.0	600.0
777	80	1.0E-4	0.0	4.0	999999.0
293	843	8.0	1.0	4.0	2800.0
721	43	1.0E-4	0.0	4.0	999999.0
469	468	6.333333	1.0	4.0	900.0
96	738	1.0E-4	0.0	4.0	999999.0
898	911	5.0	1.0	4.0	2400.0
457	416	12.0	1.0	4.0	600.0
247	224	17.333333	1.0	4.0	2800.0
981	144	1.0E-4	0.0	4.0	999999.0
562	563	4.0	1.0	4.0	600.0
782	740	21.0	1.0	4.0	2400.0
817	1	1.0E-4	0.0	4.0	999999.0
765	313	15.666667	1.0	4.0	900.0
851	865	2.666667	1.0	4.0	900.0
846	934	3.666667	1.0	4.0	900.0
454	388	16.0	1.0	4.0	2400.0
135	139	19.333333	1.0	4.0	2800.0
206	212	0.666667	1.0	4.0	600.0
759	756	9.666667	1.0	4.0	600.0
705	701	11.0	1.0	4.0	900.0
794	796	9.0	1.0	4.0	2800.0
261	262	0.666667	1.0	4.0	2800.0
883	880	8.333333	1.0	4.0	600.0
860	856	28.666667	1.0	4.0	2400.0
3	756	1.0E-4	0.0	4.0	999999.0
247	53	1.0E-4	0.0	4.0	999999.0
142	263	5.666667	1.0	4.0	2400.0
794	795	7.0	1.0	4.0	2800.0
659	651	1.0	1.0	4.0	2800.0
810	900	1.0	1.0	4.0	900.0
974	258	7.0	1.0	4.0	900.0
60	263	1.0E-4	0.0	4.0	999999.0
320	935	6.666667	1.0	4.0	2400.0
895	894	3.0	1.0	4.0	900.0
59	269	1.0E-4	0.0	4.0	999999.0
706	737	0.333333	1.0	4.0	600.0
408	410	2.666667	1.0	4.0	900.0
314	313	2.0	1.0	4.0	2800.0
328	317	4.0	1.0	4.0	2400.0
80	959	1.0E-4	0.0	4.0	999999.0
17	474	1.0E-4	0.0	4.0	999999.0
780	791	0.333333	1.0	4.0	600.0
200	132	15.666667	1.0	4.0	2800.0
893	5	1.0E-4	0.0	4.0	999999.0
66	146	1.0E-4	0.0	4.0	999999.0
138	286	0.666667	1.0	4.0	2800.0
801	796	4.666667	1.0	4.0	2400.0
11	792	1.0E-4	0.0	4.0	999999.0
272	273	1.0	1.0	4.0	2400.0
370	471	8.333333	1.0	4.0	600.0
299	37	1.0E-4	0.0	4.0	999999.0
563	564	16.333333	1.0	4.0	2800.0
895	896	0.666667	1.0	4.0	900.0
267	268	11.666667	1.0	4.0	600.0
707	732	11.0	1.0	4.0	2400.0
664	663	2.666667	1.0	4.0	2800.0
809	6	1.0E-4	0.0	4.0	999999.0
428	420	2.666667	1.0	4.0	2400.0
686	693	4.666667	1.0	4.0	900.0
247	52	1.0E-4	0.0	4.0	999999.0
587	50	1.0E-4	0.0	4.0	999999.0
96	745	1.0E-4	0.0	4.0	999999.0
273	63	1.0E-4	0.0	4.0	999999.0
3	757	1.0E-4	0.0	4.0	999999.0
974	13	1.0E-4	0.0	4.0	999999.0
859	862	4.666667	1.0	4.0	900.0
20	334	1.0E-4	0.0	4.0	999999.0
298	330	30.333333	1.0	4.0	2400.0
28	164	1.0E-4	0.0	4.0	999999.0
724	719	9.666667	1.0	4.0	900.0
776	78	1.0E-4	0.0	4.0	999999.0
223	240	1.666667	1.0	4.0	2800.0
3	758	1.0E-4	0.0	4.0	999999.0
39	299	1.0E-4	0.0	4.0	999999.0
20	335	1.0E-4	0.0	4.0	999999.0
859	863	11.0	1.0	4.0	900.0
192	424	6.0	1.0	4.0	2800.0
806	802	0.666667	1.0	4.0	2800.0
693	697	4.0	1.0	4.0	600.0
66	145	1.0E-4	0.0	4.0	999999.0
368	366	1.666667	1.0	4.0	900.0
86	272	1.0E-4	0.0	4.0	999999.0
816	907	0.666667	1.0	4.0	2400.0
742	894	3.0	1.0	4.0	900.0
776	80	1.0E-4	0.0	4.0	999999.0
854	851	7.0	1.0	4.0	900.0
376	316	2.0	1.0	4.0	2400.0
327	319	13.333333	1.0	4.0	2400.0
855	845	3.0	1.0	4.0	600.0
203	149	18.333333	1.0	4.0	2800.0
80	102	1.0E-4	0.0	4.0	999999.0
249	250	7.0	1.0	4.0	2800.0
66	144	1.0E-4	0.0	4.0	999999.0
570	564	16.666667	1.0	4.0	600.0
314	315	1.666667	1.0	4.0	2800.0
143	138	1.0	1.0	4.0	2400.0
849	879	9.333333	1.0	4.0	2400.0
907	902	1.0	1.0	4.0	2400.0
692	659	13.666667	1.0	4.0	2800.0
663	668	12.666667	1.0	4.0	2800.0
977	693	1.0E-4	0.0	4.0	999999.0
201	206	4.333333	1.0	4.0	2800.0
203	27	1.0E-4	0.0	4.0	999999.0
758	760	3.0	1.0	4.0	600.0
135	142	1.333333	1.0	4.0	2800.0
587	586	1.666667	1.0	4.0	2400.0
705	704	1.333333	1.0	4.0	900.0
844	46	1.0E-4	0.0	4.0	999999.0
753	751	13.333333	1.0	4.0	900.0
17	471	1.0E-4	0.0	4.0	999999.0
870	18	1.0E-4	0.0	4.0	999999.0
241	7	1.0E-4	0.0	4.0	999999.0
768	457	6.666667	1.0	4.0	600.0
237	236	2.333333	1.0	4.0	2800.0
16	767	1.0E-4	0.0	4.0	999999.0
3	759	1.0E-4	0.0	4.0	999999.0
391	390	16.666667	1.0	4.0	900.0
204	62	1.0E-4	0.0	4.0	999999.0
397	398	2.0	1.0	4.0	900.0
364	20	1.0E-4	0.0	4.0	999999.0
847	848	13.333333	1.0	4.0	2400.0
673	648	2.333333	1.0	4.0	2400.0
588	659	1.666667	1.0	4.0	2800.0
374	81	1.0E-4	0.0	4.0	999999.0
44	724	1.0E-4	0.0	4.0	999999.0
681	683	1.0	1.0	4.0	2400.0
420	55	1.0E-4	0.0	4.0	999999.0
809	787	24.333333	1.0	4.0	2400.0
86	310	1.0E-4	0.0	4.0	999999.0
739	299	1.666667	1.0	4.0	900.0
414	419	1.0	1.0	4.0	2400.0
882	887	6.666667	1.0	4.0	600.0
454	18	1.0E-4	0.0	4.0	999999.0
304	741	3.0	1.0	4.0	900.0
390	397	4.666667	1.0	4.0	900.0
427	425	12.333333	1.0	4.0	2400.0
17	472	1.0E-4	0.0	4.0	999999.0
706	44	1.0E-4	0.0	4.0	999999.0
231	232	3.666667	1.0	4.0	2800.0
470	415	6.666667	1.0	4.0	600.0
450	412	4.333333	1.0	4.0	900.0
788	11	1.0E-4	0.0	4.0	999999.0
62	206	1.0E-4	0.0	4.0	999999.0
320	319	1.333333	1.0	4.0	600.0
319	325	10.666667	1.0	4.0	2400.0
649	13	1.0E-4	0.0	4.0	999999.0
848	843	6.0	1.0	4.0	2400.0
267	60	1.0E-4	0.0	4.0	999999.0
787	385	3.333333	1.0	4.0	2400.0
376	849	19.0	1.0	4.0	2400.0
729	687	4.333333	1.0	4.0	2400.0
860	854	41.0	1.0	4.0	2800.0
136	138	2.333333	1.0	4.0	2800.0
735	733	2.666667	1.0	4.0	2400.0
37	846	1.0E-4	0.0	4.0	999999.0
795	706	8.666667	1.0	4.0	2800.0
