iteration 	 master_gap 	subnet_0_gap 	subnet_1_gap 	full_gap
0	0.0043192099420444885	7.366704305198368E-4	0.010685414897073753	0.14307201491265142
1	0.009180213542451465	1.56751839910374E-5	0.0010260961425656578	0.03728519905281946
2	0.014233406331849552	5.7251564000715405E-6	2.1152286668935094E-4	0.044771295988811355
3	0.008728042022453919	0.0	1.4715774439344464E-5	0.038473226047129216
4	0.013819826800893886	4.025601863855144E-6	1.3323312903157358E-5	0.04781988268684212
5	0.014218928541548048	-2.220446049250313E-16	3.6555376580205134E-6	0.04100739289672661
6	0.017900436061426217	7.246018737361304E-6	2.5271210648547537E-6	0.054081414317079135
7	0.012416785683249554	9.491687591456355E-8	3.905020719230379E-6	0.04070265902012238
8	0.003650721867447193	2.980676528263615E-6	2.241186710105758E-6	0.052585661825649166
9	0.019008430862389125	1.3360064177181386E-7	2.958075327796905E-6	0.045180929820795246
10	0.0030901527099236326	1.2559064550554666E-6	2.788744079995631E-6	0.0634264287959081
11	0.0013872503422278637	0.0	2.705638765032603E-6	0.047979608704249
12	0.00585879588894922	1.1555447804179053E-6	2.5165486866596254E-6	0.09212834606502529
13	0.0014264520117583945	0.0	1.977592677837592E-6	0.05559229481324479
14	0.0035442137514914984	1.2961122463073238E-6	3.1301879185319237E-6	0.12633816886504223
15	0.001982932541545801	8.323803935006424E-8	2.3870914298562695E-6	0.06606275640891679
16	0.0026574158664546266	1.013779129754866E-6	2.7787106621213198E-6	0.14962835299681054
17	0.0022371163391894378	9.978809512034559E-8	2.1823262726927695E-6	0.07297993177956141
18	0.0023465385443324216	1.000432208630997E-6	2.2638342310754567E-6	0.1623217536909941
19	0.0010228297917306284	1.412993297922327E-7	2.7031283443834653E-6	0.07554164054967982
20	0.0022659700869303023	8.102693008771311E-7	1.7573015980154594E-6	0.1714760041310347
21	0.003639549095113659	4.715940136179597E-7	3.1774186833866125E-6	0.07653094872514155
22	0.0012410763103111178	7.474237428972685E-7	1.3528854545530322E-6	0.17233087018693216
23	9.974433823295437E-4	2.4081656591068423E-7	2.7511261552204402E-6	0.07728307955347813
24	0.0012090914701847755	5.742910444972438E-7	2.7263684352352158E-6	0.21504875625067088
25	0.0011824387166262662	2.5639686574985276E-6	3.0744402242932622E-6	0.08149805331091875
26	3.865537790168627E-4	5.434371510570912E-7	2.794730829536185E-6	0.21086256047323737
27	8.805571519948652E-4	2.1001081274008015E-7	3.0862225021133227E-6	0.08284989235599227
28	9.225100742855652E-4	5.792938988502527E-7	2.793114293853094E-6	0.21541478767115707
29	8.510198485964793E-4	2.1488769352817627E-7	3.04682639629128E-6	0.08285839227949943
30	8.255287977713133E-4	5.806211212933121E-7	1.3005775139074416E-6	0.21672088679020163
31	8.34107019723751E-4	2.5151840943316017E-7	2.9804782499809335E-6	0.08122984487664175
32	3.9860594590224174E-4	5.60740761934575E-7	1.8078705811275242E-6	0.21194766097145445
33	8.494077247520604E-4	3.0482460899872166E-6	2.8451389536554572E-6	0.08226363818909932
34	2.3392286538603813E-4	5.365772278720371E-7	2.3411181634402922E-6	0.21412005892874797
35	4.886609747394299E-4	1.387958189491556E-7	2.9259768662415198E-6	0.08139376258302544
36	2.9405567411000533E-4	5.476578114338437E-7	2.3480875149806124E-6	0.21094960235669458
37	4.141299762495665E-4	1.9190344324737652E-7	2.872538086950982E-6	0.08133948452382922
38	1.8011835654152542E-4	5.981434875179659E-7	2.352055000653941E-6	0.21262310219763525
39	4.3796573931798033E-4	2.281259861014462E-7	3.145188252284825E-6	0.08143555552315818
40	2.082449846020351E-4	6.243237997693996E-7	2.246591977117518E-6	0.21234661939134136
41	4.951932269435799E-4	2.1200500477380757E-7	3.0291922529235293E-6	0.08117366706372031
42	2.3769202658607824E-4	5.81598894155988E-7	2.285759639120144E-6	0.20855406111939312
43	3.219982000146615E-4	2.3138074112249996E-7	2.8877216479150647E-6	0.08108597847894006
44	1.0484927993581472E-4	5.501987535572184E-7	2.2934634610338733E-6	0.2095773128422438
45	3.625587821951548E-4	1.9157809461045616E-7	2.3389882829460973E-6	0.08134718624518555
46	2.7539177474233956E-4	5.459588944267679E-7	2.0457911632520975E-6	0.21120816616853977
47	3.237970122930145E-4	1.8814763269592305E-7	1.984185723502563E-6	0.08128610412383552
48	8.475522112216805E-5	5.885338462130463E-7	2.078303772523604E-6	0.21002820145080503
49	3.365695962560533E-4	1.3514515051493703E-7	1.9546748539767123E-6	0.08114142549223513
50	1.5787075071327372E-4	5.924241264221308E-7	2.2549117955072973E-6	0.20945008818200683
51	2.572287360252945E-4	2.004258620180721E-7	1.9830547742794025E-6	0.0812708268731187
52	1.1128636500912226E-4	5.821854297538565E-7	2.113450701890507E-6	0.21287241916479072
53	2.3310283117150554E-4	2.1008533723776424E-7	1.6993592978353789E-6	0.0812912623900679
54	1.3985541456773554E-4	5.535254269384282E-7	1.841676661840097E-6	0.21101535895043932
55	1.631241679523887E-4	1.9537662321322813E-7	1.9306635501425973E-6	0.08125568635795943
56	1.4027813984951454E-4	5.77393261091963E-7	1.8387888406357078E-6	0.21149249160391392
57	9.239034145824832E-5	2.0932187372313393E-7	2.186607628851256E-6	0.08134505921286284
58	8.730234299725304E-5	6.403067522864347E-7	1.9672278380733488E-6	0.21039227755093914
59	8.283057357982848E-5	2.060283521565509E-7	1.9833686928372174E-6	0.08137734535868124
60	4.511817356789294E-5	5.935431792725154E-7	1.9125118219109893E-6	0.21006456850952426
61	5.603976069601391E-5	2.1582280784748775E-7	2.2382473984228213E-6	0.08140254502495237
62	3.891296619484841E-5	5.756848225901834E-7	1.7552112353547145E-6	0.20988574255795667
63	7.206449777219515E-5	2.1044500142508582E-7	2.2691037748767684E-6	0.08143129285360573
64	5.2687995884870276E-5	5.699920359036881E-7	1.9253766604387934E-6	0.21004126416529623
65	4.7357591359875606E-5	2.1134289740487588E-7	2.0763879510221628E-6	0.08142313844078042
66	4.348450332491982E-5	5.727659322385392E-7	1.9019535589803738E-6	0.20976325243364102
67	4.884958307238563E-5	2.1684325557380646E-7	2.0398403325350145E-6	0.08139234166559339
68	2.492233359208118E-5	6.166665392770554E-7	1.9132200634874863E-6	0.20915068432706574
69	4.456390966167678E-5	2.1512555126168564E-7	2.0131317722826836E-6	0.08138436184667053
70	3.963107689586298E-5	5.698740745962994E-7	1.968042856459462E-6	0.20922568131655073
71	3.433499883342961E-5	2.1455953358451296E-7	2.014311416553838E-6	0.0813968788128212
72	2.776592810194156E-5	5.897403637655785E-7	1.911205206650557E-6	0.20916092678277154
73	3.1730050378597774E-5	2.1492005286560811E-7	1.947951137282189E-6	0.0814019558152973
74	2.5067483472973606E-5	5.819899011605401E-7	1.710579773828158E-6	0.2090146074667656
75	1.988834033161968E-5	2.128260424560935E-7	2.0229833489482374E-6	0.08140208545120686
76	2.1876348423544023E-5	5.761855643715563E-7	1.5019351559120153E-6	0.20888224068731842
77	1.5296227260042095E-5	2.1324382482035276E-7	2.040698715677358E-6	0.08140123022130719
78	1.620972396165765E-5	5.81943006117136E-7	9.760568064898223E-7	0.20874285459774866
79	1.2392701374097648E-5	2.1735876576389757E-7	2.1789674633510003E-6	0.0813193858419019
80	1.5285496943073795E-5	5.694938594036358E-7	1.3731175001474583E-6	0.20675726862019617
81	1.2058123643465812E-5	2.1233355040894963E-7	1.7697756864443193E-6	0.081305552507271
82	1.1314358596581364E-5	5.569366721136504E-7	1.88801141676187E-6	0.20781893385007089
83	1.261011459807726E-5	2.1448945974889E-7	2.181173849979956E-6	0.08131460041355265
84	1.015149264094184E-5	6.016857688750932E-7	1.6146174752762477E-6	0.20652682322203475
85	9.320314091509907E-6	2.1451251985826758E-7	2.3236485531263895E-6	0.08122509925937327
86	9.165918645082094E-6	5.964559797178026E-7	1.754556475885849E-6	0.20575021350519263
87	6.462743279533889E-6	2.114660837548854E-7	2.2490557820553647E-6	0.08114291269139284
88	7.771968450587252E-6	5.719750993948836E-7	9.69136828343764E-7	0.2053708971491255
89	6.391668707417253E-6	2.1163377827981833E-7	2.2162747050913367E-6	0.08110607813390902
90	6.503369182953023E-6	6.087517260278119E-7	1.1086536247928436E-6	0.20524196384730442
91	5.224074924425892E-6	2.0560990343643226E-7	1.6611569984004149E-6	0.08116286504042025
92	5.497436366463937E-6	5.920828103356257E-7	1.351179474418096E-6	0.20705035236475888
93	4.242884485972098E-6	2.1029936581040687E-7	2.181428071956759E-6	0.08122822211822123
94	4.551428203547481E-6	5.792674974136602E-7	1.8689442328190253E-6	0.20597646317835572
95	3.756689660683321E-6	2.0929414779047306E-7	2.2258452840873133E-6	0.08116185046871938
96	4.164153109220692E-6	6.15947958526597E-7	1.8160809157619084E-6	0.2054424014583699
97	3.338647797557215E-6	2.0417114332538233E-7	2.181254214805861E-6	0.08110792656647159
98	3.872018946249334E-6	5.980157482543547E-7	1.9163693183443797E-6	0.20537567619903552
99	3.2946554713308984E-6	2.0753424034847257E-7	2.25644777285261E-6	0.08108973560132338
100	4.294807155802438E-6	5.912422316178834E-7	1.8111735229364712E-6	0.20534011914859396
