node	subnet
1	0
2	0
3	0
4	0
5	0
6	0
7	0
8	2
9	0
10	0
11	2
12	0
13	1
14	0
15	1
16	2
17	2
18	2
19	2
20	2
21	2
22	1
23	1
24	1
25	2
26	2
27	2
28	1
29	1
30	0
31	1
32	2
33	2
34	2
35	2
36	2
37	1
38	2
39	1
40	1
41	2
42	2
43	2
44	2
45	2
46	2
47	0
48	1
49	2
50	2
51	2
52	2
53	2
54	2
55	2
56	2
57	2
58	2
59	2
60	2
61	2
62	2
63	2
64	2
65	2
66	2
67	2
68	2
69	2
70	2
71	2
72	2
73	2
74	2
75	2
76	2
77	2
78	2
79	2
80	2
81	2
82	2
83	2
84	2
85	2
86	2
87	1
88	2
89	2
90	2
91	2
92	2
93	2
94	2
95	1
96	2
97	2
98	2
99	2
100	2
101	2
102	2
103	0
104	0
105	0
106	0
107	0
108	0
109	0
110	0
111	0
112	0
113	0
114	0
115	0
116	0
117	0
118	0
119	0
120	0
121	0
122	0
123	0
124	0
125	0
126	0
127	0
128	0
129	0
130	0
131	0
132	0
133	0
134	0
135	0
136	0
137	0
138	0
139	0
140	0
141	0
142	0
143	0
144	0
145	0
146	0
147	0
148	0
149	0
150	0
151	0
152	0
153	0
154	0
155	0
156	0
157	0
158	0
159	0
160	0
161	0
162	0
163	0
164	0
165	0
166	0
167	1
168	1
169	1
170	1
171	1
172	1
173	1
174	0
175	0
176	0
177	1
178	0
179	0
180	0
181	0
182	1
183	1
184	0
185	1
186	1
187	1
188	1
189	1
190	1
191	1
192	1
193	1
194	0
195	1
196	1
197	1
198	1
199	1
200	1
201	1
202	1
203	1
204	1
205	1
206	1
207	1
208	0
209	0
210	1
211	1
212	1
213	1
214	1
215	1
216	1
217	1
218	1
219	1
220	1
221	1
222	1
223	1
224	1
225	1
226	1
227	1
228	0
229	1
230	1
231	1
232	1
233	1
234	1
235	1
236	1
237	1
238	1
239	1
240	1
241	1
242	1
243	1
244	1
245	1
246	1
247	1
248	1
249	1
250	1
251	1
252	1
253	1
254	1
255	1
256	1
257	1
258	1
259	1
260	1
261	1
262	1
263	1
264	1
265	1
266	1
267	1
268	1
269	1
270	1
271	1
272	0
273	1
274	1
275	1
276	1
277	1
278	1
279	1
280	1
281	2
282	1
283	1
284	1
285	1
286	1
287	1
288	1
289	1
290	1
291	1
292	1
293	1
294	1
295	1
296	1
297	1
298	1
299	1
300	1
301	1
302	1
303	1
304	1
305	1
306	1
307	1
308	1
309	1
310	1
311	1
312	1
313	2
314	1
315	1
316	1
317	1
318	1
319	1
320	1
321	1
322	1
323	1
324	1
325	1
326	1
327	1
328	1
329	1
330	1
331	1
332	1
333	1
334	1
335	2
336	2
337	1
338	1
339	2
340	1
341	1
342	1
343	1
344	1
345	1
346	1
347	1
348	1
349	1
350	1
351	1
352	1
353	1
354	1
355	1
356	1
357	1
358	1
359	1
360	1
361	1
362	1
363	1
364	2
365	2
366	2
367	2
368	2
369	1
370	1
371	2
372	2
373	2
374	1
375	1
376	1
377	1
378	2
379	2
380	2
381	2
382	2
383	1
384	1
385	1
386	1
387	1
388	1
389	1
390	1
391	1
392	1
393	1
394	1
395	1
396	1
397	1
398	1
399	1
400	1
401	1
402	2
403	2
404	2
405	2
406	2
407	2
408	2
409	2
410	2
411	2
412	1
413	1
414	1
415	1
416	1
417	1
418	2
419	2
420	2
421	2
422	2
423	1
424	1
425	1
426	2
427	2
428	2
429	1
430	2
431	2
432	2
433	2
434	2
435	2
436	2
437	2
438	2
439	2
440	2
441	2
442	2
443	2
444	2
445	2
446	0
447	1
448	2
449	2
450	2
451	2
452	2
453	2
454	2
455	2
456	2
457	2
458	2
459	2
460	2
461	2
462	2
463	2
464	2
465	2
466	2
467	2
468	2
469	2
470	2
471	2
472	2
473	2
474	2
475	2
476	2
477	2
478	2
479	2
480	2
481	2
482	2
483	2
484	2
485	2
486	2
487	2
488	2
489	2
490	2
491	2
492	2
493	2
494	2
495	2
496	2
497	2
498	2
499	2
500	2
501	2
502	2
503	2
504	2
505	2
506	2
507	2
508	2
509	2
510	2
511	2
512	2
513	2
514	2
515	2
516	2
517	2
518	2
519	2
520	2
521	2
522	2
523	2
524	2
525	2
526	2
527	2
528	2
529	2
530	2
531	2
532	2
533	2
534	2
535	2
536	2
537	2
538	2
539	2
540	2
541	2
542	2
543	2
544	2
545	2
546	2
547	2
548	2
549	2
550	2
551	2
552	2
553	2
554	2
555	2
556	2
557	0
558	0
559	0
560	0
561	0
562	1
563	1
564	1
565	1
566	2
567	0
568	0
569	0
570	0
571	0
572	0
573	0
574	0
575	0
576	1
577	3
578	3
579	3
580	3
581	3
582	3
583	3
584	3
585	3
586	3
587	3
588	3
589	3
590	3
591	3
592	1
593	0
594	0
595	0
596	2
597	2
598	0
599	0
600	2
601	2
602	2
603	1
604	2
605	2
606	2
607	0
608	2
609	2
610	2
611	2
612	2
613	0
614	1
615	0
616	0
617	0
618	0
619	0
620	0
621	0
622	0
623	0
624	0
625	0
626	0
627	0
628	0
629	0
630	0
631	0
632	0
633	0
634	0
635	0
636	0
637	0
638	0
639	0
640	0
641	0
642	0
643	0
644	0
645	0
646	0
647	0
648	0
649	0
650	0
651	0
652	0
653	0
654	0
655	0
656	0
657	0
658	0
659	0
660	0
661	0
662	0
663	0
664	1
665	0
666	3
667	3
668	3
669	3
670	3
671	3
672	3
673	3
674	3
675	3
676	3
677	3
678	3
679	3
680	3
681	3
682	3
683	3
684	3
685	3
686	2
687	3
688	3
689	3
690	3
691	3
692	2
693	3
694	3
695	2
696	2
697	2
698	2
699	2
700	3
701	3
702	3
703	3
704	3
705	3
706	3
707	3
708	3
709	3
710	3
711	3
712	3
713	3
714	3
715	3
716	3
717	3
718	3
719	3
720	3
721	3
722	3
723	3
724	3
725	3
726	3
727	3
728	3
729	2
730	3
731	3
732	3
733	3
734	3
735	3
736	3
737	3
738	3
739	3
740	3
741	3
742	3
743	3
744	3
745	3
746	3
747	3
748	3
749	3
750	3
751	3
752	3
753	3
754	3
755	3
756	3
757	3
758	3
759	3
760	3
761	2
762	3
763	2
764	2
765	3
766	3
767	3
768	3
769	3
770	3
771	3
772	3
773	3
774	3
775	3
776	3
777	3
778	3
779	3
780	3
781	3
782	3
783	3
784	3
785	3
786	3
787	3
788	3
789	3
790	3
791	3
792	3
793	3
794	0
795	3
796	3
797	3
798	3
799	3
800	3
801	3
802	3
803	3
804	3
805	3
806	3
807	3
808	3
809	3
810	2
811	3
812	3
813	3
814	3
815	3
816	3
817	3
818	3
819	3
820	3
821	3
822	3
823	3
824	3
825	3
826	3
827	3
828	3
829	3
830	3
831	3
832	3
833	3
834	3
835	3
836	3
837	3
838	3
839	3
840	3
841	3
842	3
843	3
844	3
845	3
846	2
847	2
848	2
849	2
850	0
851	0
852	0
853	0
854	0
855	0
856	0
857	0
858	0
859	0
860	0
861	0
862	0
863	0
864	0
865	0
866	0
867	0
868	0
869	0
870	0
871	0
872	0
873	0
874	0
875	0
876	0
877	0
878	0
879	0
880	0
881	0
882	0
883	0
884	0
885	0
886	0
887	0
888	0
889	0
890	0
891	0
892	3
893	3
894	3
895	3
896	3
897	3
898	3
899	3
900	3
901	3
902	3
903	3
904	3
905	3
906	3
907	3
908	3
909	3
910	3
911	3
912	3
913	3
914	3
915	3
916	3
917	3
918	3
919	3
920	3
921	3
922	3
923	0
924	0
925	0
926	0
927	0
928	0
929	0
930	0
931	0
932	0
933	0
934	0
935	0
936	0
937	0
938	0
939	0
940	0
941	0
942	0
943	0
944	0
945	0
946	0
947	0
948	0
949	0
950	0
951	0
952	0
953	0
954	0
955	0
956	0
957	0
958	0
959	0
960	0
961	0
962	0
963	0
964	0
965	0
966	0
967	0
968	0
969	0
970	0
971	0
972	0
973	0
974	0
975	0
976	0
977	0
978	0
979	0
980	0
981	0
982	0
983	0
984	0
985	0
986	0
987	0
988	0
989	0
990	0
991	0
992	0
993	0
994	0
995	0
996	0
997	0
998	0
999	0
1000	0
1001	0
1002	0
1003	0
1004	0
1005	0
1006	0
1007	0
1008	0
1009	0
1010	0
1011	0
1012	0
1013	0
1014	0
1015	0
1016	0
1017	0
1018	0
1019	0
1020	0
1021	0
1022	0
1023	0
1024	0
1025	0
1026	0
1027	0
1028	0
1029	0
1030	0
1031	0
1032	0
1033	0
1034	0
1035	0
1036	0
1037	0
1038	0
1039	0
1040	0
1041	0
1042	0
1043	3
1044	0
1045	0
1046	0
1047	0
1048	0
1049	0
1050	0
1051	0
1052	0
1053	2
1054	0
1055	0
1056	0
1057	0
1058	0
1059	0
1060	0
1061	0
1062	0
1063	0
1064	0
1065	0
1066	0
1067	0
1068	0
1069	0
1070	0
1071	0
1072	0
1073	0
1074	0
1075	0
1076	0
1077	0
1078	0
1079	0
1080	0
1081	0
1082	0
1083	2
1084	2
1085	1
1086	0
1087	0
1088	0
1089	0
1090	0
1091	0
1092	0
1093	0
1094	3
1095	3
1096	3
1097	3
1098	3
1099	3
1100	3
1101	2
1102	3
1103	3
1104	2
1105	2
1106	3
1107	3
1108	3
1109	3
1110	3
1111	3
1112	2
1113	0
1114	0
1115	0
1116	0
1117	3
1118	2
1119	0
1120	1
1121	1
1122	1
1123	1
1124	1
1125	1
1126	1
1127	1
1128	1
1129	1
1130	1
1131	1
1132	1
1133	1
1134	1
1135	1
1136	1
1137	1
1138	1
1139	0
1140	0
1141	0
1142	0
1143	0
1144	0
1145	0
1146	0
1147	0
1148	0
1149	2
1150	2
1151	2
1152	1
1153	0
1154	1
1155	1
1156	1
1157	1
1158	1
1159	1
1160	1
1161	1
1162	1
1163	1
1164	1
1165	1
1166	1
1167	1
1168	1
1169	1
1170	1
1171	1
1172	1
1173	1
1174	1
1175	1
1176	1
1177	1
1178	1
1179	1
1180	1
1181	0
1182	0
1183	0
1184	0
1185	0
1186	0
1187	0
1188	0
1189	0
1190	0
1191	0
1192	0
1193	0
1194	0
1195	0
1196	0
1197	0
1198	0
1199	0
1200	0
1201	0
1202	0
1203	0
1204	0
1205	0
1206	0
1207	0
1208	0
1209	0
1210	0
1211	0
1212	0
1213	0
1214	0
1215	0
1216	0
1217	0
1218	0
1219	0
1220	0
1221	0
1222	0
1223	0
1224	0
1225	0
1226	0
1227	0
1228	1
1229	1
1230	1
1231	1
1232	1
1233	1
1234	0
1235	1
1236	3
1237	3
1238	3
1239	3
1240	3
1241	3
1242	3
1243	3
1244	3
1245	3
1246	3
1247	2
1248	2
1249	2
1250	2
1251	2
1252	3
1253	3
1254	3
1255	3
1256	3
1257	3
1258	3
1259	3
1260	3
1261	3
1262	3
1263	3
1264	3
1265	3
1266	3
1267	3
1268	3
1269	3
1270	3
1271	3
1272	3
1273	3
1274	3
1275	3
1276	3
1277	3
1278	3
1279	3
1280	3
1281	3
1282	3
1283	3
1284	3
1285	3
1286	3
1287	3
1288	3
1289	3
1290	3
1291	3
1292	2
1293	2
1294	2
1295	2
1296	2
1297	3
1298	3
1299	3
1300	3
1301	3
1302	3
1303	3
1304	3
1305	3
1306	3
1307	3
1308	3
1309	3
1310	3
1311	3
1312	3
1313	3
1314	3
1315	3
1316	3
1317	3
1318	3
1319	3
1320	3
1321	3
1322	3
1323	3
1324	3
1325	3
1326	3
1327	3
1328	3
1329	3
1330	3
1331	3
1332	3
1333	3
1334	3
1335	3
1336	3
1337	3
1338	3
1339	3
1340	3
1341	3
1342	3
1343	3
1344	3
1345	3
1346	3
1347	3
1348	3
1349	3
1350	3
1351	3
1352	3
1353	3
1354	3
1355	3
1356	3
1357	3
1358	3
1359	3
1360	3
1361	3
1362	3
1363	3
1364	3
1365	3
1366	3
1367	3
1368	3
1369	3
1370	3
1371	3
1372	3
1373	3
1374	3
1375	3
1376	3
1377	2
1378	3
1379	3
1380	2
1381	2
1382	2
1383	3
1384	3
1385	3
1386	3
1387	3
1388	3
1389	3
1390	3
1391	3
1392	3
1393	3
1394	3
1395	3
1396	3
1397	3
1398	2
1399	3
1400	2
1401	2
1402	3
1403	3
1404	3
1405	3
1406	3
1407	3
1408	3
1409	3
1410	3
1411	3
1412	3
1413	3
1414	3
1415	3
1416	3
1417	3
1418	3
1419	3
1420	2
1421	2
1422	2
1423	2
1424	2
1425	2
1426	3
1427	3
1428	3
1429	3
1430	3
1431	3
1432	3
1433	3
1434	3
1435	3
1436	3
1437	3
1438	3
1439	3
1440	3
1441	3
1442	3
1443	3
1444	3
1445	3
1446	3
1447	3
1448	3
1449	3
1450	3
1451	3
1452	3
1453	3
1454	3
1455	3
1456	3
1457	3
1458	3
1459	3
1460	3
1461	3
1462	3
1463	3
1464	3
1465	3
1466	3
1467	3
1468	3
1469	3
1470	3
1471	3
1472	3
1473	3
1474	3
1475	3
1476	3
1477	3
1478	3
1479	3
1480	3
1481	3
1482	3
1483	3
1484	3
1485	3
1486	3
1487	3
1488	3
1489	3
1490	3
1491	3
1492	3
1493	3
1494	3
1495	3
1496	3
1497	3
1498	3
1499	3
1500	3
1501	3
1502	3
1503	3
1504	3
1505	3
1506	3
1507	3
1508	3
1509	3
1510	3
1511	3
1512	3
1513	3
1514	3
1515	3
1516	3
1517	3
1518	3
1519	3
1520	3
1521	3
1522	3
1523	3
1524	3
1525	3
1526	3
1527	3
1528	3
1529	3
1530	3
1531	3
1532	3
1533	3
1534	3
1535	3
1536	3
1537	3
1538	3
1539	3
1540	3
1541	3
1542	3
1543	3
1544	3
1545	3
1546	3
1547	3
1548	3
1549	3
1550	3
1551	3
1552	3
1553	3
1554	3
1555	3
1556	3
1557	3
1558	3
1559	3
1560	3
1561	3
1562	3
1563	3
1564	3
1565	3
1566	3
1567	3
1568	3
1569	3
1570	3
1571	3
1572	3
1573	3
1574	3
1575	3
1576	3
1577	3
1578	3
1579	3
1580	3
1581	3
1582	3
1583	3
1584	3
1585	3
1586	3
1587	3
1588	3
1589	3
1590	3
1591	3
1592	3
1593	3
1594	3
1595	3
1596	3
1597	3
1598	3
1599	3
1600	3
1601	3
1602	3
1603	3
1604	3
1605	3
1606	3
1607	3
1608	3
1609	3
1610	3
1611	3
1612	3
1613	3
1614	3
1615	3
1616	3
1617	3
1618	3
1619	3
1620	3
1621	3
1622	3
1623	3
1624	3
1625	3
1626	3
1627	3
1628	3
1629	3
1630	3
1631	3
1632	3
1633	3
1634	3
1635	3
1636	3
1637	3
1638	3
1639	3
1640	3
1641	3
1642	3
1643	3
1644	3
1645	3
1646	3
1647	3
1648	3
1649	3
1650	3
1651	3
1652	3
1653	3
1654	3
1655	3
1656	3
1657	3
1658	3
1659	3
1660	3
1661	3
1662	3
1663	3
1664	3
1665	3
1666	3
1667	3
1668	3
1669	3
1670	3
1671	3
1672	3
1673	3
1674	3
1675	3
1676	3
1677	3
1678	3
1679	3
1680	3
1681	3
1682	3
1683	3
1684	3
1685	3
1686	3
1687	3
1688	3
1689	3
1690	3
1691	3
1692	3
1693	3
1694	2
1695	2
1696	3
1697	3
1698	3
1699	3
1700	3
1701	3
1702	2
1703	2
1704	2
1705	2
1706	2
1707	2
1708	2
1709	2
1710	2
1711	2
1712	2
1713	2
1714	2
1715	2
1716	2
1717	2
1718	2
1719	2
1720	2
1721	2
1722	2
1723	2
1724	2
1725	2
1726	2
1727	2
1728	2
1729	2
1730	2
1731	2
1732	2
1733	2
1734	2
1735	2
1736	1
1737	1
1738	1
1739	1
1740	1
1741	1
1742	3
1743	3
1744	3
1745	2
1746	2
1747	2
1748	2
1749	2
1750	2
1751	2
1752	2
1753	2
1754	2
1755	2
1756	2
1757	2
1758	2
1759	2
1760	2
1761	2
1762	2
1763	2
1764	2
1765	2
1766	2
1767	2
1768	2
1769	2
1770	2
1771	2
1772	2
1773	2
1774	2
1775	2
1776	2
1777	2
1778	2
1779	2
1780	2
1781	2
1782	2
1783	2
1784	2
1785	2
1786	2
1787	2
1788	2
1789	2
1790	1
1791	1
1792	1
1793	1
1794	2
1795	1
1796	1
1797	1
1798	1
1799	2
1800	2
1801	2
1802	2
1803	2
1804	3
1805	3
1806	3
1807	3
1808	3
1809	3
1810	3
1811	3
1812	3
1813	3
1814	3
1815	3
1816	3
1817	3
1818	3
1819	3
1820	3
1821	3
1822	3
1823	3
1824	3
1825	3
1826	3
1827	3
1828	3
1829	3
1830	3
1831	3
1832	3
1833	3
1834	3
1835	3
1836	3
1837	3
1838	3
1839	3
1840	3
1841	3
1842	3
1843	3
1844	3
1845	3
1846	3
1847	3
1848	3
1849	3
1850	3
1851	3
1852	3
1853	3
1854	3
1855	3
1856	3
1857	3
1858	3
1859	3
1860	3
1861	3
1862	3
1863	3
1864	3
1865	3
1866	3
1867	3
1868	3
1869	3
1870	3
1871	3
1872	3
1873	3
1874	3
1875	3
1876	3
1877	3
1878	3
1879	3
1880	3
1881	3
1882	3
1883	3
1884	3
1885	3
1886	3
1887	3
1888	3
1889	3
1890	3
1891	3
1892	3
1893	3
1894	3
1895	3
1896	3
1897	3
1898	3
1899	3
1900	3
1901	3
1902	3
1903	3
1904	3
1905	3
1906	3
1907	3
1908	3
1909	3
1910	3
1911	3
1912	3
1913	3
1914	3
1915	3
1916	3
1917	3
1918	3
1919	3
1920	3
1921	3
1922	3
1923	3
1924	3
1925	3
1926	3
1927	3
1928	3
1929	3
1930	3
1931	3
1932	3
1933	3
1934	3
1935	3
1936	3
1937	3
1938	3
1939	3
1940	3
1941	3
1942	3
1943	3
1944	3
1945	3
1946	3
1947	3
1948	3
1949	3
1950	3
1951	3
1952	3
1953	3
1954	3
1955	3
1956	3
1957	3
1958	3
1959	3
1960	3
1961	3
1962	3
1963	3
1964	3
1965	3
1966	3
1967	3
1968	3
1969	3
1970	3
1971	3
1972	3
1973	3
1974	3
1975	3
1976	3
1977	3
1978	3
1979	3
1980	3
1981	3
1982	3
1983	3
1984	3
1985	3
1986	3
1987	3
1988	3
1989	3
1990	3
1991	3
1992	3
1993	3
1994	3
1995	3
1996	3
1997	3
1998	3
1999	3
2000	3
2001	3
2002	3
2003	3
2004	3
2005	3
2006	3
2007	3
2008	3
2009	3
2010	3
2011	3
2012	3
2013	3
2014	3
2015	3
2016	3
2017	3
2018	3
2019	3
2020	3
2021	3
2022	3
2023	3
2024	3
2025	3
2026	3
2027	3
2028	3
2029	3
2030	3
2031	3
2032	3
2033	3
2034	3
2035	3
2036	3
2037	3
2038	3
2039	3
2040	3
2041	3
2042	3
2043	3
2044	3
2045	3
2046	3
2047	3
2048	3
2049	3
2050	3
2051	3
2052	3
2053	3
2054	3
2055	3
2056	3
2057	3
2058	3
2059	3
2060	3
2061	3
2062	3
2063	3
2064	3
2065	3
2066	3
2067	3
2068	3
2069	3
2070	3
2071	3
2072	3
2073	3
2074	3
2075	3
2076	3
2077	3
2078	3
2079	3
2080	3
2081	3
2082	3
2083	3
2084	3
2085	3
2086	3
2087	3
2088	3
2089	3
2090	3
2091	3
2092	3
2093	3
2094	3
2095	3
2096	3
2097	3
2098	3
2099	3
2100	3
2101	3
2102	3
2103	3
2104	3
2105	2
2106	2
2107	3
2108	3
2109	3
2110	3
2111	3
2112	3
2113	3
2114	3
2115	3
2116	3
2117	3
2118	3
2119	3
2120	3
2121	3
2122	3
2123	3
2124	3
2125	3
2126	3
2127	3
2128	3
2129	3
2130	3
2131	3
2132	3
2133	3
2134	3
2135	3
2136	3
2137	3
2138	3
2139	3
2140	3
2141	3
2142	3
2143	3
2144	3
2145	3
2146	3
2147	3
2148	3
2149	3
2150	3
2151	3
2152	3
2153	3
2154	3
2155	3
2156	3
2157	3
2158	3
2159	3
2160	3
2161	3
2162	3
2163	3
2164	3
2165	3
2166	2
2167	2
2168	2
2169	2
2170	2
2171	3
2172	2
2173	2
2174	2
2175	2
2176	2
2177	2
2178	2
2179	2
2180	2
2181	2
2182	3
2183	3
2184	3
2185	3
2186	3
2187	3
2188	3
2189	2
2190	2
2191	2
2192	2
2193	2
2194	2
2195	2
2196	2
2197	2
2198	2
2199	2
2200	2
2201	2
2202	2
2203	2
2204	2
2205	2
2206	2
2207	2
2208	2
2209	2
2210	2
2211	2
2212	2
2213	2
2214	2
2215	2
2216	2
2217	2
2218	2
2219	2
2220	2
2221	2
2222	2
2223	2
2224	2
2225	2
2226	2
2227	2
2228	2
2229	2
2230	1
2231	2
2232	2
2233	2
2234	2
2235	2
2236	2
2237	2
2238	2
2239	2
2240	2
2241	2
2242	2
2243	2
2244	2
2245	2
2246	2
2247	2
2248	2
2249	2
2250	2
2251	2
2252	2
2253	2
2254	2
2255	2
2256	2
2257	2
2258	2
2259	2
2260	2
2261	2
2262	2
2263	2
2264	2
2265	2
2266	2
2267	2
2268	2
2269	2
2270	2
2271	2
2272	2
2273	2
2274	2
2275	2
2276	2
2277	2
2278	2
2279	2
2280	2
2281	2
2282	2
2283	2
2284	2
2285	2
2286	2
2287	2
2288	2
2289	2
2290	2
2291	2
2292	2
2293	2
2294	2
2295	2
2296	2
2297	2
2298	2
2299	2
2300	2
2301	2
2302	2
2303	2
2304	2
2305	2
2306	2
2307	2
2308	2
2309	2
2310	2
2311	2
2312	2
2313	2
2314	2
2315	2
2316	2
2317	2
2318	2
2319	2
2320	2
2321	2
2322	2
2323	2
2324	2
2325	2
2326	2
2327	2
2328	2
2329	2
2330	2
2331	2
2332	2
2333	2
2334	2
2335	2
2336	2
2337	2
2338	2
2339	2
2340	2
2341	2
2342	2
2343	2
2344	2
2345	2
2346	2
2347	2
2348	2
2349	2
2350	2
2351	2
2352	2
2353	2
2354	2
2355	2
2356	2
2357	2
2358	2
2359	2
2360	2
2361	2
2362	2
2363	2
2364	2
2365	2
2366	2
2367	2
2368	2
2369	2
2370	2
2371	2
2372	2
2373	2
2374	2
2375	2
2376	2
2377	2
2378	2
2379	2
2380	2
2381	2
2382	2
2383	2
2384	2
2385	2
2386	2
2387	2
2388	2
2389	2
2390	2
2391	2
2392	2
2393	2
2394	2
2395	2
2396	2
2397	2
2398	2
2399	2
2400	2
2401	2
2402	2
2403	2
2404	2
2405	2
2406	2
2407	2
2408	2
2409	2
2410	2
2411	2
2412	2
2413	2
2414	2
2415	2
2416	2
2417	2
2418	2
2419	2
2420	2
2421	2
2422	2
2423	2
2424	2
2425	2
2426	2
2427	2
2428	2
2429	2
2430	2
2431	2
2432	2
2433	2
2434	2
2435	2
2436	2
2437	2
2438	2
2439	2
2440	2
2441	2
2442	2
2443	2
2444	2
2445	2
2446	2
2447	2
2448	2
2449	2
2450	2
2451	2
2452	2
2453	2
2454	2
2455	2
2456	2
2457	2
2458	2
2459	2
2460	2
2461	2
2462	2
2463	2
2464	2
2465	2
2466	2
2467	2
2468	2
2469	2
2470	2
2471	2
2472	2
2473	2
2474	2
2475	2
2476	2
2477	2
2478	2
2479	2
2480	2
2481	2
2482	2
2483	2
2484	2
2485	2
2486	2
2487	2
2488	2
2489	2
2490	2
2491	2
2492	2
2493	2
2494	2
2495	2
2496	2
2497	2
2498	2
2499	2
2500	2
2501	2
2502	2
2503	2
2504	2
2505	2
2506	2
2507	2
2508	2
2509	2
2510	2
2511	2
2512	2
2513	2
2514	2
2515	2
2516	2
2517	2
2518	2
2519	2
2520	2
2521	2
2522	2
2523	2
2524	2
2525	2
2526	2
2527	2
2528	2
2529	2
2530	2
2531	2
2532	2
2533	2
2534	2
2535	2
2536	2
2537	2
2538	2
2539	2
2540	2
2541	2
2542	2
2543	2
2544	2
2545	2
2546	2
2547	2
2548	2
2549	2
2550	2
2551	2
2552	2
2553	2
2554	2
2555	2
2556	2
2557	2
2558	2
2559	2
2560	2
2561	2
2562	2
2563	2
2564	2
2565	2
2566	2
2567	2
2568	2
2569	2
2570	2
2571	2
2572	2
2573	2
2574	2
2575	2
2576	2
2577	2
2578	2
2579	2
2580	2
2581	2
2582	2
2583	2
2584	2
2585	2
2586	2
2587	2
2588	2
2589	2
2590	2
2591	2
2592	2
2593	2
2594	2
2595	2
2596	2
2597	2
2598	2
2599	2
2600	2
2601	2
2602	2
2603	2
2604	2
2605	2
2606	2
2607	2
2608	1
2609	1
2610	1
2611	1
2612	1
2613	2
2614	2
2615	1
2616	2
2617	2
2618	1
2619	2
2620	1
2621	1
2622	1
2623	1
2624	1
2625	1
2626	2
2627	2
2628	2
2629	2
2630	2
2631	2
2632	2
2633	1
2634	2
2635	2
2636	2
2637	2
2638	1
2639	2
2640	2
2641	2
2642	2
2643	2
2644	2
2645	2
2646	2
2647	2
2648	2
2649	2
2650	2
2651	2
2652	2
2653	2
2654	2
2655	2
2656	2
2657	2
2658	2
2659	2
2660	2
2661	2
2662	2
2663	2
2664	1
2665	1
2666	1
2667	1
2668	1
2669	1
2670	1
2671	1
2672	1
2673	1
2674	1
2675	1
2676	1
2677	1
2678	1
2679	1
2680	1
2681	1
2682	1
2683	1
2684	1
2685	1
2686	1
2687	1
2688	1
2689	3
2690	3
2691	2
2692	2
2693	2
2694	2
2695	2
2696	2
2697	3
2698	3
2699	2
2700	2
2701	2
2702	2
2703	2
2704	2
2705	2
2706	2
2707	2
2708	2
2709	2
2710	2
2711	2
2712	2
2713	2
2714	3
2715	3
2716	2
2717	2
2718	3
2719	2
2720	2
2721	2
2722	2
2723	2
2724	2
2725	2
2726	2
2727	2
2728	2
2729	2
2730	2
2731	2
2732	2
2733	2
2734	2
2735	2
2736	2
2737	2
2738	2
2739	2
2740	2
2741	2
2742	2
2743	2
2744	2
2745	2
2746	2
2747	2
2748	2
2749	2
2750	2
2751	2
2752	2
2753	2
2754	2
2755	2
2756	2
2757	2
2758	2
2759	1
2760	1
2761	1
2762	1
2763	1
2764	1
2765	1
2766	1
2767	1
2768	2
2769	1
2770	1
2771	2
2772	2
2773	2
2774	2
2775	2
2776	1
2777	1
2778	1
2779	1
2780	1
2781	1
2782	1
2783	1
2784	1
2785	1
2786	1
2787	1
2788	1
2789	1
2790	1
2791	1
2792	1
2793	1
2794	1
2795	1
2796	1
2797	1
2798	1
2799	1
2800	1
2801	1
2802	1
2803	1
2804	1
2805	1
2806	1
2807	1
2808	1
2809	1
2810	2
2811	2
2812	2
2813	2
2814	1
2815	1
2816	1
2817	1
2818	1
2819	1
2820	1
2821	1
2822	1
2823	1
2824	1
2825	1
2826	1
2827	1
2828	1
2829	1
2830	1
2831	1
2832	1
2833	1
2834	1
2835	1
2836	1
2837	1
2838	1
2839	2
2840	2
2841	1
2842	1
2843	1
2844	2
2845	2
2846	2
2847	2
2848	2
2849	2
2850	2
2851	2
2852	2
2853	2
2854	2
2855	2
2856	2
2857	2
2858	2
2859	2
2860	2
2861	2
2862	2
2863	2
2864	2
2865	2
2866	2
2867	2
2868	2
2869	2
2870	2
2871	2
2872	2
2873	2
2874	2
2875	2
2876	2
2877	2
2878	1
2879	1
2880	1
2881	2
2882	2
2883	2
2884	2
2885	2
2886	2
2887	2
2888	1
2889	1
2890	1
2891	2
2892	2
2893	2
2894	2
2895	2
2896	2
2897	2
2898	2
2899	2
2900	2
2901	2
2902	2
2903	2
2904	2
2905	2
2906	2
2907	2
2908	2
2909	2
2910	2
2911	2
2912	2
2913	2
2914	2
2915	2
2916	2
2917	2
2918	2
2919	2
2920	2
2921	2
2922	2
2923	2
2924	2
2925	2
2926	2
2927	2
2928	2
2929	2
2930	2
2931	2
2932	2
2933	2
2934	2
2935	2
2936	2
2937	2
2938	2
2939	2
2940	2
2941	2
2942	2
2943	2
2944	2
2945	2
2946	2
2947	2
2948	2
2949	2
2950	2
2951	2
2952	2
2953	2
2954	2
2955	2
2956	2
2957	2
2958	2
2959	2
2960	2
2961	2
2962	2
2963	2
2964	2
2965	2
2966	2
2967	2
2968	2
2969	2
2970	2
2971	2
2972	2
2973	2
2974	2
2975	2
2976	2
2977	2
2978	2
2979	2
2980	2
2981	2
2982	2
2983	2
2984	2
2985	2
2986	2
2987	2
2988	2
2989	2
2990	2
2991	2
2992	2
2993	2
2994	2
2995	2
2996	2
2997	2
2998	2
2999	2
3000	2
3001	2
3002	2
3003	2
3004	2
3005	2
3006	2
3007	2
3008	2
3009	2
3010	2
3011	2
3012	2
3013	2
3014	2
3015	2
3016	2
3017	2
3018	2
3019	2
3020	2
3021	2
3022	2
3023	2
3024	2
3025	1
3026	1
3027	2
3028	2
3029	2
3030	2
3031	2
3032	2
3033	2
3034	2
3035	2
3036	2
3037	2
3038	2
3039	2
3040	2
3041	2
3042	2
3043	2
3044	2
3045	2
3046	2
3047	2
3048	2
3049	2
3050	2
3051	2
3052	2
3053	2
3054	2
3055	2
3056	2
3057	2
3058	2
3059	2
3060	2
3061	2
3062	2
3063	2
3064	2
3065	2
3066	2
3067	2
3068	2
3069	2
3070	2
3071	2
3072	2
3073	2
3074	2
3075	2
3076	2
3077	2
3078	2
3079	2
3080	2
3081	2
3082	2
3083	2
3084	2
3085	2
3086	2
3087	2
3088	2
3089	2
3090	2
3091	2
3092	2
3093	2
3094	2
3095	2
3096	2
3097	2
3098	2
3099	2
3100	2
3101	2
3102	2
3103	2
3104	2
3105	2
3106	2
3107	2
3108	2
3109	2
3110	2
3111	2
3112	2
3113	2
3114	2
3115	2
3116	2
3117	2
3118	2
3119	2
3120	2
3121	2
3122	2
3123	2
3124	2
3125	2
3126	2
3127	2
3128	2
3129	2
3130	2
3131	2
3132	2
3133	2
3134	2
3135	2
3136	2
3137	2
3138	2
3139	2
3140	2
3141	2
3142	2
3143	2
3144	2
3145	2
3146	2
3147	2
3148	2
3149	2
3150	2
3151	2
3152	2
3153	2
3154	2
3155	2
3156	2
3157	2
3158	2
3159	2
3160	2
3161	2
3162	2
3163	2
3164	2
3165	2
3166	2
3167	2
3168	2
3169	2
3170	1
3171	2
3172	2
3173	2
3174	2
3175	2
3176	2
3177	2
3178	2
3179	2
3180	2
3181	2
3182	2
3183	2
3184	2
3185	2
3186	2
3187	2
3188	2
3189	2
3190	2
3191	2
3192	2
3193	2
3194	2
3195	2
3196	2
3197	2
3198	2
3199	2
3200	2
3201	2
3202	2
3203	2
3204	2
3205	2
3206	2
3207	2
3208	2
3209	2
3210	2
3211	2
3212	2
3213	2
3214	2
3215	2
3216	2
3217	2
3218	2
3219	2
3220	2
3221	2
3222	2
3223	2
3224	2
3225	2
3226	2
3227	2
3228	2
3229	2
3230	2
3231	2
3232	2
3233	2
3234	2
3235	2
3236	2
3237	2
3238	2
3239	2
3240	2
3241	2
3242	2
3243	2
3244	2
3245	2
3246	2
3247	2
3248	2
3249	2
3250	2
3251	2
3252	2
3253	2
3254	2
3255	2
3256	2
3257	2
3258	2
3259	2
3260	1
3261	1
3262	1
3263	1
3264	1
3265	1
3266	1
3267	1
3268	1
3269	2
3270	2
3271	2
3272	2
3273	2
3274	2
3275	2
3276	2
3277	2
3278	2
3279	2
3280	2
3281	2
3282	2
3283	2
3284	2
3285	2
3286	2
3287	2
3288	2
3289	2
3290	2
3291	2
3292	2
3293	2
3294	2
3295	2
3296	2
3297	2
3298	2
3299	2
3300	2
3301	2
3302	2
3303	2
3304	2
3305	2
3306	2
3307	2
3308	1
3309	1
3310	2
3311	2
3312	2
3313	2
3314	2
3315	1
3316	1
3317	1
3318	1
3319	1
3320	1
3321	2
3322	2
3323	2
3324	2
3325	2
3326	2
3327	2
3328	2
3329	2
3330	2
3331	2
3332	2
3333	2
3334	2
3335	2
3336	2
3337	2
3338	1
3339	1
3340	1
3341	2
3342	2
3343	2
3344	2
3345	2
3346	2
3347	2
3348	2
3349	2
3350	2
3351	2
3352	2
3353	2
3354	1
3355	1
3356	1
3357	1
3358	1
3359	1
3360	1
3361	1
3362	1
3363	1
3364	1
3365	2
3366	2
3367	2
3368	2
3369	2
3370	2
3371	2
3372	2
3373	2
3374	1
3375	1
3376	1
3377	1
3378	1
3379	1
3380	1
3381	1
3382	1
3383	1
3384	1
3385	2
3386	2
3387	2
3388	1
3389	1
3390	2
3391	2
3392	2
3393	2
3394	2
3395	2
3396	2
3397	2
3398	2
3399	2
3400	2
3401	2
3402	2
3403	2
3404	2
3405	1
3406	2
3407	2
3408	2
3409	2
3410	2
3411	2
3412	2
3413	2
3414	2
3415	2
3416	2
3417	2
3418	2
3419	2
3420	2
3421	2
3422	2
3423	2
3424	2
3425	2
3426	2
3427	2
3428	2
3429	2
3430	2
3431	2
3432	2
3433	2
3434	2
3435	2
3436	2
3437	2
3438	2
3439	2
3440	2
3441	2
3442	2
3443	2
3444	2
3445	2
3446	2
3447	2
3448	2
3449	2
3450	2
3451	2
3452	2
3453	2
3454	2
3455	2
3456	2
3457	2
3458	2
3459	1
3460	2
3461	1
3462	1
3463	1
3464	1
3465	1
3466	2
3467	2
3468	2
3469	1
3470	2
3471	2
3472	2
3473	2
3474	2
3475	2
3476	2
3477	1
3478	1
3479	1
3480	1
3481	1
3482	1
3483	1
3484	1
3485	2
3486	2
3487	2
3488	2
3489	2
3490	2
3491	2
3492	1
3493	1
3494	1
3495	1
3496	1
3497	1
3498	1
3499	2
3500	2
3501	2
3502	2
3503	1
3504	1
3505	1
3506	1
3507	1
3508	1
3509	1
3510	1
3511	1
3512	1
3513	1
3514	1
3515	1
3516	1
3517	1
3518	1
3519	1
3520	1
3521	1
3522	1
3523	1
3524	1
3525	1
3526	1
3527	1
3528	1
3529	1
3530	1
3531	1
3532	1
3533	1
3534	1
3535	1
3536	1
3537	1
3538	1
3539	1
3540	1
3541	1
3542	1
3543	1
3544	1
3545	1
3546	1
3547	1
3548	1
3549	1
3550	1
3551	1
3552	1
3553	1
3554	1
3555	1
3556	1
3557	1
3558	1
3559	1
3560	1
3561	1
3562	1
3563	1
3564	1
3565	1
3566	1
3567	1
3568	1
3569	1
3570	1
3571	1
3572	1
3573	1
3574	1
3575	1
3576	1
3577	1
3578	1
3579	1
3580	1
3581	1
3582	1
3583	1
3584	1
3585	1
3586	1
3587	1
3588	1
3589	1
3590	1
3591	1
3592	1
3593	1
3594	1
3595	1
3596	1
3597	1
3598	1
3599	1
3600	1
3601	1
3602	1
3603	1
3604	1
3605	1
3606	1
3607	1
3608	1
3609	1
3610	1
3611	1
3612	1
3613	1
3614	1
3615	1
3616	1
3617	1
3618	1
3619	1
3620	1
3621	1
3622	1
3623	1
3624	1
3625	1
3626	1
3627	1
3628	1
3629	1
3630	1
3631	1
3632	1
3633	1
3634	1
3635	1
3636	1
3637	1
3638	1
3639	1
3640	1
3641	1
3642	1
3643	1
3644	1
3645	1
3646	1
3647	1
3648	1
3649	1
3650	1
3651	1
3652	1
3653	1
3654	1
3655	1
3656	1
3657	1
3658	1
3659	1
3660	1
3661	1
3662	1
3663	1
3664	1
3665	1
3666	1
3667	1
3668	2
3669	1
3670	1
3671	1
3672	1
3673	1
3674	1
3675	1
3676	1
3677	1
3678	1
3679	1
3680	1
3681	1
3682	1
3683	1
3684	1
3685	1
3686	1
3687	1
3688	1
3689	1
3690	1
3691	1
3692	1
3693	1
3694	1
3695	2
3696	2
3697	1
3698	1
3699	1
3700	1
3701	1
3702	1
3703	1
3704	1
3705	1
3706	1
3707	1
3708	1
3709	1
3710	1
3711	1
3712	1
3713	1
3714	1
3715	1
3716	1
3717	1
3718	1
3719	1
3720	1
3721	1
3722	1
3723	1
3724	1
3725	1
3726	1
3727	1
3728	1
3729	1
3730	1
3731	1
3732	1
3733	1
3734	1
3735	1
3736	1
3737	1
3738	1
3739	1
3740	1
3741	1
3742	1
3743	1
3744	1
3745	1
3746	1
3747	1
3748	1
3749	1
3750	1
3751	1
3752	1
3753	1
3754	1
3755	1
3756	1
3757	1
3758	1
3759	1
3760	1
3761	1
3762	1
3763	1
3764	1
3765	1
3766	1
3767	1
3768	1
3769	1
3770	1
3771	1
3772	1
3773	1
3774	1
3775	1
3776	1
3777	1
3778	1
3779	1
3780	1
3781	1
3782	1
3783	1
3784	1
3785	1
3786	1
3787	1
3788	1
3789	1
3790	1
3791	1
3792	1
3793	1
3794	1
3795	1
3796	1
3797	1
3798	1
3799	1
3800	1
3801	1
3802	1
3803	1
3804	1
3805	1
3806	1
3807	1
3808	1
3809	1
3810	1
3811	1
3812	1
3813	1
3814	1
3815	1
3816	1
3817	1
3818	1
3819	1
3820	1
3821	1
3822	1
3823	1
3824	1
3825	1
3826	1
3827	1
3828	1
3829	1
3830	1
3831	1
3832	1
3833	1
3834	1
3835	1
3836	1
3837	1
3838	1
3839	1
3840	1
3841	1
3842	1
3843	1
3844	1
3845	1
3846	1
3847	1
3848	1
3849	1
3850	1
3851	1
3852	1
3853	1
3854	1
3855	1
3856	1
3857	1
3858	1
3859	1
3860	1
3861	1
3862	1
3863	1
3864	1
3865	1
3866	1
3867	1
3868	1
3869	1
3870	1
3871	1
3872	1
3873	1
3874	1
3875	1
3876	1
3877	1
3878	1
3879	1
3880	1
3881	1
3882	1
3883	1
3884	1
3885	1
3886	1
3887	1
3888	1
3889	1
3890	1
3891	1
3892	1
3893	1
3894	1
3895	1
3896	1
3897	1
3898	1
3899	1
3900	1
3901	1
3902	1
3903	1
3904	1
3905	1
3906	1
3907	1
3908	1
3909	1
3910	1
3911	1
3912	1
3913	1
3914	1
3915	1
3916	1
3917	1
3918	1
3919	1
3920	1
3921	1
3922	1
3923	1
3924	1
3925	1
3926	1
3927	1
3928	1
3929	1
3930	1
3931	1
3932	1
3933	1
3934	1
3935	1
3936	1
3937	1
3938	1
3939	1
3940	1
3941	1
3942	1
3943	1
3944	1
3945	1
3946	1
3947	1
3948	1
3949	1
3950	1
3951	1
3952	1
3953	1
3954	1
3955	1
3956	1
3957	1
3958	1
3959	1
3960	1
3961	1
3962	1
3963	1
3964	1
3965	1
3966	1
3967	1
3968	1
3969	1
3970	1
3971	1
3972	1
3973	1
3974	1
3975	1
3976	1
3977	1
3978	1
3979	1
3980	1
3981	1
3982	1
3983	1
3984	1
3985	1
3986	1
3987	1
3988	1
3989	1
3990	1
3991	1
3992	1
3993	1
3994	1
3995	1
3996	1
3997	1
3998	1
3999	1
4000	1
4001	1
4002	1
4003	1
4004	1
4005	1
4006	1
4007	1
4008	1
4009	1
4010	1
4011	1
4012	1
4013	1
4014	1
4015	1
4016	1
4017	1
4018	1
4019	1
4020	1
4021	1
4022	1
4023	1
4024	1
4025	1
4026	1
4027	1
4028	1
4029	1
4030	1
4031	1
4032	1
4033	1
4034	1
4035	1
4036	1
4037	1
4038	1
4039	1
4040	1
4041	1
4042	1
4043	1
4044	1
4045	1
4046	1
4047	1
4048	1
4049	1
4050	1
4051	1
4052	1
4053	1
4054	1
4055	1
4056	1
4057	1
4058	1
4059	1
4060	1
4061	1
4062	1
4063	1
4064	1
4065	1
4066	1
4067	1
4068	1
4069	1
4070	1
4071	1
4072	1
4073	1
4074	1
4075	1
4076	1
4077	1
4078	1
4079	1
4080	1
4081	1
4082	1
4083	1
4084	1
4085	1
4086	1
4087	1
4088	1
4089	1
4090	1
4091	1
4092	1
4093	1
4094	1
4095	1
4096	1
4097	1
4098	1
4099	1
4100	1
4101	1
4102	1
4103	1
4104	1
4105	1
4106	1
4107	1
4108	1
4109	1
4110	1
4111	1
4112	1
4113	1
4114	1
4115	1
4116	1
4117	1
4118	1
4119	1
4120	1
4121	1
4122	1
4123	1
4124	1
4125	1
4126	1
4127	1
4128	1
4129	1
4130	1
4131	1
4132	1
4133	1
4134	1
4135	1
4136	1
4137	1
4138	1
4139	1
4140	1
4141	1
4142	1
4143	1
4144	1
4145	1
4146	1
4147	1
4148	1
4149	1
4150	1
4151	1
4152	1
4153	1
4154	1
4155	1
4156	1
4157	1
4158	1
4159	1
4160	1
4161	1
4162	1
4163	1
4164	1
4165	1
4166	1
4167	1
4168	1
4169	1
4170	1
4171	1
4172	1
4173	1
4174	1
4175	1
4176	1
4177	1
4178	1
4179	1
4180	1
4181	1
4182	1
4183	1
4184	1
4185	1
4186	1
4187	1
4188	1
4189	1
4190	1
4191	1
4192	1
4193	1
4194	1
4195	1
4196	1
4197	1
4198	1
4199	1
4200	1
4201	1
4202	1
4203	1
4204	1
4205	1
4206	1
4207	1
4208	1
4209	1
4210	1
4211	1
4212	1
4213	1
4214	1
4215	1
4216	1
4217	1
4218	1
4219	1
4220	1
4221	1
4222	1
4223	1
4224	1
4225	1
4226	1
4227	1
4228	1
4229	1
4230	1
4231	1
4232	1
4233	1
4234	1
4235	1
4236	1
4237	1
4238	1
4239	1
4240	1
4241	1
4242	1
4243	1
4244	1
4245	1
4246	1
4247	1
4248	1
4249	1
4250	1
4251	1
4252	1
4253	1
4254	1
4255	1
4256	1
4257	1
4258	1
4259	1
4260	1
4261	1
4262	1
4263	1
4264	1
4265	1
4266	1
4267	1
4268	1
4269	1
4270	1
4271	1
4272	1
4273	1
4274	1
4275	1
4276	1
4277	1
4278	1
4279	1
4280	1
4281	1
4282	1
4283	1
4284	1
4285	1
4286	1
4287	1
4288	1
4289	1
4290	1
4291	1
4292	1
4293	1
4294	1
4295	1
4296	1
4297	1
4298	1
4299	1
4300	1
4301	1
4302	1
4303	1
4304	1
4305	1
4306	1
4307	1
4308	1
4309	1
4310	1
4311	1
4312	1
4313	1
4314	1
4315	1
4316	1
4317	1
4318	1
4319	1
4320	1
4321	1
4322	1
4323	1
4324	1
4325	1
4326	1
4327	1
4328	1
4329	1
4330	1
4331	1
4332	1
4333	1
4334	1
4335	1
4336	1
4337	1
4338	1
4339	1
4340	1
4341	1
4342	1
4343	1
4344	1
4345	1
4346	1
4347	1
4348	1
4349	1
4350	1
4351	1
4352	1
4353	1
4354	1
4355	1
4356	1
4357	1
4358	1
4359	1
4360	1
4361	1
4362	1
4363	1
4364	1
4365	1
4366	1
4367	1
4368	1
4369	1
4370	1
4371	1
4372	1
4373	1
4374	1
4375	1
4376	1
4377	1
4378	1
4379	1
4380	1
4381	1
4382	1
4383	1
4384	1
4385	1
4386	1
4387	1
4388	1
4389	1
4390	1
4391	1
4392	1
4393	1
4394	1
4395	1
4396	1
4397	1
4398	1
4399	1
4400	1
4401	1
4402	1
4403	1
4404	1
4405	1
4406	1
4407	1
4408	1
4409	1
4410	1
4411	1
4412	1
4413	1
4414	1
4415	1
4416	1
4417	1
4418	1
4419	1
4420	1
4421	1
4422	1
4423	1
4424	1
4425	1
4426	1
4427	1
4428	1
4429	1
4430	1
4431	1
4432	1
4433	1
4434	1
4435	1
4436	1
4437	1
4438	1
4439	1
4440	1
4441	1
4442	1
4443	1
4444	1
4445	1
4446	1
4447	1
4448	1
4449	1
4450	1
4451	1
4452	1
4453	1
4454	1
4455	1
4456	1
4457	1
4458	1
4459	1
4460	1
4461	1
4462	1
4463	1
4464	1
4465	1
4466	1
4467	1
4468	1
4469	1
4470	1
4471	1
4472	1
4473	1
4474	1
4475	1
4476	1
4477	1
4478	1
4479	1
4480	1
4481	1
4482	2
4483	1
4484	1
4485	1
4486	2
4487	2
4488	2
4489	2
4490	1
4491	1
4492	1
4493	1
4494	1
4495	1
4496	1
4497	1
4498	1
4499	1
4500	1
4501	1
4502	1
4503	0
4504	0
4505	0
4506	0
4507	0
4508	0
4509	0
4510	0
4511	1
4512	1
4513	1
4514	1
4515	1
4516	1
4517	1
4518	1
4519	1
4520	1
4521	1
4522	1
4523	1
4524	1
4525	1
4526	0
4527	0
4528	1
4529	1
4530	1
4531	1
4532	1
4533	1
4534	1
4535	1
4536	0
4537	1
4538	0
4539	0
4540	0
4541	0
4542	0
4543	0
4544	0
4545	0
4546	0
4547	0
4548	0
4549	0
4550	0
4551	0
4552	0
4553	0
4554	0
4555	0
4556	0
4557	0
4558	0
4559	0
4560	0
4561	1
4562	1
4563	0
4564	0
4565	0
4566	0
4567	0
4568	0
4569	0
4570	0
4571	0
4572	0
4573	0
4574	0
4575	0
4576	0
4577	0
4578	0
4579	0
4580	0
4581	0
4582	0
4583	0
4584	0
4585	0
4586	0
4587	0
4588	0
4589	0
4590	0
4591	0
4592	0
4593	0
4594	0
4595	0
4596	0
4597	0
4598	0
4599	0
4600	0
4601	0
4602	0
4603	0
4604	0
4605	0
4606	0
4607	0
4608	0
4609	0
4610	0
4611	0
4612	0
4613	0
4614	0
4615	0
4616	0
4617	0
4618	0
4619	1
4620	0
4621	0
4622	0
4623	1
4624	1
4625	0
4626	0
4627	0
4628	0
4629	0
4630	0
4631	0
4632	0
4633	0
4634	0
4635	0
4636	0
4637	0
4638	0
4639	0
4640	0
4641	0
4642	0
4643	0
4644	0
4645	0
4646	0
4647	0
4648	0
4649	0
4650	0
4651	0
4652	0
4653	0
4654	0
4655	0
4656	0
4657	0
4658	0
4659	0
4660	0
4661	0
4662	0
4663	0
4664	0
4665	0
4666	0
4667	0
4668	0
4669	0
4670	0
4671	0
4672	0
4673	0
4674	0
4675	0
4676	0
4677	0
4678	0
4679	0
4680	0
4681	0
4682	0
4683	0
4684	0
4685	0
4686	0
4687	0
4688	0
4689	1
4690	1
4691	1
4692	1
4693	1
4694	1
4695	1
4696	0
4697	0
4698	0
4699	0
4700	0
4701	0
4702	0
4703	0
4704	0
4705	0
4706	0
4707	0
4708	0
4709	0
4710	0
4711	0
4712	0
4713	0
4714	0
4715	0
4716	0
4717	0
4718	0
4719	0
4720	0
4721	0
4722	0
4723	0
4724	0
4725	0
4726	0
4727	0
4728	0
4729	0
4730	0
4731	0
4732	0
4733	0
4734	0
4735	0
4736	0
4737	0
4738	0
4739	0
4740	0
4741	0
4742	0
4743	0
4744	0
4745	0
4746	0
4747	0
4748	0
4749	0
4750	0
4751	0
4752	0
4753	0
4754	0
4755	0
4756	0
4757	0
4758	0
4759	0
4760	0
4761	0
4762	0
4763	0
4764	0
4765	0
4766	0
4767	0
4768	0
4769	0
4770	0
4771	0
4772	0
4773	0
4774	0
4775	0
4776	0
4777	0
4778	0
4779	0
4780	0
4781	0
4782	0
4783	0
4784	0
4785	0
4786	0
4787	0
4788	0
4789	0
4790	0
4791	0
4792	0
4793	0
4794	0
4795	0
4796	0
4797	0
4798	0
4799	0
4800	0
4801	0
4802	0
4803	0
4804	0
4805	0
4806	0
4807	0
4808	0
4809	0
4810	0
4811	0
4812	0
4813	0
4814	0
4815	0
4816	0
4817	0
4818	0
4819	0
4820	0
4821	0
4822	0
4823	0
4824	0
4825	0
4826	0
4827	0
4828	0
4829	0
4830	0
4831	0
4832	0
4833	0
4834	0
4835	0
4836	0
4837	0
4838	0
4839	0
4840	0
4841	0
4842	0
4843	0
4844	0
4845	0
4846	0
4847	0
4848	1
4849	0
4850	0
4851	0
4852	0
4853	0
4854	0
4855	0
4856	0
4857	0
4858	0
4859	0
4860	0
4861	0
4862	0
4863	0
4864	0
4865	0
4866	0
4867	0
4868	0
4869	0
4870	0
4871	0
4872	0
4873	0
4874	0
4875	0
4876	0
4877	0
4878	0
4879	0
4880	0
4881	0
4882	0
4883	0
4884	0
4885	0
4886	0
4887	0
4888	0
4889	0
4890	0
4891	0
4892	0
4893	0
4894	0
4895	0
4896	0
4897	0
4898	0
4899	0
4900	1
4901	0
4902	0
4903	0
4904	0
4905	0
4906	0
4907	0
4908	0
4909	0
4910	0
4911	0
4912	0
4913	0
4914	0
4915	0
4916	0
4917	0
4918	0
4919	0
4920	0
4921	0
4922	0
4923	0
4924	0
4925	0
4926	0
4927	0
4928	1
4929	1
4930	1
4931	1
4932	1
4933	0
4934	0
4935	0
4936	0
4937	0
4938	0
4939	0
4940	0
4941	0
4942	0
4943	0
4944	0
4945	0
4946	0
4947	0
4948	0
4949	1
4950	1
4951	1
4952	1
4953	1
4954	0
4955	1
4956	1
4957	1
4958	1
4959	1
4960	1
4961	1
4962	1
4963	1
4964	1
4965	1
4966	1
4967	1
4968	1
4969	1
4970	1
4971	1
4972	1
4973	1
4974	1
4975	1
4976	1
4977	1
4978	1
4979	1
4980	1
4981	1
4982	1
4983	1
4984	1
4985	1
4986	1
4987	1
4988	1
4989	1
4990	1
4991	1
4992	1
4993	1
4994	1
4995	1
4996	0
4997	0
4998	0
4999	1
5000	1
5001	0
5002	0
5003	0
5004	0
5005	0
5006	0
5007	0
5008	0
5009	0
5010	0
5011	0
5012	0
5013	0
5014	0
5015	0
5016	0
5017	0
5018	0
5019	0
5020	0
5021	0
5022	0
5023	0
5024	0
5025	0
5026	0
5027	0
5028	0
5029	1
5030	1
5031	1
5032	1
5033	1
5034	1
5035	1
5036	1
5037	1
5038	1
5039	1
5040	1
5041	1
5042	1
5043	1
5044	1
5045	0
5046	1
5047	1
5048	0
5049	1
5050	1
5051	0
5052	1
5053	1
5054	1
5055	1
5056	1
5057	1
5058	1
5059	1
5060	1
5061	1
5062	1
5063	1
5064	1
5065	1
5066	1
5067	1
5068	1
5069	1
5070	1
5071	1
5072	1
5073	1
5074	1
5075	1
5076	1
5077	1
5078	1
5079	1
5080	1
5081	1
5082	1
5083	1
5084	1
5085	1
5086	1
5087	1
5088	1
5089	0
5090	0
5091	0
5092	0
5093	0
5094	0
5095	0
5096	0
5097	0
5098	0
5099	0
5100	0
5101	1
5102	0
5103	0
5104	1
5105	1
5106	1
5107	0
5108	1
5109	0
5110	0
5111	1
5112	1
5113	1
5114	1
5115	1
5116	1
5117	1
5118	1
5119	1
5120	1
5121	1
5122	1
5123	1
5124	1
5125	1
5126	0
5127	0
5128	0
5129	0
5130	0
5131	0
5132	0
5133	0
5134	0
5135	0
5136	0
5137	0
5138	0
5139	0
5140	0
5141	0
5142	0
5143	0
5144	0
5145	0
5146	0
5147	0
5148	0
5149	0
5150	0
5151	0
5152	0
5153	0
5154	0
5155	0
5156	0
5157	0
5158	0
5159	0
5160	0
5161	0
5162	0
5163	0
5164	0
5165	0
5166	0
5167	0
5168	0
5169	0
5170	0
5171	0
5172	0
5173	0
5174	0
5175	0
5176	0
5177	0
5178	0
5179	0
5180	0
5181	0
5182	0
5183	0
5184	0
5185	0
5186	0
5187	0
5188	0
5189	0
5190	0
5191	0
5192	0
5193	0
5194	0
5195	0
5196	0
5197	0
5198	0
5199	0
5200	0
5201	0
5202	0
5203	0
5204	0
5205	0
5206	0
5207	0
5208	0
5209	0
5210	0
5211	0
5212	0
5213	0
5214	0
5215	0
5216	0
5217	0
5218	0
5219	0
5220	0
5221	0
5222	0
5223	0
5224	0
5225	0
5226	0
5227	0
5228	0
5229	0
5230	0
5231	0
5232	0
5233	0
5234	0
5235	0
5236	0
5237	0
5238	0
5239	0
5240	0
5241	0
5242	0
5243	0
5244	0
5245	0
5246	0
5247	0
5248	0
5249	0
5250	0
5251	0
5252	0
5253	0
5254	0
5255	0
5256	0
5257	0
5258	0
5259	0
5260	0
5261	0
5262	0
5263	0
5264	0
5265	0
5266	0
5267	0
5268	0
5269	0
5270	0
5271	0
5272	0
5273	0
5274	0
5275	0
5276	0
5277	0
5278	0
5279	0
5280	0
5281	0
5282	0
5283	0
5284	0
5285	0
5286	0
5287	0
5288	0
5289	0
5290	0
5291	0
5292	0
5293	0
5294	0
5295	0
5296	0
5297	0
5298	0
5299	0
5300	0
5301	0
5302	0
5303	0
5304	0
5305	0
5306	0
5307	0
5308	0
5309	0
5310	0
5311	0
5312	0
5313	0
5314	0
5315	0
5316	0
5317	0
5318	0
5319	0
5320	0
5321	0
5322	0
5323	0
5324	0
5325	0
5326	0
5327	0
5328	0
5329	0
5330	0
5331	0
5332	0
5333	0
5334	0
5335	0
5336	0
5337	0
5338	0
5339	0
5340	0
5341	0
5342	0
5343	0
5344	0
5345	0
5346	0
5347	0
5348	0
5349	0
5350	0
5351	0
5352	0
5353	0
5354	0
5355	0
5356	0
5357	0
5358	0
5359	0
5360	0
5361	0
5362	0
5363	0
5364	0
5365	0
5366	0
5367	0
5368	0
5369	0
5370	0
5371	0
5372	0
5373	0
5374	0
5375	0
5376	0
5377	0
5378	0
5379	0
5380	0
5381	0
5382	0
5383	0
5384	0
5385	0
5386	0
5387	0
5388	0
5389	0
5390	0
5391	0
5392	0
5393	0
5394	0
5395	0
5396	0
5397	0
5398	0
5399	0
5400	0
5401	0
5402	0
5403	0
5404	0
5405	0
5406	0
5407	0
5408	0
5409	0
5410	0
5411	0
5412	0
5413	0
5414	0
5415	0
5416	0
5417	0
5418	0
5419	0
5420	0
5421	0
5422	0
5423	0
5424	0
5425	0
5426	0
5427	0
5428	0
5429	0
5430	0
5431	0
5432	0
5433	0
5434	0
5435	0
5436	0
5437	0
5438	0
5439	0
5440	0
5441	0
5442	0
5443	0
5444	0
5445	0
5446	0
5447	0
5448	0
5449	0
5450	0
5451	0
5452	0
5453	0
5454	0
5455	0
5456	0
5457	0
5458	0
5459	0
5460	0
5461	0
5462	0
5463	0
5464	0
5465	0
5466	0
5467	0
5468	0
5469	0
5470	0
5471	0
5472	0
5473	0
5474	0
5475	0
5476	0
5477	0
5478	0
5479	0
5480	0
5481	0
5482	0
5483	0
5484	0
5485	0
5486	0
5487	0
5488	0
5489	0
5490	0
5491	0
5492	0
5493	0
5494	0
5495	0
5496	0
5497	0
5498	0
5499	0
5500	0
5501	0
5502	0
5503	0
5504	0
5505	0
5506	0
5507	0
5508	0
5509	0
5510	0
5511	0
5512	0
5513	0
5514	0
5515	0
5516	0
5517	0
5518	0
5519	0
5520	0
5521	0
5522	0
5523	0
5524	0
5525	0
5526	0
5527	0
5528	0
5529	0
5530	0
5531	0
5532	0
5533	0
5534	0
5535	0
5536	0
5537	0
5538	0
5539	0
5540	0
5541	0
5542	0
5543	0
5544	0
5545	0
5546	0
5547	0
5548	0
5549	0
5550	0
5551	0
5552	0
5553	0
5554	0
5555	0
5556	0
5557	0
5558	0
5559	0
5560	0
5561	0
5562	0
5563	0
5564	0
5565	0
5566	0
5567	0
5568	0
5569	0
5570	0
5571	0
5572	0
5573	0
5574	0
5575	0
5576	0
5577	0
5578	0
5579	0
5580	0
5581	0
5582	0
5583	0
5584	0
5585	0
5586	0
5587	0
5588	0
5589	0
5590	0
5591	0
5592	0
5593	0
5594	0
5595	0
5596	0
5597	0
5598	1
5599	0
5600	0
5601	1
5602	0
5603	0
5604	0
5605	0
5606	0
5607	0
5608	0
5609	0
5610	0
5611	0
5612	0
5613	0
5614	0
5615	0
5616	0
5617	0
5618	0
5619	0
5620	0
5621	0
5622	0
5623	0
5624	0
5625	0
5626	0
5627	0
5628	0
5629	0
5630	0
5631	0
5632	0
5633	0
5634	0
5635	0
5636	0
5637	0
5638	0
5639	0
5640	0
5641	0
5642	0
5643	0
5644	0
5645	0
5646	0
5647	0
5648	0
5649	0
5650	0
5651	0
5652	0
5653	0
5654	0
5655	0
5656	0
5657	0
5658	0
5659	0
5660	0
5661	0
5662	0
5663	0
5664	0
5665	0
5666	0
5667	0
5668	0
5669	0
5670	0
5671	0
5672	0
5673	0
5674	0
5675	0
5676	0
5677	0
5678	0
5679	0
5680	0
5681	0
5682	0
5683	0
5684	0
5685	0
5686	0
5687	0
5688	0
5689	0
5690	0
5691	0
5692	0
5693	0
5694	0
5695	0
5696	0
5697	0
5698	0
5699	0
5700	0
5701	0
5702	0
5703	0
5704	0
5705	0
5706	0
5707	0
5708	0
5709	0
5710	0
5711	0
5712	0
5713	0
5714	0
5715	0
5716	0
5717	0
5718	0
5719	0
5720	0
5721	0
5722	0
5723	0
5724	0
5725	0
5726	0
5727	0
5728	0
5729	0
5730	0
5731	0
5732	0
5733	0
5734	0
5735	0
5736	0
5737	0
5738	0
5739	0
5740	0
5741	0
5742	0
5743	0
5744	0
5745	0
5746	0
5747	0
5748	0
5749	0
5750	0
5751	0
5752	0
5753	0
5754	0
5755	0
5756	0
5757	0
5758	0
5759	0
5760	0
5761	0
5762	0
5763	0
5764	0
5765	0
5766	0
5767	0
5768	0
5769	0
5770	0
5771	0
5772	0
5773	0
5774	0
5775	0
5776	0
5777	0
5778	0
5779	0
5780	0
5781	0
5782	0
5783	0
5784	0
5785	0
5786	0
5787	0
5788	0
5789	0
5790	0
5791	0
5792	0
5793	0
5794	0
5795	0
5796	0
5797	0
5798	0
5799	0
5800	0
5801	0
5802	0
5803	0
5804	0
5805	0
5806	0
5807	0
5808	0
5809	0
5810	0
5811	0
5812	0
5813	0
5814	0
5815	0
5816	0
5817	0
5818	0
5819	0
5820	0
5821	0
5822	0
5823	0
5824	0
5825	0
5826	0
5827	0
5828	0
5829	0
5830	0
5831	0
5832	0
5833	0
5834	0
5835	0
5836	0
5837	0
5838	0
5839	0
5840	0
5841	0
5842	0
5843	0
5844	0
5845	0
5846	0
5847	0
5848	0
5849	0
5850	0
5851	0
5852	0
5853	0
5854	0
5855	0
5856	0
5857	0
5858	0
5859	0
5860	0
5861	0
5862	0
5863	0
5864	0
5865	0
5866	0
5867	0
5868	0
5869	0
5870	0
5871	0
5872	0
5873	0
5874	0
5875	0
5876	0
5877	0
5878	0
5879	0
5880	0
5881	0
5882	0
5883	0
5884	0
5885	0
5886	0
5887	0
5888	0
5889	0
5890	0
5891	0
5892	0
5893	0
5894	0
5895	0
5896	0
5897	0
5898	0
5899	0
5900	0
5901	0
5902	0
5903	0
5904	0
5905	1
5906	0
5907	0
5908	0
5909	0
5910	0
5911	0
5912	0
5913	0
5914	0
5915	0
5916	0
5917	0
5918	0
5919	0
5920	0
5921	0
5922	0
5923	0
5924	0
5925	0
5926	0
5927	0
5928	0
5929	0
5930	0
5931	0
5932	0
5933	0
5934	0
5935	0
5936	0
5937	0
5938	0
5939	0
5940	0
5941	0
5942	0
5943	0
5944	0
5945	0
5946	0
5947	0
5948	0
5949	0
5950	0
5951	0
5952	0
5953	0
5954	0
5955	0
5956	0
5957	0
5958	0
5959	0
5960	0
5961	0
5962	0
5963	0
5964	0
5965	0
5966	0
5967	0
5968	0
5969	0
5970	0
5971	0
5972	0
5973	0
5974	0
5975	0
5976	0
5977	0
5978	0
5979	0
5980	0
5981	0
5982	0
5983	0
5984	0
5985	0
5986	0
5987	1
5988	1
5989	1
5990	1
5991	1
5992	1
5993	1
5994	1
5995	1
5996	1
5997	1
5998	1
5999	1
6000	1
6001	1
6002	1
6003	1
6004	1
6005	1
6006	1
6007	1
6008	1
6009	1
6010	1
6011	1
6012	1
6013	2
6014	2
6015	2
6016	2
6017	2
6018	2
6019	2
6020	2
6021	2
6022	2
6023	2
6024	2
6025	2
6026	2
6027	2
6028	2
6029	2
6030	2
6031	2
6032	2
6033	2
6034	2
6035	2
6036	2
6037	2
6038	2
6039	2
6040	2
6041	2
6042	2
6043	2
6044	2
6045	2
6046	2
6047	2
6048	2
6049	2
6050	2
6051	2
6052	2
6053	2
6054	2
6055	2
6056	2
6057	2
6058	2
6059	2
6060	2
6061	2
6062	2
6063	2
6064	2
6065	2
6066	2
6067	2
6068	2
6069	2
6070	2
6071	2
6072	2
6073	2
6074	2
6075	2
6076	2
6077	2
6078	2
6079	2
6080	2
6081	2
6082	2
6083	2
6084	2
6085	2
6086	2
6087	2
6088	2
6089	2
6090	2
6091	2
6092	2
6093	2
6094	0
6095	0
6096	0
6097	0
6098	0
6099	0
6100	0
6101	0
6102	0
6103	0
6104	2
6105	0
6106	0
6107	0
6108	0
6109	0
6110	0
6111	0
6112	0
6113	0
6114	0
6115	0
6116	0
6117	3
6118	3
6119	0
6120	0
6121	0
6122	0
6123	0
6124	0
6125	0
6126	0
6127	0
6128	0
6129	0
6130	1
6131	1
6132	2
6133	2
6134	2
6135	2
6136	2
6137	2
6138	2
6139	2
6140	2
6141	2
6142	2
6143	2
6144	1
6145	2
6146	2
6147	1
6148	1
6149	1
6150	1
6151	1
6152	1
6153	1
6154	1
6155	1
6156	1
6157	1
6158	1
6159	1
6160	1
6161	1
6162	1
6163	1
6164	1
6165	1
6166	1
6167	1
6168	1
6169	0
6170	0
6171	0
6172	0
6173	0
6174	2
6175	2
6176	2
6177	2
6178	2
6179	2
6180	2
6181	2
6182	2
6183	2
6184	2
6185	2
6186	2
6187	2
6188	1
6189	1
6190	1
6191	1
6192	1
6193	1
6194	1
6195	1
6196	1
6197	1
6198	1
6199	1
6200	1
6201	1
6202	1
6203	1
6204	1
6205	1
6206	1
6207	1
6208	1
6209	1
6210	1
6211	1
6212	1
6213	1
6214	1
6215	1
6216	1
6217	1
6218	1
6219	1
6220	1
6221	1
6222	1
6223	1
6224	1
6225	1
6226	1
6227	1
6228	1
6229	1
6230	0
6231	1
6232	1
6233	1
6234	0
6235	1
6236	0
6237	0
6238	0
6239	0
6240	0
6241	0
6242	0
6243	0
6244	0
6245	0
6246	0
6247	0
6248	0
6249	0
6250	0
6251	0
6252	0
6253	0
6254	0
6255	0
6256	0
6257	2
6258	2
6259	1
6260	1
6261	1
6262	1
6263	1
6264	1
6265	0
6266	0
6267	2
6268	2
6269	2
6270	2
6271	2
6272	2
6273	2
6274	2
6275	2
6276	2
6277	2
6278	2
6279	2
6280	2
6281	2
6282	2
6283	2
6284	2
6285	1
6286	1
6287	1
6288	1
6289	1
6290	1
6291	1
6292	1
6293	1
6294	1
6295	1
6296	1
6297	1
6298	1
6299	1
6300	1
6301	1
6302	1
6303	1
6304	1
6305	1
6306	1
6307	1
6308	1
6309	1
6310	1
6311	1
6312	1
6313	2
6314	1
6315	1
6316	1
6317	2
6318	2
6319	2
6320	2
6321	1
6322	1
6323	1
6324	1
6325	1
6326	1
6327	1
6328	1
6329	1
6330	1
6331	1
6332	1
6333	1
6334	1
6335	1
6336	1
6337	1
6338	1
6339	1
6340	1
6341	2
6342	2
6343	2
6344	2
6345	2
6346	2
6347	2
6348	2
6349	0
6350	0
6351	0
6352	0
6353	0
6354	0
6355	0
6356	0
6357	0
6358	0
6359	0
6360	0
6361	1
6362	3
6363	3
6364	0
6365	0
6366	0
6367	0
6368	0
6369	0
6370	0
6371	0
6372	0
6373	0
6374	0
6375	0
6376	0
6377	0
6378	0
6379	2
6380	2
6381	2
6382	2
6383	2
6384	2
6385	2
6386	2
6387	1
6388	1
6389	0
6390	0
6391	0
6392	1
6393	0
6394	0
6395	2
6396	2
6397	2
6398	2
6399	2
6400	3
6401	3
6402	3
6403	3
6404	3
6405	3
6406	3
6407	3
6408	3
6409	3
6410	2
6411	0
6412	0
6413	0
6414	1
6415	1
6416	1
6417	2
6418	2
6419	2
6420	2
6421	2
6422	2
6423	2
6424	2
6425	2
6426	2
6427	2
6428	2
6429	2
6430	2
6431	2
6432	2
6433	2
6434	2
6435	2
6436	2
6437	3
6438	3
6439	3
6440	2
6441	2
6442	0
6443	0
6444	1
6445	1
6446	1
6447	1
6448	0
6449	0
6450	0
6451	0
6452	0
6453	0
6454	0
6455	0
6456	0
6457	0
6458	0
6459	0
6460	0
6461	0
6462	0
6463	0
6464	0
6465	0
6466	0
6467	0
6468	0
6469	0
6470	0
6471	0
6472	0
6473	0
6474	0
6475	0
6476	0
6477	0
6478	0
6479	0
6480	0
6481	0
6482	0
6483	0
6484	0
6485	0
6486	0
6487	0
6488	0
6489	0
6490	0
6491	0
6492	0
6493	0
6494	0
6495	2
6496	2
6497	2
6498	2
6499	2
6500	2
6501	2
6502	2
6503	1
6504	0
6505	2
6506	2
6507	2
6508	2
6509	2
6510	2
6511	2
6512	2
6513	2
6514	2
6515	2
6516	2
6517	2
6518	2
6519	2
6520	2
6521	2
6522	2
6523	2
6524	2
6525	2
6526	2
6527	1
6528	1
6529	1
6530	1
6531	1
6532	1
6533	1
6534	1
6535	1
6536	1
6537	1
6538	1
6539	1
6540	1
6541	1
6542	1
6543	1
6544	1
6545	0
6546	0
6547	0
6548	0
6549	0
6550	0
6551	0
6552	0
6553	0
6554	0
6555	0
6556	0
6557	0
6558	0
6559	0
6560	0
6561	2
6562	2
6563	2
6564	2
6565	2
6566	2
6567	2
6568	2
6569	2
6570	1
6571	1
6572	0
6573	2
6574	2
6575	2
6576	2
6577	2
6578	2
6579	2
6580	0
6581	0
6582	0
6583	0
6584	0
6585	2
6586	2
6587	2
6588	2
6589	2
6590	2
6591	2
6592	2
6593	0
6594	0
6595	0
6596	0
6597	0
6598	0
6599	0
6600	0
6601	0
6602	0
6603	0
6604	0
6605	2
6606	2
6607	2
6608	3
6609	2
6610	2
6611	2
6612	2
6613	2
6614	2
6615	2
6616	2
6617	2
6618	2
6619	2
6620	2
6621	2
6622	0
6623	0
6624	0
6625	0
6626	0
6627	0
6628	0
6629	0
6630	2
6631	2
6632	2
6633	2
6634	2
6635	2
6636	2
6637	2
6638	0
6639	0
6640	0
6641	1
6642	1
6643	0
6644	0
6645	0
6646	1
6647	0
6648	0
6649	0
6650	1
6651	1
6652	1
6653	0
6654	0
6655	0
6656	0
6657	1
6658	0
6659	0
6660	0
6661	0
6662	0
6663	1
6664	0
6665	0
6666	0
6667	0
6668	0
6669	0
6670	0
6671	0
6672	0
6673	1
6674	1
6675	1
6676	1
6677	1
6678	1
6679	1
6680	1
6681	0
6682	0
6683	0
6684	0
6685	2
6686	2
6687	2
6688	1
6689	1
6690	1
6691	3
6692	0
6693	0
6694	0
6695	0
6696	0
6697	0
6698	0
6699	0
6700	1
6701	1
6702	0
6703	0
6704	0
6705	0
6706	2
6707	2
6708	0
6709	0
6710	3
6711	3
6712	3
6713	3
6714	3
6715	3
6716	0
6717	0
6718	0
6719	0
6720	0
6721	0
6722	0
6723	0
6724	0
6725	0
6726	0
6727	0
6728	0
6729	0
6730	0
6731	0
6732	0
6733	0
6734	0
6735	0
6736	0
6737	0
6738	0
6739	0
6740	0
6741	0
6742	0
6743	0
6744	0
6745	0
6746	0
6747	2
6748	2
6749	0
6750	0
6751	2
6752	2
6753	2
6754	2
6755	2
6756	2
6757	2
6758	2
6759	2
6760	2
6761	2
6762	2
6763	2
6764	2
6765	2
6766	2
6767	2
6768	2
6769	2
6770	2
6771	2
6772	2
6773	2
6774	2
6775	2
6776	2
6777	2
6778	2
6779	2
6780	2
6781	2
6782	2
6783	2
6784	2
6785	3
6786	3
6787	3
6788	3
6789	3
6790	3
6791	3
6792	3
6793	3
6794	3
6795	3
6796	3
6797	3
6798	3
6799	3
6800	3
6801	3
6802	3
6803	3
6804	3
6805	3
6806	3
6807	3
6808	3
6809	3
6810	3
6811	3
6812	3
6813	3
6814	3
6815	0
6816	0
6817	0
6818	0
6819	1
6820	0
6821	0
6822	0
6823	0
6824	0
6825	0
6826	0
6827	0
6828	0
6829	0
6830	0
6831	0
6832	0
6833	0
6834	0
6835	0
6836	0
6837	0
6838	0
6839	0
6840	0
6841	0
6842	0
6843	0
6844	0
6845	0
6846	0
6847	0
6848	0
6849	0
6850	0
6851	0
6852	0
6853	0
6854	0
6855	0
6856	0
6857	0
6858	0
6859	0
6860	0
6861	0
6862	0
6863	0
6864	0
6865	0
6866	0
6867	0
6868	0
6869	0
6870	0
6871	0
6872	0
6873	0
6874	0
6875	0
6876	0
6877	0
6878	0
6879	0
6880	0
6881	0
6882	0
6883	0
6884	0
6885	0
6886	1
6887	1
6888	1
6889	1
6890	0
6891	0
6892	0
6893	0
6894	0
6895	0
6896	0
6897	0
6898	0
6899	0
6900	0
6901	0
6902	0
6903	1
6904	1
6905	1
6906	1
6907	1
6908	1
6909	1
6910	1
6911	1
6912	1
6913	1
6914	1
6915	1
6916	1
6917	1
6918	1
6919	1
6920	1
6921	1
6922	1
6923	1
6924	1
6925	1
6926	1
6927	1
6928	1
6929	1
6930	1
6931	1
6932	1
6933	1
6934	1
6935	1
6936	1
6937	1
6938	1
6939	1
6940	1
6941	1
6942	1
6943	1
6944	1
6945	1
6946	1
6947	2
6948	2
6949	2
6950	2
6951	2
6952	2
6953	2
6954	2
6955	2
6956	0
6957	0
6958	2
6959	2
6960	0
6961	0
6962	0
6963	2
6964	1
6965	0
6966	2
6967	2
6968	2
6969	0
6970	2
6971	2
6972	2
6973	2
6974	2
6975	2
6976	2
6977	2
6978	2
6979	1
6980	0
6981	0
6982	0
6983	0
6984	0
6985	0
6986	1
6987	0
6988	0
6989	0
6990	1
6991	1
6992	1
6993	1
6994	1
6995	1
6996	2
6997	2
6998	2
6999	0
7000	0
7001	0
7002	2
7003	2
7004	2
7005	2
7006	0
7007	0
7008	2
7009	2
7010	0
7011	0
7012	1
7013	0
7014	0
7015	0
7016	0
7017	2
7018	2
7019	1
7020	0
7021	1
7022	1
7023	0
7024	0
7025	0
7026	0
7027	1
7028	2
7029	2
7030	0
7031	0
7032	0
7033	0
7034	0
7035	0
7036	0
7037	0
7038	2
7039	0
7040	0
7041	0
7042	0
7043	0
7044	0
7045	0
7046	0
7047	0
7048	0
7049	0
7050	0
7051	0
7052	0
7053	0
7054	0
7055	0
7056	0
7057	0
7058	0
7059	0
7060	0
7061	0
7062	0
7063	0
7064	0
7065	0
7066	0
7067	0
7068	0
7069	0
7070	0
7071	0
7072	0
7073	0
7074	0
7075	0
7076	0
7077	0
7078	0
7079	0
7080	0
7081	0
7082	0
7083	0
7084	0
7085	0
7086	0
7087	0
7088	0
7089	0
7090	0
7091	0
7092	0
7093	0
7094	0
7095	0
7096	0
7097	0
7098	0
7099	0
7100	0
7101	0
7102	0
7103	0
7104	0
7105	0
7106	0
7107	0
7108	0
7109	0
7110	0
7111	0
7112	0
7113	0
7114	0
7115	0
7116	0
7117	0
7118	0
7119	0
7120	0
7121	0
7122	0
7123	0
7124	0
7125	0
7126	0
7127	0
7128	0
7129	0
7130	0
7131	0
7132	0
7133	0
7134	0
7135	0
7136	0
7137	0
7138	0
7139	0
7140	0
7141	0
7142	0
7143	0
7144	0
7145	0
7146	0
7147	0
7148	0
7149	0
7150	0
7151	0
7152	0
7153	0
7154	0
7155	0
7156	0
7157	0
7158	0
7159	0
7160	0
7161	0
7162	0
7163	0
7164	0
7165	0
7166	0
7167	0
7168	0
7169	0
7170	0
7171	0
7172	0
7173	0
7174	0
7175	0
7176	0
7177	0
7178	0
7179	0
7180	0
7181	0
7182	0
7183	0
7184	0
7185	0
7186	0
7187	0
7188	0
7189	0
7190	0
7191	0
7192	0
7193	0
7194	0
7195	0
7196	0
7197	0
7198	0
7199	0
7200	0
7201	0
7202	0
7203	0
7204	0
7205	0
7206	0
7207	0
7208	0
7209	0
7210	0
7211	0
7212	0
7213	0
7214	0
7215	0
7216	0
7217	0
7218	0
7219	0
7220	0
7221	0
7222	0
7223	0
7224	0
7225	0
7226	0
7227	0
7228	0
7229	0
7230	0
7231	0
7232	0
7233	0
7234	0
7235	0
7236	0
7237	0
7238	0
7239	0
7240	0
7241	0
7242	1
7243	1
7244	1
7245	2
7246	1
7247	1
7248	1
7249	1
7250	1
7251	1
7252	1
7253	1
7254	1
7255	2
7256	2
7257	0
7258	0
7259	0
7260	0
7261	2
7262	1
7263	0
7264	2
7265	2
7266	2
7267	2
7268	2
7269	2
7270	2
7271	2
7272	2
7273	2
7274	2
7275	2
7276	2
7277	2
7278	2
7279	2
7280	2
7281	2
7282	2
7283	2
7284	2
7285	2
7286	2
7287	0
7288	2
7289	2
7290	0
7291	1
7292	2
7293	1
7294	1
7295	1
7296	1
7297	1
7298	2
7299	2
7300	3
7301	2
7302	2
7303	2
7304	2
7305	2
7306	2
7307	3
7308	0
7309	0
7310	0
7311	0
7312	1
7313	2
7314	2
7315	2
7316	2
7317	2
7318	2
7319	2
7320	2
7321	2
7322	2
7323	2
7324	1
7325	0
7326	0
7327	0
7328	0
7329	0
7330	0
7331	0
7332	2
7333	2
7334	2
7335	0
7336	0
7337	0
7338	0
7339	0
7340	0
7341	0
7342	3
7343	3
7344	0
7345	0
7346	0
7347	1
7348	1
7349	1
7350	1
7351	2
7352	0
7353	2
7354	0
7355	0
7356	0
7357	0
7358	0
7359	0
7360	0
7361	0
7362	2
7363	1
7364	3
7365	3
7366	3
7367	3
7368	3
7369	3
7370	3
7371	3
7372	3
7373	3
7374	2
7375	1
7376	1
7377	1
7378	1
7379	1
7380	1
7381	2
7382	2
7383	0
7384	0
7385	0
7386	0
7387	0
7388	0
7389	0
7390	1
7391	1
7392	3
7393	3
7394	3
7395	3
7396	3
7397	1
7398	1
7399	1
7400	1
7401	1
7402	1
7403	1
7404	1
7405	1
7406	1
7407	1
7408	2
7409	2
7410	1
7411	2
7412	2
7413	2
7414	2
7415	2
7416	2
7417	2
7418	2
7419	2
7420	2
7421	2
7422	2
7423	1
7424	1
7425	1
7426	1
7427	1
7428	1
7429	1
7430	1
7431	1
7432	1
7433	1
7434	1
7435	1
7436	1
7437	1
7438	1
7439	2
7440	2
7441	2
7442	2
7443	2
7444	2
7445	0
7446	2
7447	0
7448	0
7449	0
7450	0
7451	0
7452	0
7453	0
7454	0
7455	0
7456	0
7457	0
7458	3
7459	2
7460	3
7461	0
7462	0
7463	0
7464	3
7465	1
7466	2
