NodeID
169
170
174
180
187
334
339
370
371
383
411
422
562
577
603
748
763
1121
1138
1139
1153
1235
1246
1293
1378
1380
1397
1398
1400
1408
1409
1419
1693
1694
1695
1737
1746
1788
1790
2095
2096
2125
2165
2166
2167
2171
2174
2183
2185
2189
2230
2245
2285
2608
2618
2619
2633
2635
2637
2638
2639
2662
2664
2691
2718
2719
2755
2759
2760
2773
2774
2820
2877
2878
3025
3160
3171
3259
3260
3261
3303
3307
3308
3313
3314
3315
3317
3319
3320
3337
3339
3340
3341
3352
3376
3386
3387
3404
3405
3459
3461
3468
3469
3470
3471
3483
3668
3669
3680
3682
3691
3694
3695
4483
4501
4507
4527
4538
4618
4619
4620
4622
4623
4624
4625
4654
4681
4689
4694
4848
4849
4900
4908
4933
4950
4955
4985
4995
5045
5047
5048
5049
5051
5052
5090
5091
5098
5101
5104
5105
5106
5107
5126
5136
5598
5599
5986
6011
6012
6013
6014
6145
6146
6168
6228
6230
6234
6235
6318
6387
6438
6451
6452
6503
6505
6520
6539
6541
6645
6647
6664
6752
6760
6899
6901
6902
6903
6907
7020
7263
7291
7346
7348
7405
7406
7407
7408
7409
7410
7411
7439
7440
