source 	 destination 	 fft 	 flow 	 cost(min)
601	603	0.666667	0.0	0.666667
81	324	0.0	92.727	0.0
373	366	19.666667	525.6398264733317	21.95497131502737
708	44	0.0	0.0	0.0
258	888	2.666667	817.7415731143665	4.48411945461844
139	695	2.0	1186.2744952998903	2.0644374941609316
189	210	4.333333	555.316921394535	4.340037301983538
130	131	1.666667	39.40063373587653	1.6666671210644681
482	492	13.0	0.0	13.0
409	410	8.666667	82.20665454368662	8.66667892985161
597	93	0.0	11.547	0.0
497	490	3.666667	0.0	3.666667
551	64	0.0	1424.5812790531502	0.0
483	77	0.0	0.0	0.0
466	459	3.333333	21.1664698664854	3.3333340197703833
399	630	13.0	48.058427634902124	13.000001128208734
347	348	0.333333	0.0	0.333333
192	193	1.666667	0.0	1.666667
171	106	14.333333	31.188000000000002	14.333333220630305
967	517	3.666667	0.0	3.666667
68	602	0.0	0.0	0.0
229	231	7.666667	357.47047256636904	7.6687037380297935
312	94	0.0	0.0	0.0
818	1	0.0	0.0	0.0
33	347	0.0	0.0	0.0
609	927	1.0	9.689210101927477	1.0000000002656493
58	125	0.0	302.9350667625523	0.0
99	100	0.333333	0.0	0.333333
863	567	13.0	0.0	13.0
837	836	2.0	130.56647747782492	2.000885904092769
568	10	0.0	0.0	0.0
769	767	6.333333	0.0	6.333333
843	844	10.333333	577.4418727107677	10.352024381101513
763	759	10.666667	310.44160325778853	11.431107004315425
397	395	4.333333	402.2867568826766	4.506312632640183
16	770	0.0	0.0	0.0
42	830	0.0	316.3891565745161	0.0
767	368	9.666667	0.0	9.666667
266	269	6.666667	0.0	6.666667
330	321	4.0	0.0	4.0
885	935	0.666667	0.0	0.666667
42	912	0.0	0.0	0.0
745	778	4.666667	0.0	4.666667
217	216	0.666667	0.0	0.666667
456	24	0.0	532.623689187545	0.0
359	362	0.333333	163.75663004956573	0.33369834556758365
639	22	0.0	142.26077908544136	0.0
809	707	1.0	0.0	1.0
955	952	5.0	1196.4350965308843	20.615523332402496
878	278	10.666667	0.0	10.666667
248	247	1.666667	0.0	1.666667
364	335	1.0	0.0	1.0
84	308	0.0	0.0	0.0
45	936	0.0	0.0	0.0
345	32	0.0	0.0	0.0
173	217	9.0	0.0	9.0
603	714	11.0	109.53813436454342	11.002413703980809
108	90	0.0	0.0	0.0
705	799	21.333333	564.2822227278282	24.629992921040504
689	684	7.0	697.8323602031588	19.80847597522716
765	94	0.0	59.6761671924413	0.0
161	163	11.333333	32.625	11.333333208894787
887	883	5.666667	0.0	5.666667
368	311	15.333333	679.0955850651236	15.386388213963642
861	46	0.0	422.1371137865299	0.0
457	59	0.0	959.734440682466	0.0
32	352	0.0	0.0	0.0
780	786	5.666667	534.9492938731806	5.674216984172713
218	210	1.0	0.0	1.0
440	441	6.666667	0.0	6.666667
356	953	6.333333	1954.0052709608235	147.05637323642688
162	198	8.333333	0.0	8.333333
332	227	16.0	67.2637324610947	16.00000987185724
474	373	14.333333	0.0	14.333333
157	184	3.0	138.3967030903957	3.0000179057331122
352	32	0.0	496.27740074838766	0.0
678	580	15.0	611.0500895695828	18.18734056265156
305	298	18.333333	0.0	18.333333
291	909	1.0	0.0	1.0
781	2	0.0	0.0	0.0
701	41	0.0	0.0	0.0
96	894	0.0	0.0	0.0
489	495	5.333333	0.0	5.333333
40	801	0.0	0.0	0.0
472	17	0.0	0.0	0.0
155	156	0.666667	19.860468383668554	0.6666670031262373
362	877	11.333333	0.0	11.333333
261	788	8.666667	0.0	8.666667
376	883	9.0	0.0	9.0
609	68	0.0	1135.8189461321008	0.0
917	796	18.666667	0.0	18.666667
16	769	0.0	0.0	0.0
738	79	0.0	359.40448953617556	0.0
796	43	0.0	1678.8874861980091	0.0
749	304	13.333333	0.0	13.333333
589	590	7.0	370.8402215323377	7.002153839027091
297	299	14.666667	0.0	14.666667
313	455	3.0	1101.7301195672721	3.07191012098618
45	934	0.0	412.2975184741931	0.0
934	45	0.0	507.8322594056245	0.0
465	135	8.0	109.90043244479791	8.000018986961376
421	426	4.333333	0.0	4.333333
84	309	0.0	516.0352092088565	0.0
783	564	0.666667	312.83961201191806	0.7159379471526197
124	125	9.666667	0.0	9.666667
91	187	0.0	0.0	0.0
191	527	13.0	0.0	13.0
444	460	0.666667	0.0	0.666667
273	272	0.666667	0.0	0.666667
782	38	0.0	0.0	0.0
913	42	0.0	0.0	0.0
754	972	3.666667	96.2738427130291	3.6671471032647536
904	8	0.0	191.298	0.0
87	620	0.0	37.421527163728655	0.0
624	517	6.0	180.65860637364992	6.009741275708855
205	204	1.0	527.8696794185039	1.5991035136482905
556	161	13.333333	0.0	13.333333
111	114	0.666667	760.39081128218	0.6702929705563484
841	611	10.0	0.0	10.0
393	869	2.0	27.393	2.000000033942468
502	501	1.666667	442.366619859072	2.1591295719761767
948	541	10.666667	0.0	10.666667
81	322	0.0	59.84384664302081	0.0
62	266	0.0	0.0	0.0
695	691	0.666667	454.25996387931747	0.6671288433353104
684	13	0.0	697.8323602031588	0.0
296	101	7.333333	0.0	7.333333
595	596	3.333333	342.8374683836691	3.3347209916482794
310	269	18.0	2711.72388186404	47.33657450433331
534	76	0.0	311.8905993106394	0.0
40	800	0.0	0.0	0.0
278	284	0.666667	486.83475014101936	0.7237445341172281
632	633	12.0	0.0	12.0
110	120	1.333333	0.0	1.333333
266	145	7.0	0.0	7.0
143	140	2.666667	0.0	2.666667
861	47	0.0	652.1175517042287	0.0
653	678	2.333333	611.0500895695828	2.82914146113823
553	583	6.333333	563.0852428067404	6.352523396103527
938	22	0.0	0.0	0.0
90	520	0.0	0.0	0.0
434	104	1.0	0.0	1.0
880	882	3.666667	0.0	3.666667
415	416	1.0	531.3791288549612	1.0012971369913493
23	278	0.0	613.1405789921195	0.0
180	181	0.666667	10.672587422730091	0.66666700014072
359	360	25.333333	33.552	25.333333967656056
812	815	10.0	393.73801100919525	10.003910184474664
883	376	10.0	177.56329134486685	10.076702186594996
949	948	5.666667	0.0	5.666667
328	329	1.666667	0.0	1.666667
760	569	6.666667	398.542162356402	7.964446328747052
151	953	11.0	0.0	11.0
620	622	1.333333	34.47252716372866	1.333333056752651
543	603	7.333333	0.0	7.333333
36	497	0.0	0.0	0.0
282	838	0.666667	197.76370971323	0.6682212659069529
121	56	0.0	465.8682710149743	0.0
208	188	9.333333	0.0	9.333333
936	934	7.333333	0.0	7.333333
62	264	0.0	562.8450362848839	0.0
531	51	0.0	19.239	0.0
441	438	19.0	0.0	19.0
232	7	0.0	0.0	0.0
733	24	0.0	0.0	0.0
472	469	2.333333	126.84402628337754	2.334253633473182
61	270	0.0	1142.0877674972448	0.0
463	432	14.0	318.7778509615469	14.220348730103947
370	17	0.0	1121.5505300415034	0.0
5	753	0.0	388.73509159790393	0.0
911	465	11.333333	109.90043244479791	11.333382832226057
583	584	4.0	0.0	4.0
752	5	0.0	0.0	0.0
210	218	1.0	555.316921394535	1.1449417803447537
555	613	16.666667	0.0	16.666667
676	677	10.333333	821.0627317154642	10.474880048347288
109	169	22.0	5.715	22.000000000381814
739	37	0.0	527.9671531246179	0.0
51	531	0.0	117.42939830857173	0.0
288	676	8.666667	821.0627317154642	8.785383887654627
83	274	0.0	202.4420368535105	0.0
629	279	1.333333	277.7605652988764	1.3335722081711399
149	150	1.333333	24.161705564762727	1.3333330136963237
745	740	30.666667	0.0	30.666667
646	231	13.0	515.8415064333843	13.014975328685168
76	601	0.0	38.633210101927475	0.0
800	796	1.666667	0.0	1.666667
174	132	1.666667	2003.3437199058894	2.1034227053253933
8	899	0.0	140.68914899717927	0.0
5	752	0.0	0.0	0.0
338	74	0.0	557.0536787202947	0.0
779	303	24.0	0.0	24.0
260	259	2.333333	328.88404167647593	2.3749411004274323
137	136	3.0	0.0	3.0
613	621	4.0	0.0	4.0
788	785	7.0	708.8528804080664	20.636957036897094
901	680	18.333333	442.7675657410041	19.407259572273784
818	822	1.0	0.0	1.0
34	632	0.0	0.0	0.0
710	35	0.0	0.0	0.0
266	62	0.0	0.0	0.0
897	742	8.333333	1011.631951566647	21.636003982345535
55	426	0.0	210.99836816450124	0.0
387	286	13.333333	377.91824808040224	13.341530571429915
620	621	1.0	2.9490000000000003	1.0000000001152733
608	75	0.0	708.8729417286386	0.0
432	442	1.333333	484.03967658034736	1.4448888728502265
42	915	0.0	0.0	0.0
807	762	7.666667	336.7122482481826	7.81686779132322
315	366	24.0	453.0280262833774	24.0164467237239
1	817	0.0	0.0	0.0
648	15	0.0	286.0242777924515	0.0
8	901	0.0	442.7675657410041	0.0
90	518	0.0	754.107745636806	0.0
58	124	0.0	0.0	0.0
349	338	12.666667	104.064	12.666711773335297
239	261	9.666667	553.6020708949093	9.68143886931918
830	915	8.0	0.0	8.0
230	222	3.333333	939.1490666505326	3.375520588516359
836	838	4.333333	130.56647747782492	4.3352524587200145
334	335	11.333333	0.0	11.333333
304	306	1.333333	0.0	1.333333
329	322	5.0	33.73170875073653	5.000000195109495
907	816	0.666667	0.0	0.666667
515	513	8.666667	0.0	8.666667
429	130	0.666667	0.0	0.666667
718	235	7.333333	207.13453522996008	7.333552623767741
837	832	2.0	197.76370971323	2.0046627953894607
188	91	0.0	770.4562621513003	0.0
42	913	0.0	0.0	0.0
631	636	6.333333	48.058427634902124	6.333334018276185
756	757	4.0	0.0	4.0
657	656	4.0	9.477696878832658	4.000000249038361
188	173	10.0	0.0	10.0
527	525	4.666667	0.0	4.666667
143	19	0.0	0.0	0.0
839	92	0.0	1349.2819608871455	0.0
719	721	21.333333	490.59406586182826	23.216885968388947
595	594	0.333333	0.0	0.333333
651	652	6.333333	486.554280760934	6.339107646312166
33	343	0.0	248.18812938359025	0.0
788	784	4.333333	0.0	4.333333
870	975	7.333333	0.0	7.333333
199	191	9.666667	0.0	9.666667
92	711	0.0	1099.9267863414136	0.0
444	12	0.0	0.0	0.0
37	739	0.0	899.0552801033039	0.0
497	36	0.0	535.0806943579322	0.0
27	132	0.0	2157.934120841609	0.0
34	633	0.0	816.7112812230054	0.0
759	3	0.0	285.0829015934457	0.0
299	39	0.0	0.0	0.0
856	852	12.333333	507.8322594056245	12.35805688030925
377	961	3.0	0.0	3.0
156	598	7.333333	19.860468383668554	7.333333034388591
796	40	0.0	935.5615824626537	0.0
929	933	4.0	0.0	4.0
99	915	4.666667	0.0	4.666667
307	84	0.0	241.66341169418052	0.0
421	55	0.0	0.0	0.0
212	206	0.666667	0.0	0.666667
4	719	0.0	296.27543481928967	0.0
738	895	3.333333	0.0	3.333333
1	818	0.0	516.440277452269	0.0
509	508	2.333333	547.912352234985	2.6538499865560192
627	496	1.666667	31.023863172444173	1.666669353218771
28	167	0.0	61.10026093135815	0.0
90	108	0.0	5.715	0.0
8	900	0.0	0.0	0.0
6	707	0.0	514.5854126143568	0.0
491	481	4.333333	404.63018076211495	4.510378592058316
84	307	0.0	0.0	0.0
117	409	11.333333	82.20665454368662	11.333348600574125
259	839	2.666667	1349.2819608871455	16.137970025948434
373	370	5.333333	796.9734485554642	8.612806114860103
410	407	1.666667	0.0	1.666667
620	87	0.0	16.223630509966558	0.0
61	269	0.0	0.0	0.0
161	159	1.0	0.0	1.0
437	12	0.0	21.1664698664854	0.0
551	65	0.0	303.6173595441318	0.0
850	881	4.666667	0.0	4.666667
125	195	17.333333	0.0	17.333333
603	259	16.333333	1297.3365455640792	17.086087395051624
508	505	3.666667	173.20059954861463	3.6716962010353362
402	403	6.333333	433.4524914538565	6.6740770648726215
591	531	14.333333	228.98841301890818	14.333974163948104
371	372	2.666667	412.3377364763436	2.667921148581721
16	366	0.0	376.790564875317	0.0
739	39	0.0	899.0552801033039	0.0
513	477	19.666667	0.0	19.666667
588	589	4.0	370.8402215323377	4.001230765158338
9	651	0.0	715.5426937798416	0.0
526	199	4.333333	197.2868737284231	4.383986542814337
546	548	6.0	0.0	6.0
956	952	9.666667	1104.1360251364267	31.56429332999019
611	716	6.333333	0.0	6.333333
76	603	0.0	1406.8746799286212	0.0
71	344	0.0	348.26598393506174	0.0
443	460	1.666667	0.0	1.666667
748	972	2.333333	270.6528834735912	2.3524164687821227
439	441	13.666667	0.0	13.666667
498	489	19.666667	0.0	19.666667
416	417	2.666667	615.7622728858853	2.672904189909721
173	172	1.0	0.0	1.0
737	736	3.666667	791.1070401708274	14.748394480901089
532	534	1.666667	327.1788113274798	1.6669777115461306
711	841	4.0	0.0	4.0
377	379	15.0	0.0	15.0
15	658	0.0	0.0	0.0
96	777	0.0	277.247648316477	0.0
164	28	0.0	0.0	0.0
208	436	3.333333	452.5855403337601	3.546495773512267
669	667	1.666667	582.3437536993048	1.6697854184927532
912	42	0.0	0.0	0.0
504	446	7.0	0.0	7.0
229	646	4.666667	2.763850755522203	4.666667000415045
75	608	0.0	0.0	0.0
45	930	0.0	0.0	0.0
361	357	12.333333	65.38876922335089	12.333676655320177
157	189	1.666667	555.316921394535	1.6692455784000442
498	490	5.0	0.0	5.0
953	354	17.333333	0.0	17.333333
940	633	11.333333	148.6081141406021	11.341757763216876
244	962	2.666667	9.477696878832658	2.6666670003500643
100	99	0.333333	0.0	0.333333
223	679	9.333333	706.632819196506	9.403473201769808
514	513	2.333333	24.927	2.333334373051226
475	413	10.333333	84.38314403092465	10.33334152375799
881	882	0.333333	0.0	0.333333
299	294	11.333333	0.0	11.333333
10	564	0.0	453.0273851951155	0.0
668	672	1.666667	228.98841301890818	1.6667415539640986
164	150	16.666667	946.3815865452498	16.884178267924458
506	435	7.0	0.0	7.0
183	115	3.333333	0.0	3.333333
51	529	0.0	0.0	0.0
861	860	18.333333	0.0	18.333333
679	6	0.0	706.632819196506	0.0
576	574	1.0	857.4702349572576	1.0162941326307615
540	541	1.0	667.532195015456	1.0032304032663533
169	31	0.0	5.715	0.0
69	602	0.0	2.367	0.0
356	57	0.0	1039.871391918057	0.0
367	363	9.333333	0.0	9.333333
4	761	0.0	279.5823009311794	0.0
546	549	8.333333	0.0	8.333333
862	854	16.666667	0.0	16.666667
906	814	1.666667	0.0	1.666667
757	758	2.666667	0.0	2.666667
316	884	15.333333	0.0	15.333333
198	194	3.333333	0.0	3.333333
725	723	14.666667	65.19422587252737	14.667070829392001
318	750	6.333333	46.22191268787133	6.333333871322658
55	425	0.0	0.0	0.0
527	72	0.0	0.0	0.0
292	376	10.666667	502.9821926480669	15.934526395625715
508	957	9.666667	696.8414190111125	13.140768847952332
40	796	0.0	1762.8187845336665	0.0
413	473	2.666667	0.0	2.666667
366	368	2.0	309.68484858878037	2.0280375324693787
258	229	12.0	360.2343233218912	12.003287679561282
98	519	0.0	0.0	0.0
526	528	3.0	0.0	3.0
722	740	10.0	0.0	10.0
458	459	5.333333	0.0	5.333333
497	494	1.333333	0.0	1.333333
292	48	0.0	0.0	0.0
840	611	12.333333	0.0	12.333333
58	285	0.0	0.0	0.0
147	163	1.0	0.0	1.0
224	225	6.0	0.0	6.0
399	501	12.666667	0.0	12.666667
617	67	0.0	24.571544177546187	0.0
701	702	4.333333	748.2577015184389	6.403745154936465
831	915	5.666667	89.04366771615437	5.669415747528987
290	19	0.0	0.0	0.0
730	734	5.0	344.42057677365057	5.002120710546697
89	163	0.0	198.14716116205025	0.0
226	336	12.0	0.0	12.0
818	823	4.666667	427.3966097361147	5.86817343710361
502	506	10.333333	503.8391642033168	15.471439655703568
51	530	0.0	0.0	0.0
150	268	5.333333	856.5594405472265	27.485882889941134
354	971	0.333333	750.2824076003155	0.33651670190710953
622	615	18.666667	34.47252716372866	18.666667794537325
102	80	0.0	0.0	0.0
60	272	0.0	1853.7071304732963	0.0
71	346	0.0	0.0	0.0
464	14	0.0	305.75389980764464	0.0
830	799	16.0	727.8527663106312	16.13534716505256
370	52	0.0	632.2859437462183	0.0
291	135	0.666667	1585.6122945030022	0.7352260594667676
346	71	0.0	264.81230578358816	0.0
386	454	11.666667	0.0	11.666667
402	401	1.0	0.0	1.0
399	500	5.333333	92.7140744988603	5.333339411346444
799	798	5.333333	0.0	5.333333
70	147	0.0	12.045	0.0
221	242	10.333333	73.6719212452351	10.333337952406472
303	305	6.666667	0.0	6.666667
871	802	15.333333	245.598419304355	15.418362338226789
449	56	0.0	132.72730599913334	0.0
434	437	8.333333	21.1664698664854	8.33333554942611
68	609	0.0	9.689210101927477	0.0
48	789	0.0	467.2531581758675	0.0
917	914	5.666667	403.8885769173365	5.8964955280693045
349	504	4.666667	141.99819734859392	4.669558798969416
372	368	9.333333	412.3377364763436	9.337722519330564
1	821	0.0	0.0	0.0
552	553	5.666667	1134.2190938488077	5.819242001590344
565	727	8.333333	362.62813095247566	8.552964518902082
455	26	0.0	1101.7301195672721	0.0
795	43	0.0	491.0951897563456	0.0
618	552	4.333333	342.82507633794313	4.4245639825007785
311	94	0.0	679.0955850651236	0.0
401	939	14.333333	306.02030091345716	14.524925323573838
452	371	6.0	412.3377364763436	6.002821833956142
706	708	4.333333	0.0	4.333333
10	566	0.0	0.0	0.0
98	518	0.0	1471.3499977270587	0.0
527	191	4.333333	0.0	4.333333
410	453	2.666667	0.0	2.666667
805	803	3.0	409.5149169875807	3.001372675977302
443	12	0.0	484.03967658034736	0.0
93	710	0.0	0.0	0.0
725	719	16.333333	0.0	16.333333
856	886	7.333333	177.56329134486685	7.389581267612924
48	302	0.0	0.0	0.0
942	951	5.666667	0.0	5.666667
650	653	4.333333	620.1021976595587	5.309906889471608
440	438	17.0	0.0	17.0
693	49	0.0	474.0425466662458	0.0
231	223	1.666667	873.3119789997531	1.6824392764402205
304	300	14.666667	0.0	14.666667
14	462	0.0	0.0	0.0
543	76	0.0	238.5888473927536	0.0
69	604	0.0	1474.1183202698082	0.0
899	901	0.333333	0.0	0.333333
565	807	5.333333	336.7122482481826	5.437820495934053
953	30	0.0	2278.53884645539	0.0
389	391	7.0	642.8598999407633	7.019450521953246
818	828	4.0	89.04366771615437	4.001940292259268
793	707	18.0	59.84384664302081	18.000006958338364
276	57	0.0	1994.4641667443339	0.0
365	373	4.333333	875.6507321071185	8.216407177610666
545	64	0.0	416.4492440294878	0.0
707	6	0.0	1.572	0.0
56	129	0.0	0.0	0.0
576	577	0.666667	216.04358972998796	0.6688806270826888
384	383	2.0	0.0	2.0
594	593	2.0	0.0	2.0
130	124	9.666667	1602.6777202905187	10.704265729251997
150	149	1.666667	252.89193290558555	1.6668724678010203
546	592	3.333333	322.97700000000043	3.388616438720808
464	463	2.333333	0.0	2.333333
211	54	0.0	0.0	0.0
83	238	0.0	383.07956945465895	0.0
585	75	0.0	0.0	0.0
441	432	11.666667	0.0	11.666667
465	908	1.0	0.0	1.0
1	822	0.0	0.0	0.0
436	506	11.666667	452.5855403337601	12.412736803216191
287	114	23.0	202.4420368535105	23.058879022508414
90	521	0.0	0.0	0.0
853	866	2.333333	0.0	2.333333
575	582	19.333333	0.0	19.333333
91	188	0.0	583.8487268163524	0.0
508	507	2.666667	0.0	2.666667
8	904	0.0	0.0	0.0
860	863	13.333333	0.0	13.333333
218	54	0.0	555.316921394535	0.0
668	588	3.333333	178.7033867408309	3.3333883066953254
971	496	14.0	750.2824076003155	14.133715613814214
219	168	12.333333	440.99806232749927	12.340922183559975
253	254	4.0	0.0	4.0
526	524	3.333333	0.0	3.333333
241	243	1.0	710.8085975358781	1.0041531590497237
206	204	8.333333	0.0	8.333333
720	301	9.0	416.39684714908066	9.004401899409539
15	660	0.0	290.03730548245727	0.0
881	844	17.666667	0.0	17.666667
968	432	15.666667	236.1377715933964	15.740912206043683
520	521	2.333333	0.0	2.333333
846	45	0.0	423.93407570622577	0.0
187	91	0.0	0.0	0.0
242	237	27.0	73.6719212452351	27.000012940159266
82	571	0.0	652.353292607827	0.0
637	34	0.0	667.9425267553765	0.0
564	568	5.333333	0.0	5.333333
55	421	0.0	0.0	0.0
19	143	0.0	27.393	0.0
46	844	0.0	333.24090867806524	0.0
679	707	11.0	0.0	11.0
454	397	17.0	0.0	17.0
786	258	10.0	534.9492938731806	10.013323500697522
875	878	19.333333	0.0	19.333333
683	682	2.666667	1585.6122945030022	3.174723296453323
953	356	12.333333	999.2733374800046	31.07670043265499
594	595	0.333333	322.97700000000043	0.3388613388965708
854	860	25.0	0.0	25.0
814	808	10.666667	8.202	10.666667001455
117	118	1.333333	9.69	1.33333300019125
274	275	0.666667	0.0	0.666667
163	70	0.0	7.469780096269298	0.0
336	337	1.0	0.0	1.0
429	545	4.333333	416.4492440294878	4.337261487807136
396	392	2.0	27.393	2.000000033942468
725	761	9.666667	0.0	9.666667
411	407	24.333333	0.0	24.333333
860	46	0.0	0.0	0.0
36	493	0.0	0.0	0.0
92	839	0.0	448.25637361104503	0.0
18	395	0.0	0.0	0.0
484	77	0.0	0.0	0.0
885	327	3.666667	0.0	3.666667
61	264	0.0	234.20989270137156	0.0
961	103	4.666667	0.0	4.666667
600	599	0.333333	0.0	0.333333
447	890	10.666667	0.0	10.666667
30	160	0.0	0.0	0.0
548	88	0.0	0.0	0.0
33	348	0.0	0.0	0.0
736	41	0.0	791.1070401708274	0.0
36	494	0.0	503.8391642033168	0.0
905	906	17.0	0.0	17.0
337	332	33.333333	67.2637324610947	33.33335356636905
530	51	0.0	0.0	0.0
373	365	9.333333	334.6275742591479	9.511699637047286
762	809	12.666667	0.0	12.666667
898	906	1.666667	788.1668400614343	1.6771307980157093
185	186	1.0	78.228	1.0000006092798044
4	724	0.0	294.66880770520817	0.0
867	864	11.333333	0.0	11.333333
256	401	5.666667	381.1780436884433	5.849001630659799
489	498	13.0	0.0	13.0
473	470	9.333333	0.0	9.333333
353	360	0.333333	0.0	0.333333
753	2	0.0	396.7996669854064	0.0
401	404	1.666667	0.0	1.666667
148	159	10.0	236.06085662958367	10.000505200520992
238	221	13.333333	73.6719212452351	13.333339390201946
468	315	0.666667	126.84402628337754	0.6669300383042908
794	43	0.0	0.0	0.0
331	325	1.666667	341.93716708637953	1.6673537348808616
358	276	6.0	0.0	6.0
656	653	5.333333	0.4255887888568648	5.33333300000135
4	725	0.0	65.19422587252737	0.0
139	50	0.0	1246.9689030370246	0.0
181	183	1.0	0.0	1.0
638	631	11.666667	92.7140744988603	11.666692982713515
768	25	0.0	638.6192286516423	0.0
14	464	0.0	697.8323602031588	0.0
702	825	8.0	748.2577015184389	11.822299656982679
319	884	15.333333	0.0	15.333333
9	902	0.0	716.0391799276131	0.0
773	775	9.333333	0.0	9.333333
580	690	9.333333	601.2009901846187	9.370084116972091
325	318	0.666667	308.2054583356432	0.6668483114764978
672	666	9.666667	228.98841301890818	9.667099412920201
571	577	6.0	652.353292607827	6.032751991941484
744	37	0.0	0.0	0.0
537	440	9.0	0.0	9.0
303	892	10.0	1134.4048746281233	10.499145740430135
564	780	8.0	534.9492938731806	8.010658800558017
50	139	0.0	1342.7753325088727	0.0
364	365	2.666667	875.6507321071185	5.056251591811085
959	80	0.0	0.0	0.0
378	328	19.0	0.0	19.0
216	171	19.666667	0.0	19.666667
67	617	0.0	14.248330532854295	0.0
370	373	9.666667	673.4353536595019	12.697000092043806
273	323	2.333333	0.0	2.333333
338	347	6.0	257.015420217873	6.000789119918787
144	145	7.333333	0.0	7.333333
644	925	3.666667	1493.0547398774072	4.215865604846744
957	338	2.666667	0.0	2.666667
593	166	4.0	0.0	4.0
24	735	0.0	0.0	0.0
132	27	0.0	2003.3437199058894	0.0
656	244	5.0	9.477696878832658	5.000000311297951
579	82	0.0	764.2706572979167	0.0
689	694	1.666667	305.75389980764464	1.779058082754455
894	96	0.0	0.0	0.0
922	21	0.0	516.0352092088565	0.0
423	424	0.666667	84.38314403092465	0.6667185183246119
116	117	0.666667	91.8966545436866	0.6666684330547955
507	506	4.333333	237.99300000000002	4.354521917031608
963	590	15.333333	710.3830087470212	15.396862392607224
799	917	8.666667	565.1196070012334	10.013902674613384
269	59	0.0	2579.217440362582	0.0
259	257	11.333333	58.878836900775056	11.333335215962535
650	646	3.666667	515.8415064333843	4.062367472160979
807	565	5.333333	362.62813095247566	5.473897168934639
959	777	12.666667	0.0	12.666667
925	87	0.0	1493.0547398774072	0.0
644	64	0.0	0.0	0.0
208	215	1.0	347.15332811494306	1.0221368231131125
525	527	6.666667	0.0	6.666667
339	342	3.333333	0.0	3.333333
935	932	10.0	0.0	10.0
110	111	0.666667	581.4205608693867	0.7827852449834525
44	706	0.0	491.21063433485494	0.0
104	103	5.0	0.0	5.0
460	461	2.0	0.0	2.0
813	816	11.0	409.3912933002825	11.009313268562849
852	885	3.333333	0.0	3.333333
360	919	1.666667	113.51417726693589	1.6666753407344181
467	463	5.666667	0.0	5.666667
495	492	33.666667	0.0	33.666667
367	20	0.0	1.8787455779041273	0.0
686	13	0.0	1428.3728974701219	0.0
619	614	8.333333	16.22660495635272	8.333333017413434
603	601	0.666667	0.0	0.666667
265	60	0.0	0.0	0.0
43	794	0.0	0.0	0.0
896	740	26.0	0.0	26.0
649	650	2.666667	642.989460195725	6.1837223356272535
702	701	5.666667	0.0	5.666667
601	612	16.0	38.633210101927475	16.000054324173636
289	275	12.0	270.81343407985065	12.098376649114694
486	499	3.666667	0.0	3.666667
243	963	3.666667	710.3830087470212	3.681858812986971
897	40	0.0	380.2646748132683	0.0
64	551	0.0	314.30508411569065	0.0
490	479	5.0	0.0	5.0
12	433	0.0	376.6318727261506	0.0
235	230	1.0	939.1490666505326	1.0126562778205355
960	854	3.0	0.0	3.0
796	893	13.666667	90.59729833565758	13.666694750999755
401	402	0.333333	0.0	0.333333
25	772	0.0	532.623689187545	0.0
845	844	2.666667	0.0	2.666667
455	819	2.0	0.0	2.0
378	81	0.0	96.2738427130291	0.0
785	789	2.333333	0.0	2.333333
14	463	0.0	321.93867299685024	0.0
501	497	5.0	442.366619859072	5.2918296139162555
685	223	11.666667	179.11924824818266	11.667028968573845
38	782	0.0	0.0	0.0
169	170	2.666667	686.1902701062152	2.6762856668702364
334	20	0.0	309.40764820942394	0.0
264	270	8.666667	0.0	8.666667
572	573	2.666667	68.29619605057125	2.66675542698329
554	551	3.666667	0.0	3.666667
884	316	11.333333	0.0	11.333333
902	9	0.0	409.3912933002825	0.0
662	661	7.333333	290.03730548245727	7.3341772765524915
863	46	0.0	0.0	0.0
59	457	0.0	84.38314403092465	0.0
904	899	4.0	0.0	4.0
552	67	0.0	342.9149946036626	0.0
878	23	0.0	0.0	0.0
343	33	0.0	0.0	0.0
635	400	9.0	92.7140744988603	9.0000108191478
114	209	5.0	855.1763347470938	5.043507144036461
596	600	2.666667	342.8374683836691	2.667777393568462
612	941	2.0	0.0	2.0
784	262	19.0	0.0	19.0
426	407	5.666667	210.99836816450124	5.667005531520216
735	24	0.0	0.0	0.0
522	956	0.333333	1104.1360251364267	1.0884227819749681
943	950	17.333333	563.0852428067404	19.98921408083489
175	176	0.666667	0.0	0.666667
53	247	0.0	946.6338618282691	0.0
27	268	0.0	2189.587809279826	0.0
755	305	6.666667	46.22191268787133	6.66666791718184
519	518	6.0	0.0	6.0
832	833	1.666667	130.56647747782492	1.6674052535582913
526	72	0.0	670.3372738125665	0.0
89	147	0.0	74.9561194954834	0.0
10	568	0.0	0.0	0.0
870	454	1.0	0.0	1.0
476	477	0.333333	24.927	0.333333196150007
542	537	0.666667	0.0	0.666667
655	656	4.0	0.4255887888568648	4.0000000000010125
12	437	0.0	0.0	0.0
209	213	3.0	0.0	3.0
119	180	6.0	0.0	6.0
507	508	2.666667	0.0	2.666667
724	44	0.0	849.5112885945437	0.0
884	319	8.333333	0.0	8.333333
269	61	0.0	132.50644150145715	0.0
320	384	6.666667	261.98354564777185	6.90899289376798
637	634	8.333333	0.0	8.333333
258	261	0.666667	395.31001136904723	0.666931867141952
667	671	7.666667	582.3437536993048	7.681011722821405
772	456	7.333333	532.623689187545	7.351121460062787
14	467	0.0	0.0	0.0
43	796	0.0	942.2275824626537	0.0
224	83	0.0	325.39212547845864	0.0
483	479	0.666667	0.0	0.666667
290	143	2.0	0.0	2.0
715	714	8.333333	819.6896494426546	14.067185321333646
531	532	1.666667	327.1788113274798	1.6669777115461306
155	162	1.0	0.0	1.0
903	904	4.0	191.298	4.008164539072766
24	733	0.0	489.24869893429525	0.0
774	772	15.0	0.0	15.0
618	623	6.333333	0.0	6.333333
44	708	0.0	1578.0250515943262	0.0
25	768	0.0	557.5322232614178	0.0
9	659	0.0	0.0	0.0
844	850	4.0	0.0	4.0
123	116	1.666667	80.58365454368662	1.666668143416744
344	71	0.0	24.656628083064042	0.0
513	516	3.0	24.927	3.0000017653518287
294	39	0.0	706.034161848646	0.0
51	951	0.0	582.3437536993048	0.0
147	89	0.0	16.366239389481816	0.0
798	797	23.0	0.0	23.0
495	489	3.0	0.0	3.0
769	16	0.0	0.0	0.0
506	965	4.333333	442.366619859072	5.613735332565078
615	149	1.0	24.161705564762727	1.0000000102722453
538	560	14.0	0.0	14.0
376	382	4.333333	251.01829134486684	4.466084225461796
144	66	0.0	992.0370483585949	0.0
826	824	6.0	0.0	6.0
856	861	15.666667	0.0	15.666667
236	226	0.666667	0.0	0.666667
197	214	5.666667	527.6403241941605	5.673812744453274
46	861	0.0	652.1175517042287	0.0
814	815	2.0	197.68137486970662	2.0000496890715507
792	11	0.0	467.2531581758675	0.0
757	3	0.0	0.0	0.0
277	58	0.0	348.05352897779665	0.0
743	741	2.666667	0.0	2.666667
637	633	0.333333	0.0	0.333333
306	304	1.0	0.0	1.0
228	225	0.666667	0.0	0.666667
264	62	0.0	3588.6752466044904	0.0
826	702	20.333333	92.349	20.3355870696092
2	781	0.0	0.0	0.0
470	471	2.0	0.0	2.0
630	631	14.333333	48.058427634902124	14.33333424392242
446	173	7.333333	0.0	7.333333
558	75	0.0	18.6291701133095	0.0
869	868	3.333333	27.393	3.3333330565707744
681	903	3.0	191.298	3.0061234043045744
954	519	18.0	1321.2020400121858	101.5948282301257
916	917	4.0	403.8885769173365	4.162231892623515
652	718	1.333333	207.13453522996008	1.333372931585967
139	177	1.333333	1067.4660550135663	1.361498845765239
423	422	3.333333	531.3791288549612	3.3376567895387854
272	86	0.0	1991.1447561417378	0.0
545	644	2.333333	0.0	2.333333
783	720	3.0	416.39684714908066	3.0014672998031795
275	274	1.666667	270.81343407985065	1.6803304262208365
91	215	0.0	452.5855403337601	0.0
648	658	3.666667	0.0	3.666667
724	4	0.0	162.62373855446046	0.0
59	700	0.0	0.0	0.0
529	51	0.0	667.532195015456	0.0
660	15	0.0	0.0	0.0
10	570	0.0	0.0	0.0
63	268	0.0	1833.7233146286817	0.0
259	256	1.0	666.3161630636795	1.3004355738645113
733	729	4.333333	489.24869893429525	4.340816345814442
97	835	0.0	130.56647747782492	0.0
560	637	15.0	667.9425267553765	15.089991744911288
819	826	7.333333	0.0	7.333333
695	699	2.333333	732.0145314205733	2.3442329224397
257	186	17.666667	734.8595814470938	17.750485511104173
358	356	0.333333	0.0	0.333333
43	795	0.0	1112.0165770755411	0.0
286	290	3.333333	0.0	3.333333
712	35	0.0	0.0	0.0
696	693	7.333333	0.0	7.333333
46	860	0.0	0.0	0.0
223	7	0.0	601.2406823265621	0.0
442	443	6.666667	484.03967658034736	7.2244465315849835
33	476	0.0	24.927	0.0
70	175	0.0	54.534832456680505	0.0
24	734	0.0	187.69919966060039	0.0
536	543	1.0	350.3358473927534	1.0002450790488355
559	560	9.333333	667.9425267553765	9.38932786150054
294	38	0.0	1111.3556678401415	0.0
542	538	2.333333	0.0	2.333333
737	706	0.333333	497.4989573119413	0.49089156216291724
838	836	1.0	197.76370971323	1.0023313976947303
864	856	18.0	0.0	18.0
325	316	8.666667	92.727	8.666686312210219
35	597	0.0	149.7121141406021	0.0
973	826	8.333333	748.2577015184389	12.314894983427804
19	804	0.0	0.0	0.0
775	768	12.0	0.0	12.0
716	93	0.0	0.0	0.0
541	544	1.0	667.532195015456	1.0032304032663533
335	871	10.0	245.598419304355	10.055453917440381
144	65	0.0	2185.2216825709834	0.0
172	606	4.666667	0.0	4.666667
232	241	3.333333	0.0	3.333333
638	636	0.333333	0.0	0.333333
29	549	0.0	0.0	0.0
30	953	0.0	1540.8729278503304	0.0
424	423	2.666667	0.0	2.666667
181	178	5.666667	10.672587422730091	5.666667001196119
165	155	0.333333	0.0	0.333333
886	884	8.333333	177.56329134486685	8.397251486272424
35	710	0.0	0.0	0.0
862	865	0.333333	0.0	0.333333
262	891	3.333333	591.0114591609984	3.3399495284250063
931	867	0.666667	0.0	0.666667
924	87	0.0	0.0	0.0
31	169	0.0	953.2351835779854	0.0
314	415	7.0	0.0	7.0
7	222	0.0	0.0	0.0
92	257	0.0	704.7256656502894	0.0
151	29	0.0	2433.8671437551952	0.0
844	843	8.333333	333.24090867806524	8.335004936778644
751	781	2.666667	0.0	2.666667
808	809	14.0	8.202	14.000000001030802
863	859	11.0	0.0	11.0
924	620	5.666667	0.0	5.666667
385	324	2.0	223.6926122309977	2.0001509355679774
601	76	0.0	2127.831539516895	0.0
761	725	7.666667	0.0	7.666667
719	725	9.0	0.0	9.0
34	634	0.0	92.7140744988603	0.0
721	795	14.666667	0.0	14.666667
95	199	0.0	428.553422583914	0.0
843	849	4.666667	21.861	4.666667032124912
741	304	4.333333	0.0	4.333333
606	611	12.0	0.0	12.0
21	922	0.0	0.0	0.0
578	573	2.0	282.0396513421821	2.01928859677931
88	402	0.0	513.3884185622502	0.0
179	189	8.0	10.672587422730091	8.000000001688639
379	440	1.666667	0.0	1.666667
52	369	0.0	0.0	0.0
764	94	0.0	0.0	0.0
611	91	0.0	1116.151202203303	0.0
684	686	5.0	0.0	5.0
934	932	4.0	412.2975184741931	4.176170358099616
491	478	2.666667	340.3293520481697	2.9427002587205773
73	445	0.0	770.4562621513003	0.0
559	75	0.0	95.16931482884033	0.0
188	508	20.666667	583.8487268163524	24.326841187924153
305	753	6.666667	46.22191268787133	6.666713379960703
294	743	2.0	0.0	2.0
843	848	2.666667	0.0	2.666667
518	520	4.0	0.0	4.0
494	501	15.333333	503.8391642033168	16.839365074224098
301	293	7.0	416.39684714908066	7.003423699540752
560	561	1.333333	0.0	1.333333
394	396	7.0	27.393	7.000000118798638
751	2	0.0	245.52116340114736	0.0
631	635	1.666667	92.7140744988603	1.6666690035462894
934	933	14.0	0.0	14.0
801	40	0.0	1270.3476953562156	0.0
83	225	0.0	0.0	0.0
750	746	4.333333	46.22191268787133	4.33333359616812
50	584	0.0	1277.9176131261236	0.0
727	761	4.666667	424.45804506069516	4.669131414552072
799	830	10.666667	766.292364491416	10.777523653213384
129	122	6.0	0.0	6.0
477	514	5.0	24.927	5.000002942253047
447	448	4.333333	21.1664698664854	4.333334325701529
264	61	0.0	1195.913275091116	0.0
577	578	0.666667	357.74560407094816	0.6833101736301239
441	440	11.333333	0.0	11.333333
210	211	2.666667	0.0	2.666667
623	557	10.0	0.0	10.0
471	17	0.0	0.0	0.0
85	625	0.0	465.8682710149743	0.0
346	349	2.0	0.0	2.0
25	775	0.0	0.0	0.0
151	30	0.0	1580.445825788532	0.0
340	341	5.333333	0.0	5.333333
554	64	0.0	2.9519744463861626	0.0
501	502	2.333333	503.8391642033168	3.4935505036140593
7	223	0.0	998.828435742709	0.0
799	705	12.333333	430.65959446314656	12.979949717024699
305	303	11.333333	0.0	11.333333
645	670	1.666667	0.0	1.666667
122	121	0.666667	0.0	0.666667
156	166	0.666667	0.0	0.666667
35	711	0.0	916.6286627201672	0.0
52	370	0.0	1087.3674770853777	0.0
52	247	0.0	365.693174432604	0.0
602	69	0.0	0.0	0.0
821	817	4.333333	0.0	4.333333
360	353	0.333333	0.0	0.333333
6	679	0.0	0.0	0.0
726	728	2.0	1209.7731767084376	2.1291221750043285
370	369	8.666667	0.0	8.666667
79	779	0.0	795.5722496598127	0.0
435	73	0.0	0.0	0.0
602	601	29.333333	0.0	29.333333
264	59	0.0	106.60579282740233	0.0
281	282	0.333333	197.76370971323	0.33411013178777754
661	580	1.333333	789.6320782411599	1.348957020240065
365	364	7.666667	334.6275742591479	7.813182463463203
83	224	0.0	0.0	0.0
269	270	0.666667	0.0	0.666667
79	738	0.0	352.12457591351074	0.0
899	810	15.666667	140.68914899717927	15.676022111873765
430	429	1.333333	416.4492440294878	1.3345417652699096
506	507	4.333333	752.0510846780048	6.446050328077401
481	491	5.333333	647.9259013848729	6.765949765776929
773	772	0.666667	0.0	0.666667
863	860	40.333333	0.0	40.333333
75	558	0.0	667.2266439745365	0.0
544	529	0.666667	667.532195015456	0.66882060325437
935	885	2.333333	0.0	2.333333
571	82	0.0	0.0	0.0
531	529	0.666667	0.0	0.666667
666	591	1.0	228.98841301890818	1.0000447323695127
171	31	0.0	787.890581447094	0.0
227	237	0.666667	67.2637324610947	0.6666674113275907
237	419	4.0	140.9356537063298	4.000047566206986
418	414	3.333333	0.0	3.333333
743	294	2.666667	0.0	2.666667
914	799	9.333333	403.8885769173365	9.711874069268877
921	430	2.0	113.51417726693589	2.0000100088793
425	418	6.333333	0.0	6.333333
965	502	6.0	442.366619859072	7.7728649045412554
713	717	0.333333	0.0	0.333333
611	92	0.0	1215.2470145079474	0.0
797	799	20.333333	66.04800000000002	20.33334466278559
792	788	2.666667	0.0	2.666667
199	526	7.333333	428.553422583914	9.241938963116768
548	546	16.666667	0.0	16.666667
175	89	0.0	676.7133097883376	0.0
784	11	0.0	0.0	0.0
744	739	0.666667	0.0	0.666667
512	513	2.333333	0.0	2.333333
35	712	0.0	0.0	0.0
839	259	21.0	448.25637361104503	22.292275618298262
597	712	0.333333	0.0	0.333333
843	563	4.333333	352.51290867806523	4.3344216544171665
602	68	0.0	2.367	0.0
892	893	6.0	0.0	6.0
52	248	0.0	0.0	0.0
944	949	1.666667	0.0	1.666667
447	696	7.0	376.6318727261506	7.214682320562589
496	283	0.333333	781.30627077276	0.3370768512408731
927	928	1.666667	9.689210101927477	1.6666670223888758
803	804	5.333333	409.5149169875807	5.335773312696017
26	768	0.0	1926.1463457260957	0.0
761	763	3.666667	310.44160325778853	3.9294432671604187
745	776	20.333333	0.0	20.333333
893	801	8.666667	1270.3476953562156	9.34696243895583
388	387	2.333333	377.91824808040224	2.3347675748311607
711	35	0.0	355.16000617432013	0.0
740	722	5.666667	0.0	5.666667
285	58	0.0	438.1291148224754	0.0
109	523	8.333333	38.80059954861466	8.333361787400133
220	233	6.0	0.0	6.0
391	452	1.333333	642.8598999407633	1.3370378603982125
148	89	0.0	0.0	0.0
322	81	0.0	33.73170875073653	0.0
414	236	33.0	0.0	33.0
951	51	0.0	0.0	0.0
158	28	0.0	985.2293055885182	0.0
770	16	0.0	0.0	0.0
972	747	3.0	96.2738427130291	3.000392811726361
50	587	0.0	0.0	0.0
282	280	10.333333	130.56647747782492	10.333423515344448
79	742	0.0	403.8885769173365	0.0
209	54	0.0	750.9110176950126	0.0
240	239	1.666667	553.6020708949093	1.6692138744420997
311	312	3.0	0.0	3.0
584	174	19.666667	0.0	19.666667
204	205	1.0	0.31865212408734556	1.0000000000000795
29	546	0.0	2564.485366703408	0.0
731	737	4.333333	1209.7731767084376	4.613097690989016
489	486	11.0	0.0	11.0
64	545	0.0	0.0	0.0
182	175	0.666667	0.0	0.666667
584	50	0.0	1156.149270034633	0.0
821	1	0.0	541.4605030615704	0.0
25	773	0.0	0.0	0.0
358	155	4.666667	19.860468383668554	4.666667021883652
270	61	0.0	0.0	0.0
212	202	15.333333	850.0180277333077	15.463564783624197
471	470	2.0	868.329530558291	10.773306016406337
80	777	0.0	85.47183047071923	0.0
360	21	0.0	11.4	0.0
546	29	0.0	1789.1572437854313	0.0
579	571	21.333333	0.0	21.333333
945	944	4.666667	0.0	4.666667
844	845	4.0	0.0	4.0
547	146	4.666667	0.0	4.666667
150	200	10.333333	108.28229634944175	10.333356112031936
734	24	0.0	113.67998844314529	0.0
417	423	10.0	615.7622728858853	10.02338945923777
477	476	0.333333	0.0	0.333333
197	168	1.0	138.3967030903957	1.000005968577704
89	148	0.0	236.06085662958367	0.0
75	559	0.0	158.04677087925555	0.0
34	637	0.0	0.0	0.0
127	131	10.666667	302.9350667625523	10.6681284864956
149	615	0.333333	6.537394854425244	0.3333330000183507
868	870	6.0	0.0	6.0
700	61	0.0	0.0	0.0
934	930	2.0	0.0	2.0
412	289	6.666667	71.50906216536812	6.668012079923501
121	123	17.333333	0.0	17.333333
768	314	20.666667	770.7728223767201	20.88651931684951
369	52	0.0	0.0	0.0
874	627	3.0	215.38795099349545	3.0098409457150836
571	575	0.666667	0.0	0.666667
103	434	6.0	0.0	6.0
742	916	9.333333	403.8885769173365	9.711874069268877
567	847	1.0	0.0	1.0
611	93	0.0	65.50691111273218	0.0
353	21	0.0	285.8164922783801	0.0
6	762	0.0	0.0	0.0
756	751	12.0	245.52116340114736	12.336458866767934
941	927	12.666667	0.0	12.666667
922	919	4.333333	0.0	4.333333
200	27	0.0	108.28229634944175	0.0
564	783	1.333333	138.22500000000002	1.3370886059716456
839	711	14.0	0.0	14.0
590	177	10.666667	1081.22323027936	10.903836088177885
165	356	4.666667	40.59805443805154	4.66666738210501
582	675	2.666667	193.93363240105788	2.666780693686176
714	713	8.666667	0.0	8.666667
308	84	0.0	0.0	0.0
366	806	17.333333	566.2032545659023	17.3623157373223
518	522	20.666667	1028.6364383655844	55.93200273219089
340	345	0.333333	0.0	0.333333
328	374	9.666667	0.0	9.666667
50	586	0.0	1.5998522832933448	0.0
88	401	0.0	306.02030091345716	0.0
732	812	1.666667	393.73801100919525	1.6678743501544933
570	10	0.0	0.0	0.0
38	779	0.0	1220.275003457199	0.0
777	96	0.0	280.67160740039895	0.0
222	223	9.0	0.0	9.0
317	318	9.666667	92.727	9.666688540542081
273	86	0.0	0.0	0.0
557	618	5.333333	0.0	5.333333
758	3	0.0	0.0	0.0
804	19	0.0	409.5149169875807	0.0
776	102	5.333333	0.0	5.333333
132	142	18.333333	0.0	18.333333
193	271	2.0	531.3791288549612	2.0048062128336874
939	941	3.666667	0.0	3.666667
774	768	1.333333	0.0	1.333333
700	59	0.0	0.0	0.0
832	835	4.0	197.76370971323	4.009325590778921
287	289	1.0	0.0	1.0
258	11	0.0	829.9718835234585	0.0
476	33	0.0	0.0	0.0
558	572	5.333333	748.5724478007766	5.383809482967686
382	302	11.0	251.01829134486684	11.336983905940246
775	25	0.0	0.0	0.0
809	807	10.0	362.62813095247566	10.263557833224812
544	532	0.666667	0.0	0.666667
263	267	3.333333	0.0	3.333333
941	68	0.0	0.006458742660689289	0.0
245	251	6.666667	0.0	6.666667
17	370	0.0	542.9309018063823	0.0
785	48	0.0	708.8528804080664	0.0
856	857	1.333333	0.0	1.333333
815	813	2.333333	409.3912933002825	2.3343993481167216
364	367	5.0	0.0	5.0
37	744	0.0	0.0	0.0
354	57	0.0	0.0	0.0
828	818	4.0	0.0	4.0
225	83	0.0	0.0	0.0
275	238	4.666667	0.0	4.666667
278	834	11.333333	126.30582885109939	11.33341993732143
353	964	10.333333	25.047	10.333333122579633
80	776	0.0	2.553	0.0
21	920	0.0	241.66341169418052	0.0
530	942	0.333333	0.0	0.333333
768	26	0.0	114.5520772766841	0.0
778	745	4.666667	0.0	4.666667
443	432	15.666667	272.2786180568956	15.797905339087494
578	576	0.333333	755.9822044789719	0.33661455459625217
341	216	7.0	655.1481833949842	7.0388697043864195
492	511	2.333333	0.0	2.333333
677	687	0.333333	919.4097206828176	0.34051209513716674
5	892	0.0	0.0	0.0
329	328	2.0	0.0	2.0
702	703	1.0	92.349	1.000110855884237
447	463	27.333333	0.0	27.333333
800	40	0.0	0.0	0.0
398	451	18.333333	0.0	18.333333
152	151	1.666667	0.0	1.666667
294	297	4.0	0.0	4.0
543	539	1.0	1230.6174378221951	1.0373129970325203
636	632	8.666667	48.058427634902124	8.666668393430696
54	209	0.0	195.402255054223	0.0
78	771	0.0	0.0	0.0
894	742	14.333333	0.0	14.333333
740	745	11.333333	0.0	11.333333
366	16	0.0	414.34255095602055	0.0
815	898	1.0	182.02809257861955	1.0000178616488726
524	72	0.0	0.0	0.0
841	711	2.333333	0.0	2.333333
879	375	5.666667	21.861	5.666667039008821
225	274	1.666667	0.0	1.666667
691	692	2.666667	454.25996387931747	2.668514372648477
195	156	14.666667	0.0	14.666667
440	379	2.333333	0.0	2.333333
446	510	7.0	0.0	7.0
87	925	0.0	0.0	0.0
719	44	0.0	334.83388097615017	0.0
57	356	0.0	1954.0052709608235	0.0
74	957	0.0	0.0	0.0
445	188	5.666667	770.4562621513003	8.710000958466736
63	323	0.0	787.2097651433853	0.0
937	337	5.666667	58.431732461094704	5.66666899102988
677	730	1.666667	344.42057677365057	1.6673739036569462
633	34	0.0	148.6081141406021	0.0
400	399	4.0	92.7140744988603	4.000004808510133
163	89	0.0	33.11465820681307	0.0
395	18	0.0	402.2867568826766	0.0
168	144	5.666667	0.0	5.666667
688	464	1.333333	305.75389980764464	1.4232458257427825
64	644	0.0	1493.0547398774072	0.0
302	48	0.0	251.01829134486684	0.0
313	314	1.333333	43.70174416524701	1.3333330791227884
930	744	10.333333	0.0	10.333333
166	154	1.333333	0.0	1.333333
226	227	1.666667	0.0	1.666667
62	206	0.0	850.0180277333077	0.0
705	41	0.0	430.65959446314656	0.0
797	795	0.666667	491.0951897563456	0.6672978695323498
153	146	6.333333	114.31885906703518	6.333350598340798
504	349	7.666667	173.20059954861463	7.677182601666031
403	260	0.666667	433.4524914538565	0.7025348161240592
152	29	0.0	0.0	0.0
612	602	9.0	0.0	9.0
714	605	2.333333	708.8729417286386	3.2313411592064467
138	394	6.0	27.393	6.000000101827403
5	893	0.0	1381.1826953562163	0.0
696	49	0.0	376.6318727261506	0.0
742	79	0.0	1011.631951566647	0.0
471	370	8.333333	0.0	8.333333
790	793	7.666667	59.84384664302081	7.66666996373684
38	749	0.0	0.0	0.0
149	167	5.333333	246.3545380511603	5.333652601524618
521	90	0.0	0.0	0.0
59	264	0.0	3562.760256681794	0.0
674	665	6.666667	169.22568986199826	6.666831789284716
21	353	0.0	463.1761148224753	0.0
94	764	0.0	0.0	0.0
142	288	0.666667	0.0	0.666667
133	134	3.333333	0.0	3.333333
215	207	15.0	0.0	15.0
915	830	8.333333	0.0	8.333333
74	342	0.0	135.17139258766716	0.0
561	560	1.0	0.0	1.0
491	339	13.333333	307.5965493367042	13.515258896908355
509	74	0.0	0.0	0.0
599	594	8.0	0.0	8.0
707	685	15.666667	179.11924824818266	15.667153072081332
350	351	0.666667	0.0	0.666667
972	754	7.0	270.6528834735912	7.057250414524999
300	303	15.333333	0.0	15.333333
927	599	18.666667	0.0	18.666667
270	269	0.666667	0.0	0.666667
62	204	0.0	2737.280153826224	0.0
419	414	1.0	0.0	1.0
252	247	5.0	0.0	5.0
161	550	3.0	0.0	3.0
923	130	13.0	1642.0783540263933	15.848878255442846
217	31	0.0	0.0	0.0
132	139	1.333333	2157.934120841609	1.803724245983081
318	325	1.333333	92.727	1.3333359711084074
196	190	4.0	0.0	4.0
682	291	14.0	1585.6122945030022	16.667295222968043
425	55	0.0	82.20665454368662	0.0
487	486	8.0	0.0	8.0
94	311	0.0	0.0	0.0
288	291	1.666667	0.0	1.666667
263	60	0.0	1695.5127269477987	0.0
125	58	0.0	0.0	0.0
833	837	1.333333	130.56647747782492	1.333923602580862
714	603	17.666667	220.3548420785599	17.73015256337192
579	582	0.666667	993.9347077287874	0.6862778047669817
666	667	1.0	0.0	1.0
12	443	0.0	272.2786180568956	0.0
274	83	0.0	270.81343407985065	0.0
729	726	1.0	388.46754437737144	1.0006863948151554
145	66	0.0	0.0	0.0
621	554	14.0	2.9519744463861626	14.000000001620348
276	358	4.666667	0.0	4.666667
295	741	5.0	0.0	5.0
505	508	3.666667	354.23471868136306	3.7546636075242943
152	30	0.0	0.0	0.0
13	684	0.0	0.0	0.0
306	722	1.333333	0.0	1.333333
177	174	5.333333	2003.3437199058894	6.730950890166539
883	884	14.333333	0.0	14.333333
608	585	6.333333	0.0	6.333333
844	860	22.666667	0.0	22.666667
698	447	8.0	21.1664698664854	8.000002447449164
652	664	0.666667	279.4197455309739	0.6667894876669039
723	719	11.333333	429.02432225074716	11.918547754980828
749	38	0.0	0.0	0.0
915	828	10.333333	0.0	10.333333
610	943	3.0	563.0852428067404	3.459671734368957
271	264	4.333333	531.3791288549612	4.34374646033862
12	444	0.0	0.0	0.0
170	175	7.0	686.1902701062152	7.025248997378246
889	686	7.0	817.7415731143665	11.770812097021894
642	640	14.333333	11.312999999999999	14.333333007076417
660	662	5.333333	290.03730548245727	5.3344705465589115
771	78	0.0	0.0	0.0
54	211	0.0	450.83872822500393	0.0
625	121	1.333333	465.8682710149743	1.8179360665302053
351	344	2.333333	0.0	2.333333
18	454	0.0	377.91824808040224	0.0
39	294	0.0	1111.3556678401415	0.0
92	611	0.0	1126.7630894675033	0.0
109	106	0.666667	0.0	0.666667
415	314	19.333333	421.3335457342557	19.34324539862165
201	202	1.333333	0.0	1.333333
47	861	0.0	422.1371137865299	0.0
645	664	3.666667	9.477696878832658	3.6666670004813384
338	339	0.333333	404.63018076211495	0.346951879125508
121	122	0.666667	0.0	0.666667
859	858	1.333333	0.0	1.333333
213	218	6.666667	0.0	6.666667
519	98	0.0	1321.2020400121858	0.0
586	50	0.0	0.0	0.0
185	255	8.0	379.0046363307382	8.00268556675679
494	36	0.0	0.0	0.0
747	378	10.333333	96.2738427130291	10.33468601812493
797	794	1.666667	0.0	1.666667
213	54	0.0	0.0	0.0
920	21	0.0	0.0	0.0
707	809	1.666667	0.0	1.666667
23	875	0.0	0.0	0.0
65	555	0.0	0.0	0.0
728	731	1.333333	1209.7731767084376	1.4194144284825232
274	287	12.333333	202.4420368535105	12.36490580831786
43	721	0.0	608.7604400528288	0.0
171	169	1.666667	0.0	1.666667
94	312	0.0	26.63210570552425	0.0
375	376	2.0	21.861	2.0000000137678184
772	773	0.666667	0.0	0.666667
183	180	1.0	10.672587422730091	1.000000019774652
361	85	0.0	0.0	0.0
601	539	11.0	0.0	11.0
643	923	2.333333	1642.0783540263933	2.8446700497236326
795	721	2.666667	0.0	2.666667
487	482	2.333333	0.0	2.333333
945	950	1.0	1135.8189461321008	1.0270772347040202
86	273	0.0	0.0	0.0
746	755	4.0	46.22191268787133	4.0000005503090765
659	9	0.0	454.25996387931747	0.0
957	509	7.333333	0.0	7.333333
438	434	6.666667	0.0	6.666667
459	434	6.333333	21.1664698664854	6.333334937563819
61	700	0.0	0.0	0.0
822	1	0.0	0.0	0.0
67	584	0.0	1156.149270034633	0.0
777	745	7.333333	0.0	7.333333
864	47	0.0	0.0	0.0
406	122	6.333333	0.0	6.333333
845	855	3.0	0.0	3.0
177	587	6.333333	145.34556538703666	6.333418191153567
70	163	0.0	0.0	0.0
410	427	5.666667	82.20665454368662	5.66667480028775
716	841	5.666667	0.0	5.666667
88	548	0.0	0.0	0.0
910	900	2.333333	359.1425178106873	2.3924992409042387
962	645	3.333333	9.477696878832658	3.3333330004375803
452	806	1.666667	230.52216346442057	1.6738404742872526
703	704	2.333333	92.349	2.3335916636929346
303	782	12.0	0.0	12.0
173	446	10.666667	0.0	10.666667
74	509	0.0	547.912352234985	0.0
75	585	0.0	0.0	0.0
864	867	13.666667	0.0	13.666667
802	805	2.666667	409.5149169875807	2.667887156576788
858	859	0.333333	0.0	0.333333
492	495	17.0	0.0	17.0
525	515	3.0	0.0	3.0
661	653	5.0	300.40630256902807	5.062063480430803
708	681	13.0	1578.0250515943262	15.42970730474837
227	220	14.0	0.0	14.0
631	207	55.0	0.0	55.0
884	883	4.0	177.56329134486685	4.030680874637999
44	719	0.0	468.5645587926142	0.0
480	486	4.333333	0.0	4.333333
276	277	3.333333	560.1420815588908	3.833484375940188
24	456	0.0	0.0	0.0
31	171	0.0	5.991	0.0
561	558	7.0	99.9749739395501	7.000021077459891
26	774	0.0	0.0	0.0
366	873	9.666667	108.15476352132347	9.668682994433857
85	361	0.0	65.38876922335089	0.0
307	308	0.666667	0.0	0.666667
658	15	0.0	0.0	0.0
141	133	3.0	0.0	3.0
284	355	9.666667	571.4797501410197	11.238151511970086
310	86	0.0	0.0	0.0
257	92	0.0	28.74492110397059	0.0
65	144	0.0	960.553771251713	0.0
617	618	3.333333	0.0	3.333333
933	931	8.666667	0.0	8.666667
865	862	0.333333	0.0	0.333333
131	430	0.666667	302.9350667625523	0.666758342948792
564	10	0.0	445.205612011918	0.0
930	45	0.0	0.0	0.0
970	968	2.333333	236.1377715933964	2.3443907948298466
13	974	0.0	874.0278908066273	0.0
827	828	4.333333	0.0	4.333333
67	583	0.0	12.470688167140576	0.0
9	588	0.0	314.687803065706	0.0
900	8	0.0	359.1425178106873	0.0
603	76	0.0	220.3548420785599	0.0
87	924	0.0	0.0	0.0
345	340	0.333333	0.0	0.333333
47	864	0.0	0.0	0.0
381	302	5.0	0.0	5.0
902	898	8.0	716.0391799276131	8.063385827753823
719	4	0.0	368.43636902467256	0.0
774	26	0.0	0.0	0.0
39	297	0.0	0.0	0.0
759	760	0.666667	398.542162356402	0.7964449912747721
373	472	8.333333	0.0	8.333333
580	579	0.333333	799.4811776261232	0.33743755725581265
479	490	2.333333	48.058427634902124	2.3333519707681205
254	192	9.0	0.0	9.0
829	818	4.0	0.0	4.0
741	743	3.333333	0.0	3.333333
277	353	13.0	246.41585854250366	13.07305466126282
951	669	0.666667	582.3437536993048	0.6679143677713115
852	856	11.0	412.2975184741931	11.009580553531908
767	16	0.0	0.0	0.0
313	765	5.333333	59.6761671924413	5.333436093753304
762	6	0.0	336.7122482481826	0.0
41	736	0.0	0.0	0.0
345	504	2.666667	212.23652133276926	2.674913681536824
857	47	0.0	0.0	0.0
574	82	0.0	857.4702349572576	0.0
302	789	2.666667	0.0	2.666667
717	711	19.666667	0.0	19.666667
325	326	4.666667	33.73170875073653	4.666667182102209
319	320	1.333333	0.0	1.333333
700	270	3.0	0.0	3.0
65	184	0.0	0.0	0.0
422	193	7.0	531.3791288549612	7.009079958939445
779	79	0.0	1220.275003457199	0.0
349	71	0.0	173.20059954861463	0.0
864	866	18.666667	0.0	18.666667
711	92	0.0	841.7057934446076	0.0
6	809	0.0	586.3207431834738	0.0
524	481	2.0	647.9259013848729	2.537231320743306
215	208	1.0	452.5855403337601	1.0639488384485638
909	908	1.0	0.0	1.0
231	646	3.0	189.78409057266805	3.0059318536740776
238	83	0.0	0.0	0.0
250	53	0.0	0.0	0.0
867	931	2.0	0.0	2.0
820	830	2.333333	427.3966097361147	2.9340860898189813
270	272	19.666667	1142.0877674972448	20.67518514739943
915	913	1.333333	0.0	1.333333
356	358	0.333333	0.0	0.333333
57	354	0.0	750.2824076003155	0.0
15	674	0.0	77.9358429054196	0.0
89	175	0.0	31.91421096729975	0.0
779	38	0.0	795.5722496598127	0.0
873	373	10.333333	108.15476352132347	10.335488028388914
302	380	6.0	0.0	6.0
13	686	0.0	544.5960340663919	0.0
738	96	0.0	352.12457591351074	0.0
66	219	0.0	153.08287177860325	0.0
2	751	0.0	324.2632404093974	0.0
704	41	0.0	92.349	0.0
78	776	0.0	2.64	0.0
835	832	5.0	130.56647747782492	5.002214760231922
592	546	7.333333	0.0	7.333333
634	34	0.0	0.0	0.0
20	364	0.0	731.9327321071185	0.0
877	23	0.0	0.0	0.0
40	897	0.0	826.7770193786826	0.0
7	232	0.0	0.0	0.0
456	735	8.666667	0.0	8.666667
434	459	4.0	376.6318727261506	4.122675611750051
13	649	0.0	642.989460195725	0.0
342	74	0.0	0.0	0.0
250	252	1.666667	0.0	1.666667
952	954	3.666667	1321.2020400121858	20.695244669003905
95	517	0.0	57.997400451385325	0.0
278	23	0.0	188.80363004956567	0.0
207	503	18.666667	0.0	18.666667
946	947	1.0	1.5998522832933448	1.0000000000001974
128	117	16.666667	0.0	16.666667
38	294	0.0	706.034161848646	0.0
46	863	0.0	0.0	0.0
37	299	0.0	0.0	0.0
39	739	0.0	527.9671531246179	0.0
95	967	0.0	0.0	0.0
153	28	0.0	0.0	0.0
806	872	7.333333	230.52216346442057	7.364896279116561
249	53	0.0	850.0180277333077	0.0
276	198	5.666667	0.0	5.666667
297	39	0.0	0.0	0.0
352	345	3.333333	0.0	3.333333
479	494	6.333333	0.0	6.333333
102	959	0.666667	0.0	0.666667
160	30	0.0	236.06085662958367	0.0
789	302	2.333333	0.0	2.333333
639	938	6.666667	0.0	6.666667
625	85	0.0	0.0	0.0
529	531	0.666667	0.0	0.666667
893	752	11.333333	0.0	11.333333
500	498	4.666667	0.0	4.666667
766	769	18.0	0.0	18.0
280	627	0.333333	93.39647747782496	0.33333376446099483
140	141	1.666667	0.0	1.666667
47	857	0.0	0.0	0.0
233	234	3.666667	0.0	3.666667
454	870	1.0	0.0	1.0
674	15	0.0	102.64378544447939	0.0
932	934	4.0	507.8322594056245	4.405481547482233
283	281	5.333333	197.76370971323	5.333578889585247
225	238	0.666667	0.0	0.666667
598	595	7.0	19.860468383668554	7.000000032825475
95	190	0.0	0.0	0.0
932	852	1.333333	412.2975184741931	1.334494278925669
659	907	1.666667	0.0	1.666667
796	794	12.333333	0.0	12.333333
838	282	1.0	130.56647747782492	1.0004429520463844
751	893	21.0	0.0	21.0
335	20	0.0	3.4769042097171576	0.0
114	113	1.0	107.65651338859787	1.000204734581021
65	551	0.0	1424.566141904322	0.0
234	228	0.666667	0.0	0.666667
268	150	12.333333	247.19037769224076	12.688638311977433
73	435	0.0	347.15332811494306	0.0
268	27	0.0	2158.5580271720646	0.0
120	121	9.0	0.0	9.0
537	538	2.666667	0.0	2.666667
244	655	4.0	0.4255887888568648	4.0000000000010125
693	686	9.0	846.4876065375587	16.042954578575088
318	320	15.333333	261.98354564777185	15.335510146545635
22	639	0.0	0.0	0.0
737	797	23.0	491.0951897563456	23.021764987983573
612	402	18.0	96.87300000000002	18.00241609198541
286	389	4.0	642.8598999407633	4.011114583973283
324	328	10.333333	92.727	10.33335602609517
211	113	20.666667	450.83872822500393	20.680557669568927
93	611	0.0	75.15123141372347	0.0
309	84	0.0	0.0	0.0
338	957	2.666667	0.0	2.666667
646	654	0.333333	192.5479413281903	0.3340313349720704
167	153	8.333333	0.0	8.333333
464	689	4.666667	697.8323602031588	13.205651593412203
18	868	0.0	0.0	0.0
316	331	1.333333	341.93716708637953	1.3338823876574648
791	783	14.333333	591.0114591609984	14.36178407441098
651	9	0.0	0.0	0.0
455	824	1.666667	0.0	1.666667
480	77	0.0	0.0	0.0
160	151	15.333333	0.0	15.333333
802	391	7.0	402.2867568826766	7.2794286588363475
131	918	10.0	39.40063373587653	10.000000726386665
86	323	0.0	0.0	0.0
508	445	8.333333	0.0	8.333333
830	42	0.0	240.76486142984535	0.0
893	303	19.333333	110.83499999999998	19.333420936558902
704	705	1.333333	0.0	1.333333
449	118	4.666667	222.8444336291277	4.66701387181029
548	556	3.333333	0.0	3.333333
938	284	16.0	216.5648608262147	16.00106078404375
778	78	0.0	0.0	0.0
126	127	6.666667	302.9350667625523	6.667580429076877
122	111	10.0	378.2746223272761	10.0033311692585
21	360	0.0	91.36217726693587	0.0
908	905	2.0	0.0	2.0
303	79	0.0	110.83499999999998	0.0
2	753	0.0	515.8184005792355	0.0
734	773	23.333333	418.4397879911052	23.35489374214968
22	641	0.0	0.0	0.0
568	566	12.0	0.0	12.0
357	359	11.666667	65.38876922335089	11.666992079375
529	530	1.0	0.0	1.0
124	58	0.0	1602.6777202905187	0.0
741	296	2.0	0.0	2.0
405	337	7.333333	8.832	7.333333068009192
312	313	20.666667	26.63210570552425	20.66666716914546
355	85	0.0	571.4797501410197	0.0
424	475	6.666667	84.38314403092465	6.666672499199157
256	260	0.333333	664.1427557059737	0.33438809592320845
572	578	1.666667	680.2762517502059	1.677425336155485
605	608	5.0	708.8729417286386	6.924303473200024
845	848	4.0	0.0	4.0
480	487	6.666667	0.0	6.666667
586	946	2.666667	1.5998522832933448	2.666667000000526
697	49	0.0	0.0	0.0
500	497	5.0	92.7140744988603	5.002850674772697
47	856	0.0	655.36555075049	0.0
299	846	11.0	0.0	11.0
680	677	6.0	442.7675657410041	6.3514668845890005
952	953	12.0	979.3690816551272	28.826615301133394
816	651	4.666667	0.0	4.666667
828	831	4.666667	89.04366771615437	4.66893067446417
283	280	0.333333	583.5425610595304	0.39224427492358055
339	338	0.333333	555.7846787202946	0.3818098682093683
158	164	6.666667	0.0	6.666667
72	524	0.0	647.9259013848729	0.0
146	66	0.0	0.0	0.0
865	858	4.0	0.0	4.0
917	897	9.333333	565.1196070012334	10.784202080425768
404	548	23.666667	0.0	23.666667
722	306	1.333333	0.0	1.333333
653	657	6.666667	9.477696878832658	6.666667415063955
265	288	9.666667	821.0627317154642	9.799081989549466
53	248	0.0	0.0	0.0
2	754	0.0	96.2738427130291	0.0
182	185	21.666667	190.1877228589679	21.66712820063613
481	526	4.666667	404.63018076211495	4.857331512040504
773	25	0.0	418.4397879911052	0.0
686	974	2.333333	0.6558697743024268	2.3333330000006582
810	811	5.666667	429.02432225074716	5.959274403308713
323	86	0.0	787.2097651433853	0.0
535	576	22.333333	317.53162020827364	22.679377077930447
309	210	4.0	0.0	4.0
920	307	6.666667	241.66341169418052	6.701323311168228
188	187	0.666667	0.0	0.666667
727	565	6.0	336.7122482481826	6.1175484402725875
477	343	5.666667	0.0	5.666667
369	370	9.333333	0.0	9.333333
316	376	12.333333	92.727	12.333360482758895
72	526	0.0	34.44054419496034	0.0
687	681	1.0	198.88524290867358	1.0000471590745081
433	12	0.0	0.0	0.0
641	642	2.333333	0.0	2.333333
23	877	0.0	215.38795099349545	0.0
756	3	0.0	324.2632404093974	0.0
505	504	2.333333	173.20059954861463	2.336533399910705
647	650	4.0	0.0	4.0
555	65	0.0	0.0	0.0
272	60	0.0	960.7427192381755	0.0
167	28	0.0	307.4547989825183	0.0
384	936	3.666667	261.98354564777185	3.7999462470247214
193	201	2.666667	0.0	2.666667
583	67	0.0	575.555930973881	0.0
517	518	19.333333	57.997400451385325	19.333666404000137
791	780	0.333333	0.0	0.333333
31	217	0.0	496.27740074838766	0.0
573	533	6.666667	350.3358473927534	6.819732401994633
704	703	2.333333	0.0	2.333333
461	458	3.333333	0.0	3.333333
289	287	0.333333	0.0	0.333333
771	778	3.0	0.0	3.0
145	158	6.0	985.2293055885182	6.0919747065164405
642	22	0.0	0.0	0.0
19	286	0.0	318.64404036858195	0.0
550	548	9.0	0.0	9.0
28	153	0.0	114.31885906703518	0.0
209	84	0.0	555.3549442153308	0.0
811	723	8.666667	429.02432225074716	9.114184195948045
856	47	0.0	382.26751847419314	0.0
407	449	5.333333	139.48930599913325	5.333393857959672
640	116	2.666667	11.312999999999999	2.6666670013165428
260	604	7.333333	768.711205483354	7.374993274601696
222	7	0.0	939.1490666505326	0.0
795	797	0.666667	66.04800000000002	0.6666672064027682
651	668	1.0	228.98841301890818	1.0000447323695127
27	200	0.0	0.0	0.0
828	829	9.666667	0.0	9.666667
219	66	0.0	2449.454260177076	0.0
215	91	0.0	347.15332811494306	0.0
218	197	15.666667	655.3644398618263	15.713686280415846
710	93	0.0	0.0	0.0
654	650	4.0	192.5479413281903	4.008380028044873
277	276	3.0	1994.4641667443339	75.35293767887082
302	292	7.0	0.0	7.0
947	945	13.666667	1.5998522832933448	13.666667000001457
350	71	0.0	135.17139258766716	0.0
53	249	0.0	0.0	0.0
72	527	0.0	0.0	0.0
84	209	0.0	255.68737210902665	0.0
63	273	0.0	0.0	0.0
76	543	0.0	1118.8704378221946	0.0
78	777	0.0	195.19977692967967	0.0
284	359	1.0	131.9198608262148	1.0000091284233037
407	410	1.666667	0.0	1.666667
11	784	0.0	0.0	0.0
789	792	5.333333	467.2531581758675	7.294897897447082
868	18	0.0	27.393	0.0
432	467	16.0	12.603	16.000000615241596
671	672	1.0	0.0	1.0
950	557	1.0	563.0852428067404	1.153223911456319
272	265	10.666667	0.0	10.666667
64	554	0.0	0.0	0.0
94	765	0.0	708.0364187943542	0.0
290	937	14.666667	58.431732461094704	14.666672153253622
202	249	9.0	850.0180277333077	9.07644039639769
269	201	17.333333	0.0	17.333333
87	643	0.0	1642.0783540263933	0.0
63	272	0.0	1723.5031295546296	0.0
322	380	2.666667	59.84384664302081	2.666668030865072
53	250	0.0	0.0	0.0
78	778	0.0	0.0	0.0
407	450	4.333333	71.50906216536812	4.333505701597888
872	364	15.0	230.52216346442057	15.064561255673024
760	759	0.666667	0.0	0.666667
520	90	0.0	0.0	0.0
214	219	0.666667	0.0892968997439748	0.666667
901	8	0.0	0.0	0.0
438	103	1.333333	0.0	1.333333
126	125	1.0	0.0	1.0
852	932	1.0	507.8322594056245	1.0020046389981727
23	878	0.0	0.0	0.0
314	468	1.666667	439.18460585113974	1.761174708826381
725	4	0.0	0.0	0.0
324	81	0.0	223.6926122309977	0.0
289	411	3.0	0.0	3.0
467	14	0.0	12.603	0.0
561	605	16.333333	0.0	16.333333
108	109	8.666667	5.715	8.666667000150412
721	724	7.666667	608.7604400528288	9.27147193661622
190	95	0.0	0.0	0.0
618	616	24.666667	9.701602147653427	24.66666733305371
860	844	11.333333	0.0	11.333333
206	62	0.0	0.0	0.0
246	235	2.666667	732.0145314205733	2.679124057553511
463	447	12.666667	0.0	12.666667
374	748	17.333333	270.6528834735912	17.47509592847855
413	415	3.0	84.38314403092465	3.000002474639497
537	542	0.666667	0.0	0.666667
31	216	0.0	0.0	0.0
286	19	0.0	53.70238850822012	0.0
345	346	2.666667	264.81230578358816	2.667062254179571
335	405	9.666667	8.832	9.666667089648488
49	698	0.0	21.1664698664854	0.0
335	364	1.666667	0.0	1.666667
383	320	2.333333	0.0	2.333333
106	112	12.666667	15.327000000000002	12.666667011372576
68	612	0.0	1309.3512388703468	0.0
166	165	0.666667	0.0	0.666667
71	349	0.0	246.0621973485939	0.0
323	63	0.0	0.0	0.0
751	305	28.333333	0.0	28.333333
664	670	1.333333	279.4197455309739	1.3335779751500767
781	751	6.0	0.0	6.0
205	212	5.0	0.0	5.0
698	49	0.0	0.0	0.0
928	623	2.0	352.5266784855965	2.000931007083117
523	518	13.0	38.80059954861466	13.000044908346005
111	289	8.333333	199.30437191448257	8.353373843681307
723	810	16.0	65.19422587252737	16.000440541144897
810	814	14.666667	205.8833748697066	14.667095730539932
882	881	0.333333	0.0	0.333333
490	498	3.666667	48.058427634902124	3.6666968112140146
11	788	0.0	708.8528804080664	0.0
605	714	4.666667	0.0	4.666667
459	447	21.333333	376.6318727261506	21.987602919110635
941	612	0.666667	0.0	0.666667
343	339	8.666667	248.18812938359025	8.667658131242199
939	69	0.0	306.02030091345716	0.0
931	933	12.666667	0.0	12.666667
71	350	0.0	0.0	0.0
348	476	9.0	0.0	9.0
303	749	14.0	0.0	14.0
686	689	9.0	305.75389980764464	9.606911725491713
77	480	0.0	0.0	0.0
936	45	0.0	261.98354564777185	0.0
764	765	13.0	0.0	13.0
854	853	8.0	0.0	8.0
855	847	2.0	0.0	2.0
147	148	11.666667	0.0	11.666667
515	72	0.0	24.927	0.0
538	537	3.0	0.0	3.0
268	63	0.0	2474.1221595914285	0.0
82	574	0.0	0.0	0.0
333	334	8.333333	309.40764820942394	8.449738333089588
49	697	0.0	0.0	0.0
163	182	3.333333	190.1877228589679	3.333403953935833
41	701	0.0	748.2577015184389	0.0
894	895	2.333333	0.0	2.333333
969	577	8.333333	330.55156403149147	8.484970132927753
243	244	1.333333	0.4255887888568648	1.3333330000000008
848	847	4.0	0.0	4.0
899	8	0.0	0.0	0.0
420	421	0.666667	0.0	0.666667
248	53	0.0	0.0	0.0
363	228	26.666667	0.0	26.666667
499	489	21.0	0.0	21.0
48	785	0.0	0.0	0.0
523	109	26.666667	0.0	26.666667
557	553	0.666667	563.0852428067404	0.668687042811447
600	926	3.666667	342.8374683836691	3.6681937911045854
191	966	5.0	0.0	5.0
115	429	13.333333	0.0	13.333333
267	273	7.0	0.0	7.0
280	876	0.666667	620.7125610595302	0.817501628041737
671	588	7.666667	582.3437536993048	7.681011722821405
81	374	0.0	270.6528834735912	0.0
761	4	0.0	393.5987427340864	0.0
174	203	4.666667	0.0	4.666667
55	420	0.0	0.0	0.0
493	483	2.0	0.0	2.0
353	285	15.0	438.1291148224754	15.842421957031437
68	941	0.0	0.006458742660689289	0.0
272	63	0.0	1838.959575883121	0.0
79	303	0.0	1134.4048746281233	0.0
355	110	11.0	0.0	11.0
842	840	0.333333	0.0	0.333333
919	918	0.333333	0.0	0.333333
107	108	14.0	0.0	14.0
191	190	1.666667	0.0	1.666667
323	310	12.333333	0.0	12.333333
463	464	3.0	0.0	3.0
248	52	0.0	0.0	0.0
633	637	0.666667	0.0	0.666667
26	826	0.0	92.349	0.0
622	620	2.0	16.223630509966558	2.0000000041761608
463	14	0.0	0.0	0.0
268	267	18.333333	0.0	18.333333
594	592	2.666667	0.0	2.666667
204	219	4.0	2737.280153826224	7.653464237519456
448	466	1.333333	21.1664698664854	1.333333407908092
60	267	0.0	0.0	0.0
238	234	2.333333	309.40764820942394	2.3659264899126113
633	597	10.666667	716.7363072834553	14.957052524827839
772	25	0.0	0.0	0.0
154	152	12.666667	0.0	12.666667
48	292	0.0	502.9821926480669	0.0
49	696	0.0	0.0	0.0
615	616	1.666667	10.31082159896594	1.6666670287112362
566	10	0.0	0.0	0.0
32	341	0.0	678.087782943599	0.0
392	393	2.0	27.393	2.000000033942468
607	172	8.333333	0.0	8.333333
753	5	0.0	553.9757378796041	0.0
172	173	1.333333	0.0	1.333333
891	791	8.333333	591.0114591609984	8.349874322054994
85	355	0.0	0.0	0.0
118	129	3.666667	9.69	3.6666670005259374
614	622	4.333333	16.22660495635272	4.333333009054986
665	663	8.666667	169.22568986199826	8.666881226067659
710	597	6.0	0.0	6.0
913	912	2.0	0.0	2.0
641	22	0.0	126.30582885109939	0.0
876	875	6.666667	620.7125610595302	8.175012601661884
777	78	0.0	186.13449208378495	0.0
912	99	2.666667	0.0	2.666667
178	179	0.666667	10.672587422730091	0.66666700014072
516	515	5.333333	24.927	5.333336138403054
77	479	0.0	258.6681312729195	0.0
341	106	7.333333	22.93959954861467	7.333348668944196
789	48	0.0	0.0	0.0
848	562	6.0	0.0	6.0
309	922	10.0	516.0352092088565	11.080804889821716
347	33	0.0	257.015420217873	0.0
849	843	5.0	202.17802556168698	5.000251802966015
582	661	1.0	800.0010753277301	1.0123457453907345
125	126	1.0	302.9350667625523	1.0649820178940161
419	428	1.0	140.9356537063298	1.0000118915517464
45	846	0.0	789.2617683059057	0.0
402	88	0.0	176.80892710839353	0.0
28	158	0.0	0.0	0.0
925	924	3.666667	0.0	3.666667
823	820	4.666667	427.3966097361147	5.86817343710361
60	265	0.0	821.0627317154642	0.0
609	612	7.0	0.0	7.0
29	152	0.0	8.274203148528658	0.0
22	642	0.0	11.312999999999999	0.0
398	397	0.666667	0.0	0.666667
11	258	0.0	635.724113771694	0.0
924	643	6.0	0.0	6.0
217	352	9.0	496.27740074838766	9.016454911027113
228	245	2.666667	0.0	2.666667
19	290	0.0	58.431732461094704	0.0
500	399	5.0	48.058427634902124	5.000000433926436
567	863	8.0	0.0	8.0
518	98	0.0	211.60188908087545	0.0
492	485	4.0	0.0	4.0
103	377	8.0	0.0	8.0
534	536	1.0	0.0	1.0
349	350	0.333333	0.0	0.333333
337	335	19.0	0.0	19.0
41	704	0.0	0.0	0.0
380	790	9.0	59.84384664302081	9.000003479169182
829	827	5.333333	0.0	5.333333
615	619	2.333333	6.537394854425244	2.333333000128455
81	378	0.0	0.0	0.0
151	165	11.0	40.59805443805154	11.00000048616249
621	622	1.333333	0.0	1.333333
159	160	3.666667	236.06085662958367	3.6668522402078705
847	567	0.666667	0.0	0.666667
368	770	21.666667	0.0	21.666667
32	340	0.0	0.0	0.0
504	505	2.333333	354.23471868136306	2.3893308280614205
967	95	0.0	0.0	0.0
830	821	4.666667	541.4605030615704	7.761726056340355
781	754	4.333333	0.0	4.333333
824	774	11.0	0.0	11.0
919	921	3.0	113.51417726693589	3.00001501331895
70	522	0.0	737.3784454055045	0.0
172	215	18.0	0.0	18.0
223	231	1.0	189.78409057266805	1.0000391015745118
18	870	0.0	0.0	0.0
740	779	8.666667	0.0	8.666667
219	214	0.666667	0.0	0.666667
20	367	0.0	1.8787455779041273	0.0
740	738	9.0	0.0	9.0
534	535	1.333333	317.53162020827364	1.3539923430796574
168	157	1.0	579.3947654178951	1.0018334376419418
214	205	5.0	527.5510272944165	5.00630080111409
321	318	4.333333	0.0	4.333333
77	483	0.0	0.0	0.0
326	329	8.333333	33.73170875073653	8.333333325182478
426	55	0.0	0.0	0.0
234	333	7.666667	309.40764820942394	7.773759915382352
515	525	2.666667	0.0	2.666667
754	781	8.333333	0.0	8.333333
485	487	5.333333	0.0	5.333333
474	17	0.0	439.18460585113974	0.0
835	97	0.0	197.76370971323	0.0
658	660	1.333333	0.0	1.333333
146	157	21.666667	114.31885906703518	21.666727204854194
190	191	1.333333	0.0	1.333333
711	715	7.333333	819.6896494426546	12.379123015251118
488	344	4.333333	340.3293520481697	4.781886954847536
699	246	13.333333	732.0145314205733	13.395618278424763
825	973	0.333333	748.2577015184389	0.4925953264451259
627	628	2.0	277.7605652988764	2.0003588123464127
93	716	0.0	0.0	0.0
817	818	2.333333	0.0	2.333333
189	197	2.0	10.672587422730091	2.0000000004221596
540	610	1.666667	563.0852428067404	1.9220402368351686
7	241	0.0	710.8085975358781	0.0
736	774	36.333333	0.0	36.333333
285	277	3.333333	0.0	3.333333
588	9	0.0	704.8947219735044	0.0
202	192	2.0	0.0	2.0
27	203	0.0	0.0	0.0
337	336	2.0	0.0	2.0
599	600	1.0	0.0	1.0
826	26	0.0	748.2577015184389	0.0
395	454	3.333333	0.0	3.333333
900	899	7.666667	0.0	7.666667
54	218	0.0	655.3644398618263	0.0
67	552	0.0	1134.3090121145271	0.0
866	864	13.333333	0.0	13.333333
670	673	1.0	279.4197455309739	1.0001837314084903
953	955	3.666667	1196.4350965308843	15.11805181813005
553	945	2.0	1134.2190938488077	2.053849997393651
184	65	0.0	138.3967030903957	0.0
745	96	0.0	0.0	0.0
804	290	7.333333	0.0	7.333333
432	431	5.333333	0.0	5.333333
888	889	0.666667	817.7415731143665	1.1210302840407564
822	829	3.0	0.0	3.0
915	42	0.0	89.04366771615437	0.0
569	727	3.666667	398.542162356402	4.3804456600109125
687	726	0.666667	821.3056323310677	0.675809883706671
752	751	8.666667	0.0	8.666667
712	711	19.0	0.0	19.0
585	561	10.0	0.0	10.0
451	452	15.666667	0.0	15.666667
754	2	0.0	270.6528834735912	0.0
847	855	2.0	0.0	2.0
210	309	5.333333	0.0	5.333333
340	32	0.0	663.938707900167	0.0
653	650	5.0	300.40630256902807	5.062063480430803
82	575	0.0	0.0	0.0
468	474	16.0	439.18460585113974	16.907273823278494
479	480	5.333333	0.0	5.333333
604	601	7.333333	2127.831539516895	9.779117838722566
508	73	0.0	1119.982336025566	0.0
26	455	0.0	0.0	0.0
58	277	0.0	2028.7914727057428	0.0
262	258	1.333333	357.900623102958	1.333688923219075
910	810	2.0	429.02432225074716	2.1032731950928873
892	5	0.0	1134.4048746281233	0.0
159	161	1.0	0.0	1.0
751	756	6.0	324.2632404093974	6.511843417264883
918	353	1.666667	39.40063373587653	1.6666671210644681
777	80	0.0	91.1131562326917	0.0
41	705	0.0	564.2822227278282	0.0
690	462	6.0	601.2009901846187	6.023625718897263
975	958	1.666667	0.0	1.666667
711	839	13.333333	0.0	13.333333
597	940	4.666667	148.6081141406021	4.670136020497943
469	468	6.333333	126.84402628337754	6.335831862509812
898	911	5.0	109.90043244479791	5.00002198480626
152	161	8.333333	32.625	8.333333153599106
875	23	0.0	620.7125610595302	0.0
721	43	0.0	490.59406586182826	0.0
435	208	7.0	347.15332811494306	7.154957761791787
293	843	8.0	416.39684714908066	8.003912799475145
919	920	2.666667	0.0	2.666667
562	563	4.0	0.0	4.0
96	738	0.0	359.40448953617556	0.0
113	361	2.666667	0.0	2.666667
29	151	0.0	1620.0937927812186	0.0
457	416	12.0	84.38314403092465	12.004694604982962
604	69	0.0	114.99798623627247	0.0
247	224	17.333333	325.39212547845864	17.33649439025489
486	480	5.666667	0.0	5.666667
190	107	19.666667	0.0	19.666667
433	434	4.333333	376.6318727261506	4.46623156917292
893	5	0.0	90.59729833565758	0.0
510	504	3.0	0.0	3.0
15	648	0.0	6.604532261477584	0.0
138	286	0.666667	0.0	0.666667
36	479	0.0	311.2028383986389	0.0
528	526	2.666667	0.0	2.666667
454	388	16.0	377.91824808040224	16.009837085961827
73	507	0.0	237.99300000000002	0.0
782	740	21.0	0.0	21.0
623	618	8.333333	352.5266784855965	9.326407182268502
69	939	0.0	0.0	0.0
206	212	0.666667	850.0180277333077	3.3521134895114706
851	865	2.666667	0.0	2.666667
261	262	0.666667	948.9120822639559	0.6754608841197675
765	313	15.666667	708.0364187943542	21.66774071912133
574	575	2.0	0.0	2.0
49	693	0.0	846.4876065375587	0.0
817	1	0.0	0.0	0.0
123	626	4.0	142.26077908544136	4.000049380530983
705	701	11.0	0.0	11.0
56	121	0.0	0.0	0.0
549	152	10.0	0.0	10.0
91	611	0.0	1194.9908069427565	0.0
135	139	19.333333	0.0	19.333333
549	29	0.0	0.0	0.0
794	796	9.0	0.0	9.0
860	856	28.666667	0.0	28.666667
883	880	8.333333	0.0	8.333333
759	756	9.666667	0.0	9.666667
538	542	2.333333	0.0	2.333333
836	837	1.333333	197.76370971323	1.336441529482508
194	126	5.333333	0.0	5.333333
846	934	3.666667	0.0	3.666667
675	674	4.666667	193.93363240105788	4.6668659639401495
142	263	5.666667	1695.5127269477987	7.078186692742096
110	85	0.0	518.0243084283412	0.0
493	36	0.0	0.0	0.0
3	756	0.0	245.52116340114736	0.0
918	919	0.333333	0.0	0.333333
56	449	0.0	216.0824336291277	0.0
776	78	0.0	2.553	0.0
487	480	6.666667	0.0	6.666667
974	258	7.0	874.6837605809297	13.244997317076962
186	171	1.0	813.0875814470936	1.0071107790891187
794	795	7.0	0.0	7.0
69	612	0.0	201.36383214152272	0.0
859	862	4.666667	0.0	4.666667
20	334	0.0	0.0	0.0
518	90	0.0	901.3588095437566	0.0
60	263	0.0	0.0	0.0
3	757	0.0	0.0	0.0
328	317	4.0	92.727	4.00000891332745
344	340	2.666667	663.938707900167	2.6822853724586873
320	935	6.666667	0.0	6.666667
82	579	0.0	955.5633653652775	0.0
478	488	2.333333	340.3293520481697	2.5748620366852184
659	651	1.0	0.0	1.0
342	350	5.0	135.17139258766716	5.000050311143674
810	900	1.0	0.0	1.0
59	269	0.0	0.0	0.0
437	443	2.333333	0.0	2.333333
66	146	0.0	0.0	0.0
80	959	0.0	0.0	0.0
17	474	0.0	0.0	0.0
546	88	0.0	2382.9342617791854	0.0
88	546	0.0	1930.5831388612064	0.0
634	638	8.0	92.7140744988603	8.00001781671733
356	354	2.666667	0.0	2.666667
498	500	3.0	48.058427634902124	3.0000002603558613
183	555	2.666667	0.0	2.666667
200	132	15.666667	0.0	15.666667
780	791	0.333333	0.0	0.333333
314	313	2.0	470.439506425083	2.0015937236335124
408	410	2.666667	0.0	2.666667
706	737	0.333333	569.9280105306749	0.6046976780144544
742	894	3.0	0.0	3.0
801	796	4.666667	0.0	4.666667
362	278	0.666667	188.80363004956567	0.666692533206136
370	471	8.333333	0.0	8.333333
11	792	0.0	0.0	0.0
643	87	0.0	0.0	0.0
707	732	11.0	393.73801100919525	11.007968509425956
428	420	2.666667	140.9356537063298	2.6666987108086206
575	571	0.666667	0.0	0.666667
974	13	0.0	0.0	0.0
664	663	2.666667	9.477696878832658	2.6666670003500643
563	564	16.333333	352.51290867806523	16.337436389958146
169	185	1.666667	267.04491347177014	1.6668048967249542
528	527	3.0	0.0	3.0
118	123	0.666667	222.8444336291277	0.6667165531369926
379	377	5.333333	0.0	5.333333
267	268	11.666667	0.0	11.666667
272	273	1.0	0.0	1.0
358	57	0.0	266.5945652988764	0.0
895	896	0.666667	0.0	0.666667
693	698	2.0	0.0	2.0
186	172	18.0	0.0	18.0
273	63	0.0	0.0	0.0
339	491	3.333333	404.63018076211495	3.469521913825115
809	6	0.0	8.202	0.0
298	330	30.333333	0.0	30.333333
247	52	0.0	893.87827291305	0.0
844	46	0.0	577.4418727107677	0.0
96	745	0.0	0.0	0.0
587	50	0.0	145.34556538703666	0.0
517	95	0.0	180.65860637364992	0.0
437	444	1.333333	0.0	1.333333
28	164	0.0	946.3815865452498	0.0
22	938	0.0	216.5648608262147	0.0
39	299	0.0	0.0	0.0
77	484	0.0	0.0	0.0
247	53	0.0	93.05663786936448	0.0
522	70	0.0	661.8788586346619	0.0
66	145	0.0	985.2293055885182	0.0
806	802	0.666667	566.2032545659023	0.6677817212450397
693	697	4.0	0.0	4.0
577	559	6.666667	605.0650707049618	6.693599218321553
724	719	9.666667	0.0	9.666667
223	240	1.666667	553.6020708949093	1.6692138744420997
633	561	17.666667	99.9749739395501	17.666720195495017
20	335	0.0	257.9073235140722	0.0
192	424	6.0	0.0	6.0
859	863	11.0	0.0	11.0
147	70	0.0	70.63488010600159	0.0
686	693	4.666667	474.0425466662458	5.0258419703422295
203	149	18.333333	0.0	18.333333
632	34	0.0	48.058427634902124	0.0
74	338	0.0	558.8506009799873	0.0
86	272	0.0	71.54902373786398	0.0
877	874	12.666667	215.38795099349545	12.708217660779347
379	542	2.333333	0.0	2.333333
299	37	0.0	0.0	0.0
73	508	0.0	504.0285568525933	0.0
3	758	0.0	0.0	0.0
255	256	16.666667	379.0046363307382	16.672261930855214
816	907	0.666667	409.3912933002825	0.6672314408011808
56	122	0.0	378.2746223272761	0.0
616	615	7.0	0.0	7.0
584	67	0.0	1277.9176131261236	0.0
216	31	0.0	655.1481833949842	0.0
501	399	6.333333	0.0	6.333333
620	924	6.0	0.0	6.0
350	349	0.333333	0.0	0.333333
776	80	0.0	2.64	0.0
622	621	2.333333	0.002974446386162318	2.333333
907	902	1.0	409.3912933002825	1.0008466607784408
176	147	5.0	0.0	5.0
841	842	1.666667	0.0	1.666667
368	366	1.666667	42.92700000000001	1.666675625831144
397	398	2.0	0.0	2.0
204	62	0.0	527.5510272944165	0.0
76	534	0.0	302.2434081914334	0.0
964	362	24.666667	25.047	24.666667292609464
694	688	0.666667	305.75389980764464	0.7116234465887094
854	851	7.0	0.0	7.0
80	102	0.0	0.0	0.0
327	319	13.333333	0.0	13.333333
376	316	2.0	341.93716708637953	2.0008240816922176
438	439	6.666667	0.0	6.666667
122	56	0.0	0.0	0.0
463	581	15.666667	3.1608220353033327	15.666667000047132
32	345	0.0	477.04882711635736	0.0
314	315	1.666667	326.1840000000001	1.6669739497809875
957	74	0.0	696.8414190111125	0.0
66	144	0.0	2216.7049596778666	0.0
143	138	1.0	27.393	1.000000016971234
855	845	3.0	0.0	3.0
570	564	16.666667	0.0	16.666667
30	152	0.0	24.350796851471337	0.0
85	110	0.0	540.949627684126	0.0
663	668	12.666667	178.7033867408309	12.666877165468785
692	659	13.666667	454.25996387931747	13.676134783870893
135	142	1.333333	1695.5127269477987	1.5126042797955548
249	250	7.0	0.0	7.0
486	487	6.666667	0.0	6.666667
279	358	6.666667	277.7605652988764	6.6678630412145115
849	879	9.333333	21.861	9.333333064249818
199	95	0.0	212.61387372842313	0.0
753	751	13.333333	0.0	13.333333
705	704	1.333333	0.0	1.333333
401	88	0.0	381.1780436884433	0.0
201	206	4.333333	0.0	4.333333
592	594	2.666667	322.97700000000043	2.710893760927666
17	471	0.0	868.329530558291	0.0
758	760	3.0	0.0	3.0
926	709	5.0	342.8374683836691	5.002081987680618
203	27	0.0	0.0	0.0
30	151	0.0	2434.81723120056	0.0
432	969	8.666667	330.55156403149147	8.824369630618454
106	109	1.0	38.80059954861466	1.0000034544881542
577	970	2.666667	236.1377715933964	2.6793044831905783
768	457	6.666667	959.734440682466	50.309012306177586
445	73	0.0	0.0	0.0
560	538	5.333333	0.0	5.333333
391	390	16.666667	402.2867568826766	17.33197334386886
207	208	7.666667	0.0	7.666667
587	586	1.666667	0.0	1.666667
870	18	0.0	0.0	0.0
348	33	0.0	0.0	0.0
16	767	0.0	0.0	0.0
479	77	0.0	270.72145206052693	0.0
237	236	2.333333	0.0	2.333333
479	36	0.0	251.09108997612915	0.0
834	641	6.0	126.30582885109939	6.000046025642111
241	7	0.0	0.0	0.0
374	81	0.0	0.0	0.0
533	536	15.0	350.3358473927534	15.344397137268066
304	741	3.0	0.0	3.0
364	20	0.0	421.43173772356823	0.0
597	35	0.0	723.9199358612285	0.0
616	619	1.666667	9.689210101927477	1.6666670223888758
3	759	0.0	373.1834606920596	0.0
527	528	4.0	0.0	4.0
112	199	11.333333	15.327000000000002	11.333333010175462
57	276	0.0	560.1420815588908	0.0
175	70	0.0	95.92600374185793	0.0
626	639	12.333333	142.26077908544136	12.333485256633084
507	73	0.0	752.0510846780048	0.0
184	183	9.0	0.0	9.0
462	14	0.0	601.2009901846187	0.0
44	724	0.0	108.70577939096728	0.0
72	515	0.0	0.0	0.0
57	358	0.0	8.694468383668552	0.0
673	648	2.333333	279.4197455309739	2.3337617065585667
847	848	13.333333	0.0	13.333333
711	710	4.333333	0.0	4.333333
588	659	1.666667	0.0	1.666667
454	18	0.0	0.0	0.0
612	69	0.0	1260.9721881440366	0.0
54	213	0.0	0.0	0.0
113	110	1.0	558.4952416136016	1.0015828719524507
709	928	7.333333	342.8374683836691	7.336386581792773
809	787	24.333333	223.6926122309977	24.33516938271857
37	846	0.0	423.93407570622577	0.0
575	82	0.0	0.0	0.0
681	683	1.0	1585.6122945030022	1.1905210873548602
420	55	0.0	140.9356537063298	0.0
611	607	6.0	0.0	6.0
882	887	6.666667	0.0	6.666667
551	183	20.666667	10.672587422730091	20.666667408676147
341	32	0.0	0.0	0.0
539	540	1.333333	1230.6174378221951	1.3830836502723616
846	37	0.0	789.2617683059057	0.0
129	56	0.0	9.69	0.0
521	523	8.333333	0.0	8.333333
414	419	1.0	0.0	1.0
739	299	1.666667	0.0	1.666667
231	232	3.666667	0.0	3.666667
430	119	5.666667	0.0	5.666667
17	472	0.0	126.84402628337754	0.0
706	44	0.0	1464.7501581916652	0.0
390	397	4.666667	402.2867568826766	4.852952785863692
788	11	0.0	0.0	0.0
450	412	4.333333	71.50906216536812	4.333505701597888
895	894	3.0	0.0	3.0
518	624	8.666667	180.65860637364992	8.680737732120638
470	415	6.666667	868.329530558291	35.9110218502388
320	319	1.333333	0.0	1.333333
616	617	10.0	10.32321364469189	10.000000173097032
431	441	3.666667	0.0	3.666667
86	310	0.0	2711.72388186404	0.0
319	325	10.666667	0.0	10.666667
427	425	12.333333	82.20665454368662	12.333349977095411
480	479	6.333333	0.0	6.333333
503	631	16.333333	0.0	16.333333
376	849	19.0	202.17802556168698	19.000956851270857
787	385	3.333333	223.6926122309977	3.3335845592548066
669	591	1.333333	0.0	1.333333
735	733	2.666667	0.0	2.666667
950	609	6.666667	1135.8189461321008	7.001093151105837
581	579	12.0	3.1608220353033327	12.000000000036103
628	629	0.333333	277.7605652988764	0.33339280199793336
729	687	4.333333	100.78115455692408	4.333346473933971
860	854	41.0	0.0	41.0
267	60	0.0	0.0	0.0
848	843	6.0	0.0	6.0
308	309	5.0	0.0	5.0
462	463	11.0	0.0	11.0
795	706	8.666667	1045.9685770755405	8.835436722110789
612	68	0.0	191.50309296976138	0.0
93	597	0.0	17.626628577773147	0.0
484	497	2.333333	0.0	2.333333
136	138	2.333333	0.0	2.333333
649	13	0.0	0.0	0.0
906	910	4.333333	788.1668400614343	4.360538867306912
