origin 	 dest 	 flow 	 cost
350	349	49.104	0.3333359537637586
445	188	304.76399999999995	5.7411766141683795
60	267	28.389	0.0
921	430	548.2038035895326	2.005444439882548
855	845	0.0	3.0
423	422	874.0649999999995	3.3649864824658255
508	73	325.212	0.0
277	276	407.4120000000003	3.1259756139464536
848	562	0.0	6.0
876	875	235.60499999999988	6.697976543537496
17	471	230.93399999999997	0.0
223	679	411.37725963783777	9.341389620694969
575	582	180.22142905731567	19.333947734349476
702	703	362.706	1.0263784286796962
616	619	61.907999999999994	1.6667043134919841
312	94	0.0	0.0
659	907	830.2169999999988	1.6795489971605673
305	753	243.45599999999996	6.702363090491326
631	635	348.699	1.6670678847344034
249	250	337.5930000000001	7.001479243420975
20	335	61.209	0.0
735	24	0.0	0.0
584	174	361.7640000000001	19.67681983166057
5	893	113.82600000000001	0.0
52	248	0.0	0.0
688	464	315.0543728960182	1.4346951174070743
776	102	0.0	5.333333
949	948	265.02000000000015	5.709273146173533
74	342	81.95400000000002	0.0
657	656	5.079000000000001	4.000000020538458
265	288	475.22400000000005	9.681527220486052
365	364	266.0010000000001	7.725168855349837
225	274	216.8250000000001	1.672281566356497
338	74	42.788999999999994	0.0
498	500	187.0049999999999	3.0000596900583565
603	76	73.683	0.0
638	631	348.699	11.671865818345749
871	802	185.9459999999999	15.361272195168072
308	84	0.0	0.0
314	468	360.49699037413086	1.7095697738479672
601	603	81.648	0.6667121565884969
642	640	14.351999999999999	14.333333018329554
305	303	399.1129903741304	11.34200054562914
19	804	0.0	0.0
368	311	704.6770582690325	15.394845725884654
652	664	308.09700000000026	0.6668480563951842
861	860	197.88724952155064	18.334180359511652
284	355	233.928	9.710787004849355
702	825	261.0479999999997	8.056624115377195
294	297	211.62599999999998	4.012228298928159
61	700	0.0	0.0
324	328	319.29225963783773	10.336570047109436
584	50	87.798	0.0
489	498	0.0	13.0
761	4	60.80100000000001	0.0
491	339	34.517999999999994	13.333361850356605
698	447	206.2436271039816	8.022061858786179
807	565	159.723	5.338623521674953
926	709	344.6490000000002	5.002126342053047
934	933	0.0	14.0
35	597	52.268999999999984	0.0
36	497	0.0	0.0
897	742	419.6519999999998	8.727251055798503
380	790	510.8020096258692	9.018467492506664
210	218	101.403	1.000161151063993
174	132	692.1089999999991	1.6728887806800903
301	293	372.0300000000001	7.002181613254496
547	146	0.0	4.666667
863	46	0.0	0.0
17	472	0.0	0.0
152	161	537.3899999999996	8.344639935993023
431	441	0.0	3.666667
74	957	0.0	0.0
637	34	76.37100000000001	0.0
18	454	369.55800000000005	0.0
801	796	629.2279903741309	4.688716257975292
264	61	145.035	0.0
492	485	0.0	4.0
631	636	211.40399999999997	6.333714276605124
273	63	32.607	0.0
585	75	0.0	0.0
752	5	0.0	0.0
99	915	0.0	4.666667
599	600	0.0	1.0
264	62	166.383	0.0
166	154	482.14500000000015	1.3345052417151955
635	400	348.699	9.002164777132823
624	517	128.37000000000003	6.002483335388483
743	741	322.4460000000002	2.7106036280930135
331	325	737.0817307362931	1.6814944496299116
773	772	0.0	0.666667
33	347	0.0	0.0
54	213	0.0	0.0
438	439	0.0	6.666667
161	163	551.6819999999994	11.35041272135539
419	414	0.0	1.0
379	440	0.0	1.666667
303	749	138.17700000000005	14.007778592765442
410	453	0.0	2.666667
320	319	0.0	1.333333
307	308	184.91099999999983	0.66785492742682
524	72	0.0	0.0
218	197	535.0559999999999	15.687557144357513
164	150	700.046999999999	16.73178865484923
111	289	328.92299999999983	8.482003796953546
350	351	287.859	0.6668049695477299
204	205	0.0	1.0
526	199	29.634	4.333358785655066
582	661	237.0804290573157	1.0000952221211021
942	951	809.1058568729447	5.7061779021922785
951	51	0.0	0.0
217	216	105.73799999999999	0.6666683558173875
899	8	0.0	0.0
67	552	176.11799999999997	0.0
208	215	25.098	1.000000604764684
447	890	0.0	10.666667
297	39	0.0	0.0
147	89	13.242	0.0
749	304	138.17700000000005	13.340741183400931
549	152	6.423	10.000000131324782
116	117	15.653999999999998	0.6666670012066055
518	98	18.336000000000002	0.0
103	434	26.979000000000003	6.000024527294256
756	751	148.03500000000003	12.044466595175905
197	168	330.85200000000026	1.000194940884309
513	516	12.213	3.0000001017280327
571	82	0.0	0.0
941	68	92.32799999999999	0.0
38	749	0.0	0.0
21	360	57.713999999999984	0.0
548	88	25.455	0.0
913	42	0.0	0.0
524	481	331.782	2.036937818329706
715	714	569.1043979180703	9.665677292551592
544	529	908.6158568729443	0.6740596148367668
549	29	0.0	0.0
135	142	663.630324977702	1.3375403766778367
814	808	278.6249999999997	10.668604599868297
9	659	0.0	0.0
146	66	88.74	0.0
934	932	398.3040000000002	4.15344354557044
171	106	246.34799999999993	14.334191837953599
278	834	161.64299999999992	11.333566206306719
541	544	1188.686856872942	1.0324816227362636
33	348	0.0	0.0
874	627	229.78499999999997	3.012747878567324
711	92	33.117000000000004	0.0
292	376	495.78573073629315	15.639453664890222
483	77	0.0	0.0
223	231	162.34500000000003	1.0000209368192219
320	935	251.66099999999997	6.667472985943551
509	508	146.43599999999998	2.3349683025530483
275	274	41.74199999999998	1.6666747120851084
571	575	0.0	0.666667
41	736	0.0	0.0
693	49	203.9069999999999	0.0
515	72	12.213	0.0
566	10	0.0	0.0
316	884	0.0	15.333333
345	32	0.0	0.0
164	28	0.0	0.0
513	477	0.0	19.666667
292	48	0.0	0.0
915	828	0.0	10.333333
432	467	118.89900000000003	16.004873744441685
446	173	349.2330000000001	7.499594795899049
454	397	0.0	17.0
816	651	461.9406846481662	4.670124160492504
435	208	25.098	7.000004233352788
361	357	127.88999999999994	12.338361712063923
443	432	249.46728593026066	15.759149802870322
623	618	236.83500000000006	8.535633646291226
271	264	597.1500000000008	4.349940751728575
15	674	113.55599999999998	0.0
17	474	0.0	0.0
803	804	352.7699999999998	5.334676795417529
374	81	0.0	0.0
870	454	0.0	1.0
689	694	315.0543728960182	1.7933697037750478
260	259	440.24099999999976	2.466921363821346
719	725	71.60100000000003	9.00036053615516
822	829	0.0	3.0
564	783	138.22500000000002	1.3370886059716456
423	424	19.839	0.6666671574048212
91	611	122.31300000000003	0.0
94	311	0.0	0.0
931	867	0.0	0.666667
781	751	47.748	6.000047533736395
114	113	67.929	1.000032452700918
951	669	954.8128568729442	0.6756816706801158
878	23	0.0	0.0
859	858	0.0	1.333333
790	793	510.8020096258692	7.682398568374843
919	920	196.10999999999996	2.6726787056415113
332	227	109.99799999999996	16.00007060153949
799	917	545.781	9.838742864715954
159	160	137.835	3.666688531653728
238	83	0.0	0.0
329	322	246.3779999999999	5.0005553064774135
645	670	59.205	1.6666676172163348
449	118	120.14399999999998	4.666696306920962
73	445	248.676	0.0
526	528	0.0	3.0
92	839	59.28460208192994	0.0
40	796	173.46599999999995	0.0
74	509	84.66000000000001	0.0
806	872	212.07899999999995	7.355944117994962
118	123	59.469000000000015	0.6666672513197007
28	153	158.84399999999997	0.0
11	788	28.71299999999999	0.0
434	104	20.34	1.000001320683624
544	532	280.071	0.6667337343448052
451	452	0.0	15.666667
919	918	263.2980000000002	0.3357747349197293
193	201	343.0800000000002	2.667268060608663
142	263	770.031324977702	5.726717454133536
612	941	82.83899999999998	2.0001435487279555
341	106	197.9099999999999	7.420142521032446
725	4	0.0	0.0
153	146	565.206	6.343848435213312
87	643	55.06500000000002	0.0
408	410	0.0	2.666667
44	724	2.121	0.0
150	200	645.6779999999995	10.362552464740444
464	463	245.69737289601835	2.3989435643058425
686	13	140.11800000000005	0.0
829	827	0.0	5.333333
902	898	1099.832999999998	8.352819033191945
578	573	272.58600000000007	2.016829613598007
206	212	133.96499999999997	0.6683237971935916
144	145	463.61100000000005	7.338844682705309
522	70	56.391000000000005	0.0
646	654	138.89700000000002	0.3335220948651261
83	224	0.0	0.0
192	424	416.7010096258691	6.002943183471281
216	31	54.099000000000004	0.0
947	945	659.0946846481658	13.70862567102574
159	161	58.742509370757034	1.0000918766132343
12	443	249.46728593026066	0.0
94	312	0.0	0.0
169	185	540.1259999999996	1.6689747940251394
782	38	76.37400000000005	0.0
855	847	0.0	2.0
264	270	274.872	8.668158176850133
659	9	199.70481337594393	0.0
738	96	22.124999999999996	0.0
477	514	12.213	5.0000001695467216
762	809	257.26200000000006	12.75123282341841
739	37	3.936	0.0
887	883	0.0	5.666667
633	561	305.472	17.671303553652336
917	914	285.85499999999973	5.724335788323527
284	359	244.03499999999997	1.000106896504973
296	101	0.0	7.333333
508	445	56.088	8.333458698042726
800	40	0.0	0.0
565	807	331.33200000000005	5.431300537333787
215	91	50.355000000000025	0.0
653	650	283.3344290573157	5.04911310239375
627	628	284.47800000000007	2.0003948023898657
648	658	195.04199999999992	3.66682693336306
163	89	84.714	0.0
759	3	58.32300000000003	0.0
539	540	1179.2218568729418	1.3752788098355568
391	390	359.62199999999996	17.091544495589055
554	64	110.91000000000003	0.0
788	11	0.0	0.0
322	81	63.971999999999994	0.0
818	1	0.0	0.0
615	149	516.444	1.00214411452025
323	63	0.0	0.0
889	686	744.1020000000002	10.270829376148045
795	706	1131.8599903741308	8.898081633777274
228	225	143.18399999999994	0.6670940875222308
60	272	62.30999999999999	0.0
515	525	0.0	2.666667
123	116	1.302	1.666667000000078
507	506	238.713	4.354779494204614
335	871	185.9459999999999	10.01822121463616
83	225	0.0	0.0
565	727	159.723	8.34159944030311
601	76	64.99799999999999	0.0
739	39	72.72300000000003	0.0
29	546	64.78200000000001	0.0
967	95	0.0	0.0
468	474	360.49699037413086	16.411866546567175
781	754	75.39	4.333546357050864
82	571	71.01599999999998	0.0
550	548	64.69450937075703	9.001216486244212
682	291	1143.9989999999993	14.722745919083682
730	734	422.32800000000003	5.004794292650657
708	681	853.046999999999	13.207486681815197
59	700	0.0	0.0
225	238	165.582	0.6666751532231432
939	69	3.51	0.0
12	444	0.0	0.0
538	560	20.34	14.000003652260887
638	636	0.0	0.333333
18	868	0.0	0.0
758	760	284.0490000000001	3.1506916929085187
580	579	255.4739999999999	0.33337579767491965
198	194	41.959196410468245	3.3333331680951663
479	480	0.0	5.333333
743	294	369.04500000000024	2.742057400681679
327	319	134.09999999999994	13.333462959750921
464	14	69.35699999999999	0.0
712	35	0.0	0.0
842	840	0.0	0.333333
945	944	265.02000000000015	4.701754414938129
545	64	124.19699999999996	0.0
27	132	68.05799999999998	0.0
65	551	4.101	0.0
818	822	0.0	1.0
694	688	315.0543728960182	0.7173480967143406
258	11	121.44600000000004	0.0
861	46	68.592	0.0
571	577	144.86700000000002	6.000079649700992
401	88	69.34800000000001	0.0
448	466	206.2436271039816	1.3370099755451192
172	173	701.7149999999996	1.8260659791566374
99	100	0.0	0.333333
655	656	0.0	4.0
844	845	0.0	4.0
369	52	0.0	0.0
915	913	0.0	1.333333
94	764	0.0	0.0
696	693	245.04071406973935	7.373631081057511
733	24	0.0	0.0
595	594	21.51	0.33333310876017924
30	160	0.0	0.0
344	340	669.0390000000002	2.6827708441282874
196	190	0.0	4.0
683	682	1143.9989999999993	2.804332906557509
144	65	2.628	0.0
69	602	0.0	0.0
724	719	0.0	9.666667
323	310	381.78700962586913	12.341231053662822
558	75	30.449999999999996	0.0
11	258	135.57600000000002	0.0
273	272	0.0	0.666667
124	58	75.153	0.0
333	334	539.838	9.412037539935184
773	775	350.1540000000001	9.337561907266608
607	172	421.7640202448911	8.735241149013216
54	218	56.718000000000025	0.0
756	757	284.0490000000001	4.200922257211358
797	794	405.5759999999996	1.6680262297148056
833	837	115.37699999999998	1.3336931186055032
373	472	0.0	8.333333
477	476	0.0	0.333333
421	55	0.0	0.0
844	843	557.2902495215505	8.34641012845075
428	420	141.864	2.6666995546195222
199	95	95.99400000000001	0.0
906	910	875.8289999999994	4.374815719868285
670	673	367.30200000000036	1.000548590402832
711	710	88.67700000000004	4.3337414096501785
172	215	107.64000000000001	18.000039312904928
299	294	130.044	11.33827324957479
364	20	226.82999999999998	0.0
272	86	63.938999999999986	0.0
352	32	107.58299999999998	0.0
70	175	0.0	0.0
919	921	548.2038035895326	3.008166659823822
94	765	105.66299999999997	0.0
222	7	384.555	0.0
841	611	398.0280202448913	10.382546777690735
611	716	423.44999999999993	6.643696638370467
481	526	182.076	4.674484134595413
636	632	211.40399999999997	8.667188746980857
88	546	87.02699999999997	0.0
722	306	230.86800000000002	1.3391062923899328
191	527	0.0	13.0
318	320	495.4079999999998	15.36117136100222
552	553	492.861	5.672106930889474
546	88	24.279	0.0
799	798	394.5750000000001	5.337229475902357
457	59	31.69500000000001	0.0
769	767	0.0	6.333333
183	180	87.204	1.0000881405157036
831	915	7.998	5.666667178915634
144	66	3.318	0.0
190	95	0.0	0.0
553	945	616.3799999999999	2.004696691387502
818	823	481.9080000000001	6.608707820286727
777	745	82.49400000000001	7.333343236367962
915	830	0.0	8.333333
84	209	0.255	0.0
537	538	0.0	2.666667
879	375	162.291	5.6667854842081695
796	893	488.76599999999985	13.690175320102636
85	355	0.0	0.0
768	457	289.39500000000004	7.02746810134626
10	564	407.05499999999984	0.0
325	316	72.86100000000002	8.666674361861679
269	59	20.457	0.0
197	214	478.0229999999997	5.671480829891334
521	90	0.0	0.0
65	184	94.983	0.0
720	301	372.0300000000001	9.002804931327208
18	870	0.0	0.0
275	238	323.5259999999998	4.7445914108131735
33	476	12.213	0.0
614	622	337.30199999999985	4.335023646316235
820	830	481.9080000000001	3.3043532020675763
40	800	0.0	0.0
362	877	134.75099999999995	11.339028286801552
757	3	0.0	0.0
445	73	0.0	0.0
608	75	213.77700000000002	0.0
11	792	0.0	0.0
441	432	0.0	11.666667
668	588	245.93468464816607	3.33353139270839
432	431	0.0	5.333333
535	576	282.45000000000005	22.549978573535082
185	186	310.002	1.0001502539360276
797	795	447.9150000000002	0.6671035753983573
96	894	77.124	0.0
904	8	162.72600000000003	0.0
957	74	161.07599999999996	0.0
97	835	115.37699999999998	0.0
244	962	268.761	2.666893361026408
956	952	540.195490629243	10.921282181678412
444	460	0.0	0.666667
406	122	0.0	6.333333
372	368	423.0719999999999	9.338197763925738
303	305	173.12400000000005	6.666847506525689
846	934	271.24500000000006	3.696918603361085
59	457	19.839	0.0
505	504	304.55100000000016	2.363927742683095
974	258	619.3537140697395	8.569939755882745
29	549	0.0	0.0
814	815	271.31318662405596	2.0001763118406513
437	12	185.90362710398162	0.0
85	110	178.82099999999994	0.0
188	173	280.029	10.00100041435008
783	720	372.0300000000001	3.0009349771090696
859	863	0.0	11.0
148	159	191.46850937075698	10.000218653935981
69	604	97.91700000000003	0.0
188	91	70.14	0.0
285	58	6.906000000000001	0.0
82	574	0.0	0.0
791	780	0.0	0.333333
65	144	98.89500000000002	0.0
595	596	344.6490000000002	3.334750561226942
530	51	0.0	0.0
452	806	212.07899999999995	1.6718058917147645
343	33	0.0	0.0
974	13	0.0	0.0
745	96	0.0	0.0
249	53	125.46000000000001	0.0
40	801	0.0	0.0
41	701	29.742000000000004	0.0
507	508	375.2910000000001	2.7472923006296592
499	489	0.0	21.0
883	880	0.0	8.333333
578	576	346.5234290573159	0.33347786509566596
28	158	0.0	0.0
728	731	693.087	1.3426065212872123
2	751	107.71800000000005	0.0
459	434	206.2436271039816	6.350798637286481
564	10	384.46499999999986	0.0
705	41	26.274	0.0
288	291	352.8360000000001	1.6670872505310959
366	806	526.4460000000001	17.35499334033075
329	328	0.0	2.0
348	476	0.0	9.0
76	601	12.693	0.0
782	740	181.44599999999994	21.000686062880078
269	61	85.00799999999997	0.0
786	258	638.5062495215502	10.027041357147795
122	56	0.0	0.0
809	6	46.644	0.0
434	437	185.90362710398162	8.34850350897521
153	28	0.0	0.0
932	934	47.90100000000001	4.000032097283163
6	679	0.0	0.0
88	548	20.244	0.0
932	852	649.9650000000008	1.34050521904692
26	768	251.17800000000008	0.0
243	244	263.6820000000001	1.3334378644876002
350	71	19.308	0.0
486	480	0.0	5.666667
276	57	24.555000000000007	0.0
726	728	693.087	2.0139102854083895
861	47	23.112	0.0
82	575	0.0	0.0
447	448	206.2436271039816	4.3452831725899355
826	26	27.948	0.0
155	156	592.8634906292419	0.6691494631931958
633	34	64.623	0.0
10	566	0.0	0.0
325	318	624.8037307362936	0.6697292345173949
365	373	604.1819999999999	5.2134150359091285
684	13	44.919000000000004	0.0
140	141	0.0	1.666667
346	349	167.56199999999993	2.0000475211750057
181	178	245.4959999999999	5.667001867691416
109	169	200.87399999999997	22.00058275427277
713	717	0.0	0.333333
917	796	175.51499999999996	18.803351331205068
620	924	111.58500000000002	6.000028036871722
314	313	469.735941730967	2.0015842110414472
950	609	996.206999999999	6.8645744540793405
65	555	0.54	0.0
115	429	89.14500000000001	13.333346699179543
118	129	70.36499999999997	3.666668462399778
171	31	150.98700000000002	0.0
619	614	337.30199999999985	8.336584243035881
189	197	273.81899999999973	2.000182916208426
456	735	338.38800000000015	8.670092050327938
548	546	92.60050937075707	16.66853480796498
131	918	218.094	10.000681914467437
771	78	0.0	0.0
707	6	18.888	0.0
900	899	216.99900000000002	7.692577004736085
859	862	0.0	4.666667
849	879	162.291	9.333528150442065
368	770	0.0	21.666667
210	309	395.2710000000002	5.531763521095981
860	844	197.88724952155064	11.333615746197435
421	426	25.875000000000004	4.333333058546176
402	401	0.0	1.0
202	249	463.053	9.006731830819195
203	149	397.6260000000004	18.34078904291181
462	463	55.311	11.000003103085628
601	612	92.70600000000002	16.001801280371453
965	502	344.445	6.651667088783902
403	260	393.2939999999999	0.6909783012133186
741	743	369.04500000000024	3.427570979648551
78	771	0.0	0.0
651	652	612.1918568729454	6.34780572773021
558	572	535.6831431270546	5.346569880702571
6	762	0.0	0.0
468	315	0.0	0.666667
127	131	92.42519641046827	10.666679663627884
653	657	5.079000000000001	6.666667034230765
173	446	289.272	10.780504222918632
770	16	0.0	0.0
972	747	81.423	3.000200973879495
252	247	337.5930000000001	5.001056602443553
537	542	0.0	0.666667
664	663	209.55600000000007	2.666750663698882
39	739	3.936	0.0
125	126	50.46600000000001	1.000050048438473
462	14	49.13400000000001	0.0
618	552	464.4119999999999	4.64056451216904
610	943	255.55499999999984	3.0195024308546943
203	27	0.0	0.0
668	672	821.5139999999994	1.67901727383137
359	360	147.17999999999998	25.33369129649468
110	111	539.8080000000002	0.7529442286590599
80	776	2.553	0.0
752	751	222.042	8.698775690518872
89	163	102.30900000000003	0.0
258	261	478.84500000000037	0.667237238664089
444	12	0.0	0.0
681	683	1143.9989999999993	1.0516247085059773
791	783	501.65999999999997	14.34810206359862
430	429	436.43999999999994	1.334791115241449
389	391	635.151	7.0185342006097216
501	497	320.04600000000005	5.079955727878334
740	722	230.86800000000002	5.691203500234663
750	746	419.12899037413047	4.337363583309819
76	603	137.406	0.0
79	303	172.6680000000001	0.0
2	753	1.89	0.0
953	354	0.0	17.333333
666	667	0.0	1.0
844	850	0.0	4.0
893	5	118.64399999999996	0.0
289	275	365.2679999999999	12.32557999713988
520	521	28.677	2.333335405146588
492	495	0.0	17.0
219	66	98.89800000000001	0.0
304	741	369.04500000000024	3.084814190165115
540	610	255.55499999999984	1.6775016859751
561	558	379.7971431270553	7.004389952767467
827	828	0.0	4.333333
473	470	134.86000962586925	9.357154247693689
576	574	268.28942905731566	1.0001561598122535
710	35	0.0	0.0
146	157	476.4660000000002	21.68483418525344
497	36	261.2339999999999	0.0
186	171	562.6200000000001	1.0016301536480234
941	612	0.0	0.666667
838	836	129.04199999999997	1.0004226241440612
278	23	127.035	0.0
176	147	78.49199999999998	5.000003087731012
245	251	0.0	6.666667
901	680	459.4440000000002	19.57842581353512
779	303	218.13299999999973	24.0016377656723
313	455	919.4340000000001	3.034879589718318
809	787	450.4552596378375	24.363529964019367
376	382	236.69875047844954	4.4382874661420715
741	296	0.0	2.0
10	568	0.0	0.0
531	529	0.0	0.666667
744	37	80.637	0.0
561	560	56.277	1.000015288107038
232	241	555.7649999999999	3.338506820398182
705	701	231.306	11.047992153818694
80	777	83.35800000000002	0.0
223	240	918.4447403621626	1.6859612915551114
460	461	0.0	2.0
447	696	313.41971406973926	7.102951633673063
481	491	331.782	5.431833842722913
797	799	518.739	20.377710129649834
41	704	0.0	0.0
621	622	4.980000000000001	1.333333001249931
936	45	104.92200000000003	0.0
314	315	586.5870000000001	1.6698773061192551
959	80	0.0	0.0
2	754	6.033	0.0
525	515	0.0	3.0
112	199	212.51399999999995	11.333709076076499
698	49	0.0	0.0
402	403	393.2939999999999	6.564290233892259
721	43	36.54299999999999	0.0
751	893	146.69400000000002	21.014821721911463
823	820	481.9080000000001	6.608707820286727
209	84	34.431	0.0
793	707	510.8020096258692	18.03693498501333
295	741	0.0	5.0
463	447	27.545999999999996	12.666667219812084
186	172	398.73597975510876	18.007402562501053
166	165	454.8779999999999	0.6675272877179294
711	715	569.1043979180703	8.50579597105015
563	564	486.28624952155053	16.348192720772346
46	860	14.262	0.0
494	501	354.55499999999995	15.702651435193664
241	243	967.1400000000001	1.0142339441458859
604	601	604.0966020819297	7.3492219373518655
527	191	3.282	4.333333000766313
913	912	0.0	2.0
400	399	348.699	4.000962123170144
737	736	396.22699037413105	4.364003971216598
129	56	9.69	0.0
160	151	100.227	15.333358173486385
341	32	0.0	0.0
247	52	209.47199999999995	0.0
318	325	72.86100000000002	1.3333341325937778
864	856	0.0	18.0
170	175	354.91200000000003	7.001806960458689
959	777	0.0	12.666667
604	69	63.291000000000004	0.0
349	338	201.26399999999992	12.667293443324388
226	227	0.0	1.666667
818	828	7.998	4.000000126293381
359	362	224.74499999999995	0.33462918928650753
41	705	103.99799999999998	0.0
545	644	309.186	2.33397570405415
22	639	0.0	0.0
552	67	147.66900000000004	0.0
907	816	0.0	0.666667
774	26	34.73999999999998	0.0
247	53	6.192	0.0
286	290	18.827999999999996	3.333333012625556
267	60	22.730999999999998	0.0
883	884	0.0	14.333333
246	235	784.899	2.6831331385093087
821	817	0.0	4.333333
810	811	437.98199999999997	5.984488083665819
48	292	115.42699037413078	0.0
553	583	418.6296846481662	6.339195831851392
796	40	106.27200000000002	0.0
474	373	255.03899999999993	14.425760996762303
649	650	55.49699999999999	2.6668621829211534
4	719	53.273999999999994	0.0
183	555	60.15299999999999	2.666720214246329
516	515	12.213	5.3333331808498246
866	864	0.0	13.333333
282	280	115.37699999999998	10.333388191529254
640	116	14.351999999999999	2.6666670034101503
816	907	112.57418662405611	0.6666702271508185
953	356	481.22149062924274	13.341402502370968
497	490	246.0989999999999	3.687166384816109
577	559	408.79800000000006	6.672278756850339
83	274	61.65600000000001	0.0
735	733	338.38800000000015	2.6677208617305648
139	695	1442.7398133759411	2.1409775428196207
784	11	0.0	0.0
964	362	108.64800000000001	24.666770598257052
46	861	23.112	0.0
131	430	102.24119641046825	0.6666681851696578
576	577	360.6840000000002	0.6838637520641686
82	579	168.948	0.0
711	839	34.57199999999999	13.333362031314818
9	588	100.449	0.0
108	109	206.361	8.666922699853712
360	919	621.3678035895325	1.674155569333561
50	584	3.54	0.0
213	54	0.0	0.0
479	36	10.632	0.0
10	570	0.0	0.0
479	77	257.9069999999999	0.0
505	508	533.0970000000002	4.118030447895348
415	416	616.365	1.002348117108141
471	17	134.86000962586925	0.0
213	218	614.4509999999999	6.682127575599805
85	361	58.97100000000001	0.0
763	759	178.26000000000008	10.749774332772338
446	510	289.272	7.0747056752057995
652	718	304.09485687294506	1.3335184995253815
225	83	43.724999999999994	0.0
162	198	41.959196410468245	8.33333342023794
269	270	90.273	0.666734479277188
587	50	42.984	0.0
765	313	105.66299999999997	15.669643448160416
812	815	631.720009625869	10.025909940036728
351	344	287.859	2.3338158931066237
777	96	2.556	0.0
902	9	112.57418662405611	0.0
771	778	0.0	3.0
778	78	179.22599999999994	0.0
353	21	90.49500000000003	0.0
716	93	0.0	0.0
934	45	12.299999999999999	0.0
370	369	0.0	8.666667
399	500	187.2869999999999	5.333439757183553
560	538	26.979000000000003	5.333337306575403
557	553	542.1486846481654	0.6684029516500262
4	761	58.671	0.0
349	504	173.78700000000003	4.673154926471303
218	210	182.073	1.0016749897534614
96	777	2.5620000000000003	0.0
411	407	89.39699999999998	24.345324910472577
353	964	108.64800000000001	10.33337639926786
62	204	49.344	0.0
399	501	161.41200000000006	12.679771956705626
711	841	398.0280202448913	4.153018711076294
384	936	243.74699999999982	3.7665343636007735
160	30	37.608000000000004	0.0
577	970	271.9740000000002	2.6889056440303225
72	515	0.0	0.0
128	117	0.0	16.666667
570	564	0.0	16.666667
597	35	74.81400000000001	0.0
63	268	57.33900000000005	0.0
374	748	48.37799999999999	17.3334777117127
458	459	0.0	5.333333
48	785	0.0	0.0
235	230	1088.9938568729442	1.0228807151301254
760	569	362.81100000000004	7.557970361930861
935	885	0.0	2.333333
169	31	3.6750000000000003	0.0
256	260	616.4176020819299	0.3341159721459484
945	950	1010.4546846481653	1.0169603668382308
357	359	127.88999999999994	11.671423890054673
574	82	88.068	0.0
22	641	0.0	0.0
368	366	42.92700000000001	1.666675625831144
809	707	257.26200000000006	1.0001320254327064
224	225	282.9480000000001	6.000625670442782
432	969	464.1472859302608	9.27973032082933
398	397	0.0	0.666667
518	520	28.677	4.000004123109026
151	29	32.214	0.0
28	164	206.94	0.0
806	802	526.4460000000001	0.6675000904452872
846	37	0.729	0.0
804	19	352.7699999999998	0.0
181	183	55.712999999999994	1.000014684397803
567	863	0.0	8.0
58	277	67.806	0.0
90	108	144.60000000000002	0.0
396	392	27.393	2.000000033942468
849	843	59.76299999999999	5.000001922447986
43	794	0.0	0.0
643	923	210.86100000000002	2.333472032650973
533	536	478.086	16.19438771096274
733	729	462.8070000000001	4.339325068557323
742	894	347.63999999999993	3.0667836547099316
19	286	311.50199999999995	0.0
441	438	0.0	19.0
155	162	41.959196410468245	1.0000000504285549
556	161	25.353	13.333375506089265
662	661	266.133	7.333931500061551
335	20	0.0	0.0
46	863	0.0	0.0
312	313	660.3340582690324	20.73059529280459
504	446	349.2330000000001	7.15870444875384
90	518	99.108	0.0
542	537	13.164	0.6666670305133868
61	264	7.281	0.0
37	739	3.858	0.0
862	854	0.0	16.666667
26	774	96.77999999999999	0.0
878	278	144.237	10.673703641460767
50	586	105.80399999999999	0.0
518	522	411.7649999999997	21.572187151161646
417	423	893.9039999999994	10.103879869937906
909	908	97.7211866240561	1.0000027485899927
78	776	2.64	0.0
675	674	137.18699999999995	4.6667168211423675
479	490	187.0049999999999	2.3376823019505033
589	590	171.69368464816617	7.000098965357634
922	919	376.3170000000005	4.465787701400927
177	174	727.9710000000001	5.357701168583316
273	323	372.7420096258691	2.334690579045283
69	939	0.0	0.0
774	768	589.4419903741308	2.575265262474969
666	591	821.5139999999994	1.0074101628167895
355	110	148.416	11.00813477486166
881	882	0.0	0.333333
419	428	141.864	1.000012207980795
491	478	297.264	2.827336356602978
237	236	0.0	2.333333
574	575	180.22142905731567	2.000063593209663
501	502	515.9670000000003	3.6093587136179806
93	710	0.0	0.0
121	122	0.0	0.666667
22	642	11.312999999999999	0.0
188	508	47.07	20.66682162410443
543	603	780.9179999999998	7.377703161999241
217	352	498.72899999999976	9.016782475872844
561	605	45.339	16.333438194377255
441	440	0.0	11.333333
1	817	0.0	0.0
830	42	226.62299999999993	0.0
493	483	0.0	2.0
75	585	0.0	0.0
602	601	3.7409999999999997	29.333333008756732
783	564	267.85499999999996	0.6931460858258013
43	795	70.48800000000001	0.0
648	15	172.25999999999993	0.0
151	30	3.78	0.0
340	341	447.7649999999998	5.339794811843362
471	470	675.9739417309667	5.222143012286502
527	72	0.0	0.0
925	87	40.26899999999999	0.0
262	891	501.65999999999997	3.336767665689577
96	738	2.835	0.0
267	268	362.54331535183417	13.221849670397635
39	294	198.693	0.0
208	188	0.0	9.333333
62	206	133.96499999999997	0.0
163	182	568.6889999999999	3.339005126240209
531	532	793.6769999999995	1.6774264950800784
204	219	342.8250000000003	4.000898913296982
410	427	62.10899999999999	5.66666954156296
582	675	137.18699999999995	2.6666954692257345
867	931	0.0	2.0
310	269	448.72900962586914	18.021997033987958
542	538	20.34	2.333333608710061
426	55	0.0	0.0
50	587	0.0	0.0
546	548	0.0	6.0
6	809	86.22600000000003	0.0
78	777	1.692	0.0
69	612	71.33099999999996	0.0
602	68	0.0	0.0
857	47	0.0	0.0
297	299	211.62599999999998	14.711504097088941
772	25	0.0	0.0
319	884	0.0	15.333333
167	28	225.267	0.0
136	138	0.0	2.333333
705	704	0.0	1.333333
795	797	365.8799999999999	0.6668613710202946
360	21	11.4	0.0
433	12	0.0	0.0
907	902	942.7911866240546	1.0238131632463743
130	124	75.153	9.666672016836179
962	645	268.761	3.333615951219346
465	908	0.0	1.0
121	123	46.818	17.333334354881725
510	504	289.272	3.0320167179453428
776	78	2.553	0.0
234	333	539.838	8.659075259584881
348	33	0.0	0.0
358	57	7.272	0.0
940	633	131.72100000000003	11.338533052021045
678	580	140.04000000000005	15.008792849295746
1	818	489.90600000000006	0.0
325	326	246.3779999999999	4.667185286082606
868	870	0.0	6.0
322	380	411.6900000000002	2.6689758998310014
503	631	0.0	16.333333
91	215	23.349	0.0
632	633	175.48200000000003	12.00034297825086
700	59	0.0	0.0
43	796	26.397	0.0
617	618	347.60400000000004	3.4075063212201906
753	2	24.093000000000004	0.0
104	103	20.34	5.00000660341812
175	89	96.55799999999999	0.0
231	223	425.1751431270552	1.6675531111011845
356	953	360.45600000000013	6.496289362434222
495	489	0.0	3.0
634	638	348.699	8.003564903906659
701	41	0.0	0.0
546	549	6.423	8.333333109437314
587	586	553.2906846481658	1.6713747923963984
53	247	143.33399999999995	0.0
78	778	185.7329999999999	0.0
158	28	116.88600000000001	0.0
821	1	527.193	0.0
514	513	12.213	2.333333079121792
90	520	0.0	0.0
696	49	68.37899999999999	0.0
602	69	0.0	0.0
606	611	481.797	12.985524837795985
413	415	301.68	3.000404273437203
32	340	0.0	0.0
114	209	672.1619999999999	5.016604802128178
486	487	0.0	6.666667
953	30	195.14999999999995	0.0
51	529	0.0	0.0
222	223	704.4388568729448	9.036056502587938
302	292	380.3587403621622	8.130489779559513
810	814	285.20699999999994	14.66824584693396
559	560	441.94800000000004	9.344064896750705
830	821	527.193	7.448175240496941
102	959	0.0	0.666667
370	373	238.899	9.714658469452331
361	85	0.0	0.0
584	67	3.54	0.0
796	43	36.266999999999996	0.0
28	167	0.0	0.0
808	809	278.6249999999997	14.00137270190461
149	150	344.232	1.3338972851504927
13	684	0.0	0.0
885	935	0.0	0.666667
34	632	0.0	0.0
206	62	37.989	0.0
261	788	626.7217403621629	10.704558758827353
309	84	72.97800000000001	0.0
238	221	31.866000000000003	13.33333322367467
935	932	251.66099999999997	10.001208978854876
4	724	2.136	0.0
15	648	0.0	0.0
836	838	115.37699999999998	4.334503385670452
856	886	302.6057504784495	7.807799016698398
911	465	385.51232497770303	11.340878113051767
600	599	0.0	0.333333
784	262	306.9317504784494	19.002743397512674
106	109	265.9079999999999	1.007620010615937
548	556	25.353	3.3333436265215193
83	238	82.596	0.0
265	60	0.0	0.0
90	521	0.0	0.0
629	279	284.47800000000007	1.3335962015274434
167	153	406.362	8.337029910764358
529	531	0.0	0.666667
207	208	0.0	7.666667
51	530	0.0	0.0
32	341	61.461000000000006	0.0
395	454	0.0	3.333333
546	592	226.74250937075703	3.3467619005883784
828	818	0.0	4.0
53	248	0.0	0.0
63	272	41.32500000000001	0.0
647	650	0.0	4.0
963	590	703.4579999999996	15.394421172634093
48	789	191.2529999999999	0.0
156	598	239.12449062924284	7.334055691041483
601	539	736.7998568729449	11.052742254627638
386	454	0.0	11.666667
497	494	159.21	1.3346387197093463
177	587	596.2746846481659	6.357463862338771
881	844	0.0	17.666667
529	530	809.1058568729447	1.0069725117414308
467	463	58.32000000000001	5.6667669143151
719	44	61.364999999999995	0.0
742	79	57.06	0.0
500	399	187.0049999999999	5.000099483430595
287	114	245.22900000000007	23.126778353421198
214	205	430.3109999999997	5.002789123026703
527	525	0.0	4.666667
952	953	484.8094906292429	13.010405403848235
922	21	39.843	0.0
14	462	0.0	0.0
664	670	308.09700000000026	1.333695112518784
744	739	129.82799999999995	0.6669556771358262
34	633	174.32999999999998	0.0
490	498	187.0049999999999	3.673501618948494
27	268	30.618	0.0
209	213	614.4509999999999	3.006957258672049
600	926	344.6490000000002	3.6682263176473238
211	54	0.0	0.0
346	71	190.11599999999999	0.0
469	468	0.0	6.333333
789	48	0.0	0.0
50	139	220.5900000000001	0.0
208	436	105.732	3.3339679425813187
39	297	0.0	0.0
609	927	652.761	1.0054723243360937
4	725	113.98499999999999	0.0
192	193	66.16499999999998	1.6666675196727905
321	318	7.053000000000001	4.333333000323201
221	242	31.866000000000003	10.333333173347867
19	290	29.901000000000003	0.0
603	259	795.3929999999993	16.439690898933627
774	772	376.24200000000013	15.009059732808229
762	6	74.07000000000001	0.0
739	299	60.96300000000001	1.6667020868290565
302	48	86.24699999999997	0.0
598	595	239.12449062924284	7.000689841480044
51	531	89.55299999999998	0.0
943	950	255.55499999999984	17.446013709437963
53	249	0.0	0.0
703	704	362.706	2.3948826581264817
63	273	0.0	0.0
205	204	116.86200000000004	1.0014390909996476
290	19	0.0	0.0
479	494	0.0	6.333333
66	219	82.97699999999999	0.0
493	36	0.0	0.0
8	899	187.76100000000005	0.0
780	786	638.5062495215502	5.681990436618462
190	107	65.043	19.66667272665336
258	229	624.8827140697389	12.0297675550201
759	756	104.07600000000001	9.675418331321987
836	837	129.04199999999997	1.3338964987178736
776	80	91.20899999999997	0.0
338	339	179.00400000000002	0.3338546259832254
630	631	211.40399999999997	14.333798766090325
660	662	266.133	5.334139396533832
14	463	110.54400000000001	0.0
877	874	229.78499999999997	12.720491377589576
873	373	95.46900000000005	10.334641337777121
727	761	191.2020000000001	4.666768471576922
910	810	422.81399999999996	2.0974220791587608
1	821	0.0	0.0
70	147	51.09250937075703	0.0
29	151	44.70300000000001	0.0
641	22	158.6039999999999	0.0
13	686	45.29399999999999	0.0
572	573	205.50000000000003	2.673915465124165
34	634	54.35400000000001	0.0
143	138	27.393	1.000000016971234
379	377	26.979000000000003	5.3333548020379755
306	304	230.86800000000002	1.0043299703749422
440	379	26.979000000000003	2.3333348841265873
24	733	124.41900000000001	0.0
110	120	244.12500000000003	1.3334100469635797
290	143	0.0	2.0
141	133	0.0	3.0
939	941	189.516	3.6738761648717544
247	224	348.69600000000025	17.337502056848294
59	264	3.252	0.0
248	247	0.0	1.666667
308	309	184.91099999999983	5.008909451246424
597	940	131.72100000000003	4.668808198106938
860	854	0.0	41.0
455	26	233.07299999999998	0.0
972	754	48.37799999999999	7.000058441269715
491	481	182.076	4.340591766761747
605	714	45.339	4.666697055539119
900	8	255.27000000000007	0.0
432	442	311.66737289601826	1.3525079372453417
870	18	0.0	0.0
61	269	122.475	0.0
719	4	89.685	0.0
467	14	60.57899999999999	0.0
53	250	0.0	0.0
967	517	0.0	3.666667
161	550	64.69450937075703	3.0004054954147374
509	74	0.0	0.0
894	895	305.19000000000005	2.364185323918029
37	744	0.0	0.0
519	98	51.96300000000002	0.0
367	20	0.0	0.0
424	423	0.0	2.666667
609	68	171.1680000000001	0.0
700	61	0.0	0.0
212	202	447.41399999999965	15.343329379148864
459	447	285.8737140697393	21.5504958691679
523	109	28.677	26.666694487393848
764	94	0.0	0.0
200	132	645.6779999999995	15.71096748117164
8	900	0.0	0.0
148	89	0.0	0.0
199	191	0.0	9.666667
611	607	421.7640202448911	6.28937387886447
794	43	0.0	0.0
147	148	116.34250937075703	11.666701775099702
260	604	569.4706020819301	7.345880422393108
893	752	153.2040000000001	11.342849297915274
484	77	0.0	0.0
892	893	483.0319903741307	6.009844867164739
304	300	185.66700000000003	14.693231416110859
14	464	87.777	0.0
30	953	72.324	0.0
517	95	128.37000000000003	0.0
1	822	0.0	0.0
7	222	0.0	0.0
864	867	0.0	13.666667
512	513	0.0	2.333333
342	350	241.8809999999999	5.000515860243965
795	721	79.69200000000001	2.6668309297037176
414	236	0.0	33.0
340	345	175.20300000000006	0.33381171212379274
844	860	40.518	22.666667993911098
29	152	30.846000000000004	0.0
656	244	5.079000000000001	5.000000025673073
399	630	211.40399999999997	13.00042243902198
250	252	337.5930000000001	1.6670192008849578
330	321	7.053000000000001	4.000000000298339
23	875	0.0	0.0
39	299	74.04900000000004	0.0
24	734	116.04299999999999	0.0
45	846	0.729	0.0
61	270	85.272	0.0
13	974	84.91499999999999	0.0
810	900	19.253999999999998	1.000000209466141
615	616	428.71431535183393	1.7524795367267127
303	892	510.3679903741309	10.020449784974739
379	542	20.34	2.333333608710061
360	353	5.067	0.3333330003348975
376	883	0.0	9.0
523	518	265.9079999999999	13.09906013800718
729	726	94.21799999999998	1.0000023751473488
272	60	47.498999999999995	0.0
190	191	0.0	1.333333
527	528	0.0	4.0
741	304	322.4460000000002	4.404730006234443
924	643	155.79600000000002	6.000106544612964
92	611	125.328	0.0
579	571	73.85100000000003	21.333352126665694
328	317	355.54125963783775	4.001926526784648
495	492	0.0	33.666667
216	171	362.95499999999987	19.672219771125654
106	112	212.51399999999995	12.667087320344216
656	653	0.0	5.333333
933	931	0.0	8.666667
86	310	66.94200000000001	0.0
8	901	233.631	0.0
753	5	54.54900000000001	0.0
309	210	231.61199999999985	4.017544224687473
165	356	509.0418035895317	4.676111427586226
117	118	9.69	1.33333300019125
267	273	409.1830096258691	7.0059145736285195
898	906	1042.8389999999981	1.6987360259548665
409	410	5.9639999999999995	8.666667000330492
55	420	0.0	0.0
465	135	385.51232497770303	8.002874821805433
800	796	0.0	1.666667
7	223	217.97100000000003	0.0
217	31	67.05900000000001	0.0
93	716	34.614	0.0
628	629	284.47800000000007	0.3333988003325105
658	660	195.04199999999992	1.333391157566741
336	337	0.0	1.0
24	735	0.0	0.0
366	368	324.5320582690329	2.0338135193257356
218	54	55.443000000000005	0.0
17	370	140.01299999999998	0.0
729	687	368.5890000000001	4.335743718929659
138	394	27.393	6.000000101827403
95	967	0.0	0.0
463	581	27.452999999999992	15.666667268219832
699	246	784.899	13.415663680196943
754	972	81.423	3.666912634763935
860	856	54.78000000000001	28.666674780730023
802	391	359.62199999999996	7.1784485445784325
737	706	43.30800000000001	0.33334204785895555
175	176	78.49199999999998	0.6666674116976741
654	650	138.89700000000002	4.002269140650654
272	265	430.66799999999995	10.67772697599435
87	620	53.811	0.0
356	57	41.70900000000001	0.0
449	56	26.271	0.0
143	140	0.0	2.666667
952	954	313.1670000000001	3.7204203332504817
32	345	87.858	0.0
338	957	61.775999999999996	2.6667261940269547
189	210	692.9819999999993	4.349591398166242
767	368	0.0	9.666667
692	659	657.8408133759438	13.708307289873428
671	588	954.8128568729442	7.770335665494334
263	60	48.537	0.0
751	2	83.31900000000005	0.0
801	40	72.83400000000002	0.0
49	693	246.81600000000003	0.0
864	866	0.0	18.666667
568	566	0.0	12.0
188	187	0.0	0.666667
429	130	92.20199999999998	0.6666677838594517
749	38	0.0	0.0
233	234	0.0	3.666667
373	365	266.0010000000001	9.40455264435104
864	47	0.0	0.0
89	175	0.0	0.0
40	897	52.68899999999999	0.0
100	99	0.0	0.333333
204	62	116.86200000000004	0.0
241	7	0.0	0.0
761	763	178.26000000000008	3.6952351473448406
95	517	117.14100000000003	0.0
55	421	0.0	0.0
64	545	0.0	0.0
122	111	283.9769999999999	10.00105803623686
34	637	0.0	0.0
381	302	0.0	5.0
543	76	22.637999999999998	0.0
846	45	30.365999999999996	0.0
439	441	0.0	13.666667
58	285	0.0	0.0
48	302	89.37700962586922	0.0
23	877	95.034	0.0
289	287	0.0	0.333333
227	220	0.0	14.0
845	844	0.0	2.666667
311	94	44.342999999999996	0.0
344	71	19.71	0.0
96	745	0.0	0.0
960	854	0.0	3.0
362	278	198.642	0.6666982858751638
45	930	36.039	0.0
5	752	68.83800000000001	0.0
899	810	187.76100000000005	15.696344556000435
259	256	127.58260208192996	1.0004038274011684
671	672	0.0	1.0
113	110	630.4590000000003	1.0025703677870463
173	172	470.652	1.0747875999666177
708	44	0.0	0.0
232	7	0.0	0.0
84	307	0.0	0.0
759	760	78.76199999999999	0.6668649570161922
581	579	27.452999999999992	12.000000205444973
891	791	501.65999999999997	8.341919664739141
95	190	61.761	0.0
258	888	744.1020000000002	3.912697394286368
716	841	458.0639999999999	6.046910938151931
123	626	104.98499999999999	4.000014646168786
631	207	0.0	55.0
139	50	171.65699999999993	0.0
307	84	46.68	0.0
285	277	364.0290000000003	3.4225510228605187
734	24	130.87199999999996	0.0
276	358	382.85700000000014	4.8194880369028
686	974	534.4387140697394	2.6234668004908706
470	415	675.9739417309667	17.407144244645508
538	537	13.815000000000001	3.000000166553887
209	54	23.808000000000003	0.0
920	21	0.0	0.0
930	45	0.0	0.0
72	524	258.1319999999999	0.0
302	789	140.71675047844946	2.674734648632155
669	667	954.8128568729442	1.6892036699392896
316	331	737.0817307362931	1.3451949543660486
183	115	89.14500000000001	3.333336424794629
555	65	55.712999999999994	0.0
862	865	0.0	0.333333
534	76	144.378	0.0
622	615	441.2369999999998	18.687993004951785
725	719	64.52999999999999	16.333764669574393
345	504	286.842	2.6941820126364897
540	541	923.6668568729444	1.0118421161551916
370	52	285.525	0.0
143	19	0.0	0.0
508	505	304.55100000000016	3.7147444640266065
714	713	0.0	8.666667
14	467	0.0	0.0
43	721	2.466	0.0
700	270	0.0	3.0
76	534	13.293000000000001	0.0
345	340	9.687	0.33333300447368575
480	479	0.0	6.333333
13	649	55.49699999999999	0.0
651	9	0.0	0.0
26	455	0.0	0.0
130	131	227.91	1.6668025368519044
36	479	116.364	0.0
276	277	507.48480358953174	3.6703104442884302
579	82	183.978	0.0
615	619	275.39399999999983	2.333737528992327
701	702	261.0479999999997	4.364004393469975
452	371	423.0719999999999	6.003127348349665
559	75	89.65800000000002	0.0
125	58	0.0	0.0
23	878	0.0	0.0
364	365	604.1819999999999	3.208256054534163
394	396	27.393	7.000000118798638
18	395	0.0	0.0
373	366	333.03705826903274	20.035416103844494
5	753	1.857	0.0
898	911	385.51232497770303	5.003328726444272
751	781	75.39	2.666798296673197
507	73	115.57799999999997	0.0
302	380	99.11200962586923	6.004467364382306
261	262	770.5680000000001	0.6704910249020324
273	86	64.455	0.0
508	507	187.857	2.671728838433529
353	360	432.9408035895315	0.35118234767223266
447	463	0.0	27.333333
223	7	161.898	0.0
334	335	351.22499999999957	11.596195900970029
242	237	31.866000000000003	27.00000045294122
263	267	721.4943249777023	3.3605578448049225
73	507	50.855999999999995	0.0
212	206	0.0	0.666667
418	414	0.0	3.333333
896	740	315.88200000000006	26.394550707527372
84	308	0.0	0.0
147	70	13.62	0.0
182	175	0.0	0.666667
8	904	0.0	0.0
893	303	258.4079999999999	19.335931277805358
298	330	7.053000000000001	30.333333002262403
824	774	606.2610000000002	11.02417681492057
86	272	57.834	0.0
171	169	534.2309999999998	1.6688756812917422
289	411	89.39699999999998	3.0014784547360502
761	725	75.91799999999999	7.667055164305259
768	25	117.31500000000001	0.0
847	848	0.0	13.333333
259	257	605.0639797551092	11.35804629893769
272	63	9.159000000000002	0.0
938	22	0.0	0.0
641	642	3.039	2.333333000005999
349	350	114.38999999999994	0.3334199882338277
402	88	54.867	0.0
709	928	344.6490000000002	7.33645163486938
319	320	0.0	1.333333
677	687	692.7719999999998	0.3356471667507799
780	791	0.0	0.333333
165	155	124.02719641046826	0.3333342832577405
603	714	146.41500000000005	11.007704863244333
339	491	182.076	3.338916666610952
583	584	307.38299999999987	4.00107630263653
789	792	331.96975047844927	5.833123212903907
22	938	195.4439999999999	0.0
868	18	27.393	0.0
59	269	51.88500000000001	0.0
738	895	204.54	3.3422254548856327
841	711	458.0639999999999	2.489904001779328
145	66	0.0	0.0
572	578	330.18314312705525	1.6672640675375052
778	745	185.7329999999999	4.709517718156691
81	322	229.2839999999999	0.0
228	245	0.0	2.666667
508	957	361.65299999999985	9.918710213709007
623	557	388.58400000000006	10.006872182609062
839	92	241.23000000000013	0.0
920	307	231.59099999999984	6.695896772615107
912	42	0.0	0.0
832	833	115.37699999999998	1.6671171484594456
817	818	0.0	2.333333
639	22	78.984	0.0
407	449	134.937	5.333386293953133
72	526	2.268	0.0
905	906	97.7211866240561	17.000046726029876
923	130	210.86100000000002	13.00077461059465
49	696	0.0	0.0
84	309	140.56800000000004	0.0
815	813	574.514871272222	2.337468706374414
725	761	65.10600000000002	9.666931722451404
525	527	0.0	6.666667
110	85	173.76299999999998	0.0
948	541	265.02000000000015	10.667523073809125
117	409	5.9639999999999995	11.333333000432178
299	846	220.27799999999996	11.03947363728098
407	450	92.49000000000001	4.3338163159684715
817	1	0.0	0.0
86	273	0.0	0.0
73	508	133.46699999999996	0.0
93	597	14.241000000000003	0.0
474	17	105.45799037413076	0.0
677	730	422.32800000000003	1.6682650978698386
592	546	89.95199999999997	7.334064770106737
492	511	0.0	2.333333
58	124	0.0	0.0
37	299	69.081	0.0
637	634	294.34500000000014	8.335218386622863
853	866	0.0	2.333333
903	904	171.54000000000005	4.005278998961159
757	758	284.0490000000001	2.80061518821776
839	259	93.85660208192995	21.00248375392293
724	44	3.039	0.0
179	189	245.4959999999999	8.000472754360072
693	686	491.85671406973944	9.802836091601492
364	367	88.79700000000001	5.000473797909576
681	903	171.54000000000005	3.003959249220869
88	401	10.866	0.0
875	878	144.237	19.346086912029183
789	302	380.3587403621622	2.710162872686991
320	384	243.74699999999982	6.848244017300529
231	232	555.7649999999999	3.6723582035245026
695	691	657.8408133759438	0.6686982346184368
392	393	27.393	2.000000033942468
844	46	299.98800000000006	0.0
886	884	302.6057504784495	8.872498931007268
917	897	423.4559999999998	9.790736924623907
594	592	89.95199999999997	2.6669330982659893
288	676	655.6559999999996	8.714940779516088
391	452	635.151	1.3368633230430804
67	617	30.860999999999997	0.0
772	773	0.0	0.666667
70	522	184.821490629243	0.0
877	23	0.0	0.0
957	338	200.57700000000006	2.6732454453957986
207	503	0.0	18.666667
888	889	744.1020000000002	0.978174715386927
26	826	49.506	0.0
531	51	117.39000000000004	0.0
930	744	210.46499999999986	10.364235237222337
712	711	144.363	19.01257787161052
354	57	0.0	0.0
72	527	3.282	0.0
47	856	208.0727504784492	0.0
860	863	0.0	13.333333
49	697	0.0	0.0
768	26	94.94700000000003	0.0
811	723	437.98199999999997	9.152746294532534
464	689	129.378	4.676755893639229
201	202	498.50500962586926	1.3346726292167912
621	554	199.21800000000002	14.03361029320211
706	737	358.2229903741308	0.37568628779544766
291	909	97.7211866240561	1.000001483620421
66	144	2.628	0.0
686	689	315.0543728960182	9.684194463546365
250	53	0.0	0.0
588	659	965.7568568729439	1.6902548258325116
637	633	146.778	0.33356880452567106
852	885	134.09999999999994	3.333365489935294
278	284	256.518	0.6710665706997503
55	425	0.0	0.0
58	125	50.46600000000001	0.0
269	201	486.89500962586936	17.362694511374293
454	870	0.0	1.0
88	402	58.992000000000004	0.0
634	34	0.0	0.0
885	327	134.09999999999994	3.6667027389356455
738	79	2.835	0.0
173	217	571.0529999999995	9.015570983831998
44	706	52.662	0.0
163	70	217.83900000000003	0.0
316	376	72.86100000000002	12.33334347649478
347	348	0.0	0.333333
132	139	721.9049999999986	1.3392245111217618
338	347	242.34599999999995	6.0006238062293455
650	646	332.60942905731577	3.735064410403642
680	677	459.4440000000002	6.407484928202129
270	61	0.0	0.0
594	593	583.2839999999999	2.0069775873640636
45	934	127.05899999999995	0.0
103	377	20.34	8.000010565468992
274	275	0.0	0.666667
304	306	136.77899999999997	1.334044289319136
377	379	20.34	15.00001981025436
407	410	56.14499999999999	1.6666922419640224
819	826	313.2000000000001	7.440884973095274
126	125	0.0	1.0
785	48	275.076	0.0
81	324	69.34199999999998	0.0
832	835	129.04199999999997	4.001690496576245
49	698	34.050000000000004	0.0
276	198	0.0	5.666667
551	183	45.992999999999995	20.666807950739088
487	480	0.0	6.666667
47	857	0.0	0.0
724	4	83.376	0.0
205	212	313.44899999999996	5.000785245458896
139	177	449.0939999999997	1.334215379711764
718	235	304.09485687294506	7.334353247598284
651	668	634.1886846481652	1.0026317330259016
815	898	328.51832497770323	1.0001894987169864
376	316	610.7607307362933	2.0083882130593107
56	121	0.0	0.0
66	145	85.45800000000001	0.0
55	426	168.30000000000004	0.0
684	686	84.45900000000002	5.0019631285675645
918	919	9.927	0.3333330049337866
277	58	47.418000000000006	0.0
725	723	131.868	14.673426570027777
856	852	47.90100000000001	12.333334957103578
710	93	20.391000000000005	0.0
168	144	368.0340000000002	5.668358403925739
608	585	175.94114312705508	6.342582791065777
768	314	799.6219903741309	20.921329144211878
77	479	93.08100000000002	0.0
184	183	134.79600000000002	9.000048341308734
373	370	594.5509417309673	6.349078596910334
303	79	178.7520000000001	0.0
731	737	693.087	4.363471949399796
343	339	232.99199999999996	8.667436788077765
318	750	419.12899037413047	6.339223852672833
56	449	11.478	0.0
973	826	261.0479999999997	8.392316451158573
802	805	352.7699999999998	2.6673388978347456
151	165	178.1910000000001	11.000180427869141
721	795	311.448	14.668912129992686
420	421	25.875000000000004	0.6666670090071092
429	545	433.38299999999987	4.33794049193384
199	526	193.16400000000007	7.4121103133215716
323	86	0.0	0.0
740	738	213.33599999999984	9.028413783258868
15	658	0.0	0.0
910	900	453.0149999999999	2.4831140997583176
740	779	190.33499999999975	8.66700983232886
461	458	0.0	3.333333
758	3	0.0	0.0
661	653	283.3344290573157	5.04911310239375
113	361	68.919	2.6667586968924613
486	499	0.0	3.666667
306	722	136.77899999999997	1.334044289319136
538	542	13.164	2.3333331067967853
294	38	6.291	0.0
63	323	9.045	0.0
154	152	482.14500000000015	12.677803299371492
753	751	168.5610000000001	13.349738787591022
430	119	214.00499999999985	5.666860370957648
376	849	59.76299999999999	19.000007305302343
437	443	0.0	2.333333
56	122	223.302	0.0
66	146	0.0	0.0
489	486	0.0	11.0
257	92	0.0	0.0
546	29	76.91700000000002	0.0
755	305	419.12899037413047	6.67286789818676
109	106	34.164	0.6666683842475807
622	621	197.856	2.338783088879567
931	933	0.0	12.666667
236	226	0.0	0.666667
463	14	0.0	0.0
398	451	0.0	18.333333
894	742	260.8829999999998	14.434528283827701
64	551	49.224	0.0
317	318	355.54125963783775	9.671322773223444
393	869	27.393	2.000000033942468
244	655	0.0	4.0
706	44	86.59799999999998	0.0
860	46	0.0	0.0
893	801	702.0619903741306	8.730128303311162
705	799	450.444	22.671936327852862
775	25	0.0	0.0
194	126	41.959196410468245	5.333333268952275
358	356	201.71099999999998	0.33417405927213456
727	565	331.33200000000005	6.1102134863888535
798	797	394.5750000000001	23.009070139599903
622	620	144.426	2.0000262280837564
854	851	0.0	7.0
450	412	92.49000000000001	4.3338163159684715
44	708	70.038	0.0
388	387	369.55800000000005	2.334644783575157
77	480	0.0	0.0
68	602	3.7409999999999997	0.0
172	606	481.797	5.049926686518574
723	719	437.98199999999997	11.968975111245566
286	19	27.081	0.0
375	376	162.291	2.0000418179533646
404	548	58.469999999999985	23.668801344277064
847	855	0.0	2.0
126	127	92.42519641046827	6.666674914767576
711	35	172.476	0.0
20	364	276.51000000000005	0.0
142	288	533.2679999999998	0.6675441198248501
463	464	41.601000000000006	3.000069331617805
45	936	0.0	0.0
660	15	0.0	0.0
560	637	491.586	15.026402455313706
437	444	0.0	1.333333
674	665	223.7039999999999	6.667170221044177
32	352	0.0	0.0
519	518	261.20399999999995	6.042569691792429
314	415	216.10500000000002	7.000248384891538
521	523	28.677	8.333341589810127
272	273	60.62099999999999	1.0000004070496802
345	346	357.67799999999994	2.66798250569801
80	959	0.0	0.0
480	486	0.0	4.333333
796	794	778.8769903741302	12.407178464828714
845	848	0.0	4.0
946	947	659.0946846481658	1.0056878255801522
24	456	0.0	0.0
75	558	186.33600000000007	0.0
575	571	0.0	0.666667
51	951	145.70700000000005	0.0
826	702	362.706	20.869694374361014
858	859	0.0	0.333333
132	142	639.669	18.38327092793872
529	51	99.51000000000003	0.0
839	711	355.6140202448911	14.341250658030486
840	611	0.0	12.333333
229	231	594.0637140697391	7.682201832652282
294	39	172.995	0.0
91	187	0.0	0.0
21	920	35.48100000000001	0.0
613	621	4.980000000000001	4.000000003749793
291	135	1399.1138133759414	0.7082282891666368
15	660	71.09100000000001	0.0
850	881	0.0	4.666667
669	591	0.0	1.333333
830	915	0.0	8.0
319	325	134.09999999999994	10.666770967806585
594	595	127.03450937075706	0.3334653107501269
433	434	258.8947140697393	4.363004859237664
71	344	103.62599999999998	0.0
270	269	0.0	0.666667
961	103	26.979000000000003	4.666686076785784
506	507	490.8690000000002	4.716788039468785
843	844	340.50600000000003	10.33559299446509
169	170	354.91200000000003	2.66735536597507
971	496	303.96299999999997	14.003602184536591
520	90	0.0	0.0
158	164	493.10700000000014	6.67307970568327
665	663	223.7039999999999	8.667321187349883
828	829	0.0	9.666667
231	646	108.07800000000007	3.0006238790678177
847	567	0.0	0.666667
487	482	0.0	2.333333
248	52	0.0	0.0
286	389	635.151	4.010590971776984
287	289	33.252	1.0000094333529905
916	917	339.0449999999996	4.080559976325765
596	600	344.6490000000002	2.6678010492367146
370	17	142.419	0.0
420	55	115.98899999999998	0.0
686	693	376.1006271039816	4.808982762648433
746	755	419.12899037413047	4.003720538726029
826	824	233.09999999999997	6.026999163366
75	559	122.80800000000002	0.0
955	952	257.781	5.033651434564143
834	641	161.64299999999992	6.0001234621660124
150	268	153.231	5.356020165679191
358	276	481.4358035895319	6.491286411627088
838	282	115.37699999999998	1.0002700890216496
534	535	282.45000000000005	1.3462670610511764
7	232	0.0	0.0
248	53	0.0	0.0
335	364	217.65599999999998	1.6723681356321372
906	814	264.7311866240557	1.6668001794252736
737	797	611.7750000000001	23.052415847650312
201	206	331.47000000000025	4.334184073076619
335	405	61.269	9.66687462033558
854	853	0.0	8.0
659	651	593.6758568729454	1.002020995868219
482	492	0.0	13.0
588	9	163.74600000000004	0.0
756	3	47.282999999999994	0.0
187	91	0.0	0.0
537	440	26.979000000000003	9.000007267346447
828	831	7.998	4.666667147342289
443	460	0.0	1.666667
551	64	4.101	0.0
736	774	297.38299037413066	38.5259598837941
875	23	91.36800000000001	0.0
91	188	92.47500000000001	0.0
434	459	285.8737140697393	4.040718038605201
484	497	159.21	2.3356180097361783
867	864	0.0	11.333333
872	364	212.07899999999995	15.046250016182878
174	203	397.6260000000004	4.668564902002169
283	280	207.54299999999992	0.33427562864602917
785	789	380.3587403621622	2.710162872686991
522	956	540.195490629243	0.37659554771726494
47	861	201.68824952155066	0.0
424	475	436.54000962586906	6.670605880925324
475	413	436.54000962586906	10.339438264932044
353	285	370.93500000000023	15.43282513760704
355	85	85.512	0.0
970	968	271.9740000000002	2.352791808314351
476	477	12.213	0.33333301130310344
480	77	0.0	0.0
590	177	875.1516846481658	10.76846281981775
283	281	129.04199999999997	5.333377573637408
722	740	136.77899999999997	10.005334671227185
969	577	464.1472859302608	8.922816916084075
64	554	0.0	0.0
121	56	215.72400000000007	0.0
927	599	552.0179999999998	18.71891080145287
498	489	0.0	19.666667
111	114	494.862	0.667317449009652
152	151	0.0	1.666667
238	234	539.838	2.6353702401151597
472	17	0.0	0.0
704	41	16.26	0.0
77	483	0.0	0.0
219	168	374.61600000000027	12.337284787849251
843	848	0.0	2.666667
586	946	659.0946846481658	2.6818345367763476
480	487	0.0	6.666667
240	239	918.4447403621626	1.6859612915551114
85	625	18.417	0.0
243	963	703.4579999999996	3.681275042927636
21	922	0.0	0.0
342	74	0.0	0.0
609	612	413.79899999999964	7.312813688676995
551	65	91.53899999999999	0.0
577	578	288.9262859302607	0.6737478784576342
3	756	43.959	0.0
256	401	309.97800000000007	5.746407901610846
341	216	311.31599999999986	7.0019817955092885
395	18	359.62199999999996	0.0
685	223	306.48	11.669769490005326
124	125	0.0	9.666667
504	505	533.0970000000002	2.620564217879343
612	68	48.576	0.0
35	710	0.0	0.0
534	536	660.2129999999993	1.0030910366968504
71	346	0.0	0.0
25	768	110.50499999999998	0.0
851	865	0.0	2.666667
658	15	0.0	0.0
425	418	0.0	6.333333
149	615	604.9583153518336	0.3346786593912258
16	767	0.0	0.0
20	367	54.386999999999986	0.0
95	199	47.009999999999955	0.0
416	417	893.9039999999994	2.6943683021127707
884	883	176.2847504784494	4.029806705101536
137	136	0.0	3.0
157	184	92.59499999999997	3.0000035878912703
632	34	35.922000000000004	0.0
707	685	306.48	15.670833200833902
38	779	100.24800000000005	0.0
488	344	297.264	4.594420651760213
667	671	954.8128568729442	7.770335665494334
436	506	105.732	11.66888929932034
575	82	0.0	0.0
809	807	159.723	10.009919728760522
593	166	583.2839999999999	4.013955174728127
349	71	57.732	0.0
865	858	0.0	4.0
356	354	293.39700000000005	2.667262588762714
975	958	0.0	1.666667
745	776	88.56899999999997	20.333370712955727
152	29	43.569	0.0
259	839	596.8440202448905	3.1824204443336956
498	490	0.0	5.0
254	192	0.0	9.0
649	13	0.0	0.0
856	857	0.0	1.333333
214	219	71.14800000000001	0.6666672779250026
653	678	140.04000000000005	2.3347007763617196
954	519	313.1670000000001	18.263879975604183
76	543	107.67900000000004	0.0
837	832	129.04199999999997	2.0008452482881225
57	354	10.565999999999999	0.0
579	582	194.04599999999996	0.6666954893650628
387	286	369.55800000000005	13.3408289070272
27	200	0.0	0.0
80	102	0.0	0.0
255	256	798.8129999999998	16.777074132128813
358	155	510.79549062924303	4.676242248715796
42	830	214.80600000000004	0.0
620	87	32.840999999999994	0.0
3	757	0.0	0.0
220	233	0.0	6.0
869	868	27.393	3.3333330565707744
42	912	0.0	0.0
67	583	0.0	0.0
863	567	0.0	13.0
35	711	188.37300000000002	0.0
77	484	159.21	0.0
787	385	450.4552596378375	3.3374695700566206
813	816	574.514871272222	11.036120422175484
781	2	0.0	0.0
31	169	163.60799999999998	0.0
193	271	597.1500000000008	2.0076651167720434
352	345	391.1459999999999	3.3356847400130456
122	121	0.0	0.666667
435	73	0.0	0.0
363	228	143.18399999999994	26.68375049256103
184	65	52.782000000000004	0.0
841	842	0.0	1.666667
779	79	33.876	0.0
472	469	0.0	2.333333
646	231	332.60942905731577	13.002588507656853
779	38	42.428999999999995	0.0
597	93	16.206	0.0
487	486	0.0	8.0
591	531	821.5139999999994	14.439545331237262
775	768	350.1540000000001	12.005437166679823
313	314	255.90900000000005	1.3334260355097836
62	264	8.103	0.0
270	272	450.41699999999986	19.691064475581857
745	778	179.22599999999994	4.703821024177323
620	621	1.362	1.000000000005245
625	121	18.417	1.3333341836115078
929	933	0.0	4.0
695	699	784.899	2.3477408673363946
455	819	313.2000000000001	2.029332357632
843	563	486.28624952155053	4.337275374675983
618	616	236.26499999999996	24.783815840744147
644	64	0.0	0.0
443	12	311.66737289601826	0.0
268	267	44.574	18.333891422437873
370	471	445.03994173096726	10.855708243863733
401	402	0.0	0.333333
769	16	0.0	0.0
944	949	265.02000000000015	1.6791982212319168
603	601	355.62125479101474	0.6829183618513919
500	497	187.2869999999999	5.047467409949954
689	684	129.378	7.015133339377891
792	788	306.9317504784494	2.7027386504455087
454	18	0.0	0.0
152	30	6.423	0.0
543	539	442.42199999999974	1.0006233252693386
300	303	185.66700000000003	15.361104888335527
328	329	0.0	1.666667
612	602	0.0	9.0
740	745	267.79499999999973	11.335089800874139
957	509	61.775999999999996	7.333495783546378
892	5	27.336	0.0
42	913	0.0	0.0
303	782	233.56799999999976	12.001076439552648
390	397	359.62199999999996	4.785632704883172
3	758	0.0	0.0
865	862	0.0	0.333333
845	855	0.0	3.0
925	924	432.99899999999997	3.6705518484063013
592	594	226.74250937075703	2.6774101228879053
313	765	60.39000000000001	5.333441115704219
35	712	0.0	0.0
856	861	64.79099999999998	15.666675321284634
237	419	141.864	4.00004883192318
502	501	344.445	1.8476856719770332
707	809	291.9712596378378	1.6670320600287873
562	563	0.0	4.0
67	584	142.17900000000003	0.0
837	836	115.37699999999998	2.000540178043299
773	25	57.345	0.0
807	762	331.33200000000005	7.807495349842062
16	769	0.0	0.0
612	69	112.21500000000005	0.0
268	63	68.505	0.0
564	568	0.0	5.333333
73	435	0.0	0.0
47	864	0.0	0.0
378	81	45.174000000000014	0.0
86	323	0.0	0.0
150	149	666.7493153518328	1.6765948266027637
830	799	688.7790000000001	16.10854119683572
367	363	143.18399999999994	9.339312222108076
500	498	0.0	4.666667
532	534	1073.7479999999982	1.7027104357855234
229	646	30.819000000000003	4.666673416688334
627	496	32.622	1.6666698768759274
580	690	104.44500000000002	9.33336647668233
234	228	0.0	0.666667
149	167	631.629	5.34714367234011
674	15	27.038999999999998	0.0
385	324	450.4552596378375	2.0024819422821665
754	2	0.63	0.0
687	681	462.4920000000001	1.001379024343494
364	335	52.437	1.0000115234178628
456	24	111.39	0.0
734	773	407.4989999999999	23.352725687606114
384	383	0.0	2.0
415	314	577.3939417309672	19.36829236190086
57	356	3.1830000000000003	0.0
413	473	134.86000962586925	2.6734730718634583
210	211	609.993	2.672673701719245
3	759	62.90099999999998	0.0
899	901	225.81300000000013	0.3346540037040936
679	6	120.48300000000002	0.0
792	11	25.037999999999997	0.0
454	388	369.55800000000005	16.008995088657517
31	171	5.991	0.0
182	185	568.6889999999999	21.703535824815454
371	372	423.0719999999999	2.6680569327735926
822	1	0.0	0.0
870	975	0.0	7.333333
937	337	48.72899999999999	5.666667963014268
202	192	482.8660096258689	2.0017689045990683
239	261	918.4447403621626	9.77857387249713
496	283	336.585	0.33346194733612167
62	266	120.468	0.0
882	881	0.0	0.333333
518	90	252.88500000000002	0.0
918	353	471.46500000000026	1.6691489995611477
147	163	0.0	1.0
383	320	0.0	2.333333
16	770	0.0	0.0
377	961	26.979000000000003	3.000012263647128
536	543	1138.298999999998	1.0273145023195602
71	349	158.385	0.0
650	653	145.119	4.336262200736186
928	623	625.4189999999994	2.009222938486661
852	932	47.90100000000001	1.000000158684078
968	432	271.9740000000002	15.797319020126475
843	849	162.291	4.666764575231487
515	513	0.0	8.666667
366	873	95.46900000000005	9.66789092896996
401	404	58.469999999999985	1.6666966900667552
9	651	190.76400000000004	0.0
38	782	24.252000000000002	0.0
145	158	609.9929999999996	6.0135150771789165
438	103	0.0	1.333333
570	10	0.0	0.0
697	49	0.0	0.0
717	711	0.0	19.666667
12	433	258.8947140697393	0.0
517	518	117.14100000000003	19.338881459268823
620	622	441.2369999999998	1.3348562856599617
56	129	0.0	0.0
180	181	301.20899999999983	0.6667562788545807
107	108	65.043	14.000004076600627
89	147	13.62	0.0
690	462	104.44500000000002	6.000021520725125
337	332	109.99799999999996	33.33348008653914
340	32	55.757999999999996	0.0
427	425	62.10899999999999	12.333338531636556
644	925	473.268	3.6722114065215816
27	203	0.0	0.0
108	90	3.282	0.0
378	328	36.249	19.000049999732862
927	928	280.77000000000004	1.6824533456147914
748	972	48.37799999999999	2.3333524804204555
70	163	217.25100000000003	0.0
483	479	0.0	0.666667
290	937	48.72899999999999	14.666669492507426
299	37	65.39699999999999	0.0
42	915	0.0	0.0
339	338	104.511	0.3333936116750488
109	523	265.9079999999999	8.396833085926138
605	608	389.7181431270552	5.175793359195574
19	143	27.393	0.0
915	42	7.998	0.0
772	456	449.77799999999985	7.342378847780859
277	353	484.48980358953173	14.091721543172214
397	395	359.62199999999996	4.443801138146242
71	350	0.0	0.0
25	772	73.53600000000002	0.0
81	374	48.37799999999999	0.0
599	594	552.0179999999998	8.022390200222834
829	818	0.0	4.0
528	526	0.0	2.666667
92	257	46.29	0.0
466	459	206.2436271039816	3.3425254402416638
597	712	144.363	0.33355366419355525
253	254	0.0	4.0
356	358	499.5952942187746	0.3649835768221839
799	705	257.5799999999999	12.416081279995813
68	609	241.52100000000004	0.0
185	255	798.8129999999998	8.052995422361922
79	779	3.855	0.0
766	769	0.0	18.0
79	738	13.329	0.0
21	353	41.997	0.0
884	316	126.32100000000001	11.355599649255359
897	40	56.493	0.0
195	156	0.0	14.666667
754	781	47.748	8.333399019075685
714	603	371.14025479101474	18.1775680927144
742	916	339.0449999999996	9.521306271380121
280	627	87.31500000000001	0.33333358396763424
309	922	416.16000000000037	10.457163239653378
138	286	0.0	0.666667
224	83	65.748	0.0
672	666	821.5139999999994	9.738298576365686
191	966	0.0	5.0
305	298	7.053000000000001	18.333333001367386
457	416	277.53900000000004	12.549379337263877
794	795	778.8769903741302	7.041912291981495
673	648	367.30200000000036	2.3346130440904114
57	358	34.284000000000006	0.0
501	399	24.399	6.333336420978885
279	358	284.47800000000007	6.66798300803202
863	860	0.0	40.333333
950	557	269.802684648166	1.008076348100702
57	276	26.049000000000003	0.0
219	214	23.436	0.666667003271981
89	148	75.12600000000002	0.0
518	624	128.37000000000003	8.67025404014355
586	50	0.0	0.0
560	561	0.0	1.333333
211	113	631.4490000000002	20.72012238178267
736	41	98.84400000000001	0.0
60	263	0.0	0.0
98	518	96.67200000000001	0.0
895	896	315.88200000000006	0.6767836898667365
777	78	1.689	0.0
311	312	660.3340582690324	3.009279913321958
25	773	0.0	0.0
156	166	353.7390000000003	0.6668368277312149
732	812	631.720009625869	1.6746672287127236
805	803	352.7699999999998	3.000755884969603
334	20	188.61299999999997	0.0
477	343	0.0	5.666667
661	580	219.87899999999996	1.3334269352669206
6	707	190.10099999999994	0.0
528	527	0.0	3.0
588	589	171.69368464816617	4.000056551632934
206	204	293.4810000000002	8.334338788283183
721	724	82.158	7.667199397486652
693	698	172.19362710398158	2.0026799596454175
281	282	129.04199999999997	0.33347387457381233
46	844	359.4029999999999	0.0
714	605	389.7181431270552	2.4153698892383773
412	289	92.49000000000001	6.670431288309144
369	370	0.0	9.333333
895	894	193.84800000000004	3.006456490484939
74	338	19.563	0.0
410	407	0.0	1.666667
777	80	0.873	0.0
489	495	0.0	5.333333
328	374	0.0	9.666667
129	122	60.67500000000001	6.000001322995189
438	434	0.0	6.666667
151	953	16.563000000000002	11.000006387687938
471	370	0.0	8.333333
835	832	115.37699999999998	5.0013504451082476
293	843	372.0300000000001	8.002493272290852
294	743	322.4460000000002	2.032952466950702
494	36	0.0	0.0
157	189	721.3049999999993	1.6740069395269046
299	39	0.0	0.0
478	488	297.264	2.4739186493707304
848	843	0.0	6.0
908	905	97.7211866240561	2.0000054971799854
36	493	0.0	0.0
119	180	214.00499999999985	6.000204745707819
745	740	268.22699999999986	30.671451445142853
98	519	0.0	0.0
645	664	209.55600000000007	3.666782037582041
282	838	129.04199999999997	0.6669487495702489
120	121	244.12500000000003	9.000520067134179
326	329	246.3779999999999	8.334258510758668
310	86	0.0	0.0
30	151	85.81800000000003	0.0
132	27	44.271	0.0
642	22	0.0	0.0
506	965	344.445	4.803981416806868
440	438	0.0	17.0
569	727	362.81100000000004	4.156883869116299
825	973	261.0479999999997	0.3356923357813783
626	639	104.98499999999999	12.333378159019203
676	677	655.6559999999996	10.390890194583374
706	708	783.0089999999988	4.382428774214496
337	335	0.0	19.0
611	91	136.173	0.0
764	765	0.0	13.0
401	939	193.02599999999998	14.363660764372694
616	615	174.35699999999997	7.0098601961359845
442	443	311.66737289601826	6.762541714989122
691	692	657.8408133759438	2.6747919354268967
794	796	405.5759999999996	9.00396186227972
476	33	0.0	0.0
585	561	175.94114312705508	10.014604934030434
125	195	0.0	17.333333
266	62	0.0	0.0
704	703	0.0	2.333333
463	432	373.27237289601857	14.414248923201576
723	810	131.868	16.007374076226345
863	859	0.0	11.0
901	8	0.0	0.0
693	697	0.0	4.0
262	258	575.8397504784496	1.3357181355588879
633	637	25.907999999999998	0.6666674577986144
795	43	31.29600000000001	0.0
663	668	433.2600000000003	12.673928471036854
704	705	346.446	1.362608936462784
33	343	232.99199999999996	0.0
23	278	202.317	0.0
54	209	0.273	0.0
953	955	257.781	3.6913447209238
880	882	0.0	3.666667
200	27	0.0	0.0
470	471	134.86000962586925	2.0051045532595246
612	402	389.1689999999999	18.629296651720985
274	287	278.48100000000017	12.446388761354047
455	824	373.16099999999994	1.6671927771452328
178	179	245.4959999999999	0.6667063962163707
366	16	374.42699999999985	0.0
567	847	0.0	1.0
625	85	0.0	0.0
882	887	0.0	6.666667
938	284	221.44499999999994	16.001159680971234
852	856	515.865	11.023479669048273
904	899	8.814	4.000000036794435
912	99	0.0	2.666667
934	930	174.42599999999987	2.0028216610545346
747	378	81.423	10.334025243340374
924	87	0.0	0.0
751	756	331.33200000000016	6.5579557748435695
161	159	5.109	1.0000000052570077
2	781	0.0	0.0
191	190	3.282	1.6666670002947357
639	938	26.001	6.666667091838336
230	222	1088.9938568729442	3.409602042806846
75	608	0.0	0.0
36	494	195.345	0.0
38	294	15.575999999999995	0.0
568	10	0.0	0.0
226	336	0.0	12.0
30	152	67.96799999999999	0.0
502	506	515.9670000000003	15.98430464244333
767	16	0.0	0.0
25	775	0.0	0.0
530	942	809.1058568729447	0.3356571682563063
425	55	62.10899999999999	0.0
707	732	631.720009625869	11.052801498943676
60	265	44.555999999999976	0.0
643	87	0.0	0.0
526	72	274.224	0.0
175	70	179.86200000000002	0.0
799	830	745.8809999999997	10.766175905157741
31	216	0.0	0.0
68	612	54.962999999999994	0.0
354	971	303.96299999999997	0.3334187662127239
884	319	0.0	8.333333
573	533	478.086	7.197506009192056
848	847	0.0	4.0
856	47	363.4199999999999	0.0
337	336	0.0	2.0
268	27	69.27299999999998	0.0
751	305	57.36899999999999	28.333800774719634
835	97	129.04199999999997	0.0
52	369	0.0	0.0
266	145	60.924000000000014	7.00014698791856
215	207	0.0	15.0
557	618	116.23800000000004	5.334816956527366
87	924	0.0	0.0
268	150	421.3793153518343	15.333658055316473
555	613	4.980000000000001	16.66666701562414
92	711	149.56039791807012	0.0
93	611	41.157000000000004	0.0
397	398	0.0	2.0
12	437	0.0	0.0
941	927	180.027	12.686945829936594
611	92	151.85100000000003	0.0
924	620	388.788	5.670569421116022
422	193	874.0649999999995	7.066472319825466
440	441	0.0	6.666667
554	551	88.30799999999999	3.6670068612325153
760	759	0.0	0.666667
215	208	105.732	1.0001904827934438
7	241	411.375	0.0
883	376	176.2847504784494	10.07451676275384
315	366	586.5870000000001	24.046228398871595
504	349	172.12199999999993	7.676923096479241
64	644	164.08200000000008	0.0
44	719	14.856000000000002	0.0
266	269	59.544	6.666794729363745
280	876	235.60499999999988	0.6697979557626789
788	785	655.4347403621625	16.968065101097114
257	186	651.3539797551091	17.718402753865366
347	33	242.34599999999995	0.0
618	623	0.0	6.333333
264	59	29.496000000000002	0.0
274	83	41.74199999999998	0.0
633	597	232.308	10.714016496249519
564	780	638.5062495215502	8.021633085718236
135	139	1120.9958133759437	19.830028892418675
102	80	0.0	0.0
914	799	285.85499999999973	9.428316877670946
31	217	100.473	0.0
414	419	0.0	1.0
52	247	83.43300000000002	0.0
81	378	0.0	0.0
20	334	0.0	0.0
133	134	0.0	3.333333
52	370	377.3190000000001	0.0
506	435	25.098	7.000004233352788
526	524	73.64999999999992	3.3334824857066594
5	892	0.0	0.0
54	211	21.456	0.0
79	742	63.209999999999994	0.0
583	67	111.24668464816618	0.0
485	487	0.0	5.333333
936	934	138.82499999999987	7.354349826228349
87	925	0.0	0.0
405	337	61.269	7.333490505069572
168	157	337.43400000000025	1.0002109226578582
37	846	81.33300000000006	0.0
854	860	0.0	25.0
324	81	200.50499999999997	0.0
702	701	0.0	5.666667
611	93	35.385	0.0
616	617	428.71431535183393	10.514875117385253
426	407	194.175	5.666909804080257
68	941	0.0	0.0
687	726	598.8690000000001	0.6692515879916978
382	302	236.69875047844954	11.266422896085484
617	67	111.9713153518338	0.0
227	237	109.99799999999996	0.666669941732283
894	96	52.539	0.0
9	902	269.61600000000004	0.0
11	784	0.0	0.0
804	290	0.0	7.333333
679	707	290.8942596378377	11.002374041590537
490	479	246.0989999999999	5.027953704026176
710	597	68.28600000000003	6.000198841901472
788	784	306.9317504784494	4.3919494201379425
16	366	358.32299999999987	0.0
719	721	347.991	21.810159872482714
339	342	159.92699999999996	3.3333987235324307
765	94	60.39000000000001	0.0
