iteration 	 master_max 	 master_avg 	subnet_0_max 	 subnet_0_avg 	subnet_1_max 	 subnet_1_avg 	full_max 	 full_avg
0	9.698565426106143E-4	1.6323863452960552E-4	0.009677459631348029	0.0027374826521346612	348.44659452295855	55.37298626744814	2384.781310649909	491.99864594375987
1	9.07627196284011E-4	3.5752269468503073E-4	10.028228529394255	1.3862091340106417	237.45872261408658	13.662088810392985	1832.5635786287312	266.7299259359332
2	9.632687724661082E-4	4.0989017361425795E-4	10.029650430951733	1.2567843781998818	4.853534947706066	0.8137815470819643	1511.5487658018828	217.79528603654182
3	9.93269553873688E-4	3.2676621776772663E-4	10.032346575113479	1.2579728743385203	0.7300473230898206	0.12126001320685693	1338.8542924899957	228.61284437437803
4	9.917437855619937E-4	3.5065186602878384E-4	10.034881784420577	1.2546285850457934	0.058588119401974836	0.010421401254416197	1215.8200097000808	202.08717162191377
5	9.945812344085425E-4	3.3116849954240024E-4	10.037352902189014	1.254891400671113	0.0037995108323229942	0.0012087768197034166	1126.0597866039316	197.04457156404857
6	9.94150061160326E-4	3.527847620716784E-4	10.033700410160236	1.2544308328742773	9.94946525679552E-4	2.1926164423503189E-4	1058.5668335887603	177.06306730184684
7	9.947947401087731E-4	3.5932120954385027E-4	9.06114059034735E-4	2.6788029520373257E-4	9.833272815740202E-4	2.0696788365255443E-4	1006.0834473985014	161.12962862025563
8	9.922371827997267E-4	3.4281242187717E-4	8.987409382825717E-4	2.536570017192779E-4	9.746299874677788E-4	2.393241305312864E-4	963.8468027326453	147.29223168867017
9	9.920232114382088E-4	3.420872562855948E-4	9.461823792662472E-4	2.745374014401542E-4	9.95237382085179E-4	2.5767822043402407E-4	928.7494889296067	145.01249353847615
10	9.995707077905536E-4	3.401082976779435E-4	9.761017136042938E-4	2.678202020303745E-4	9.938405401044292E-4	2.3682465451907328E-4	898.7372447327361	140.61992641211592
11	9.96699498500675E-4	3.444785725150723E-4	8.74101955560036E-4	2.6017723679875156E-4	9.599117911420763E-4	2.2929065861868972E-4	872.4454303024395	137.67252478740681
12	9.919836593326181E-4	3.5292052052682266E-4	8.519813854945824E-4	2.3877732123115232E-4	9.943175573425833E-4	2.3976390048119356E-4	848.9547515691957	133.56955305325752
13	9.947551880031824E-4	3.414334751141723E-4	9.261082159355283E-4	2.631276916612738E-4	9.493409415881615E-4	2.267460815043402E-4	827.6359170798678	127.68683055629963
14	9.975309658329934E-4	3.4009612136287615E-4	9.83243138762191E-4	2.7872834055285366E-4	9.856430042418651E-4	2.4226327587576691E-4	808.0485178608214	127.16691165174272
15	9.978061716537923E-4	3.603386867325753E-4	9.514588891761377E-4	2.5246395671274513E-4	9.659090574132279E-4	2.3231244222188252E-4	789.8774995992135	122.43821698210748
16	9.920886368490756E-4	3.4121966746170074E-4	8.981320133898407E-4	2.553453502644386E-4	9.604257993487408E-4	2.3959493588184463E-4	772.8920325514337	119.10064471664452
17	9.945629572030157E-4	3.3971665470744483E-4	8.920692052925006E-4	2.6426934553975504E-4	9.808425274968613E-4	2.3183742045299974E-4	756.9184126863838	115.93100402655047
18	9.901688317768276E-4	3.3615087522775866E-4	9.217978804372251E-4	2.559227785760803E-4	9.538781032460975E-4	2.2021165220413675E-4	741.8223070136446	114.00246323941761
19	9.9064371897839E-4	3.284560370957479E-4	9.945257479557768E-4	2.8413278882258704E-4	9.650378015066963E-4	2.3952555672254443E-4	727.4981420762488	111.10418070579824
20	9.916135459206998E-4	3.5253131500212476E-4	8.222451142501086E-4	2.35174541428153E-4	9.708814486657502E-4	1.9464852573269038E-4	713.8599573777174	100.98313641082342
21	9.970387036446482E-4	3.347167730680667E-4	9.81820048764348E-4	2.866859098763338E-4	9.91760613032966E-4	2.4657619265629666E-4	700.8379348689923	104.69087049222587
22	9.837013203650713E-4	3.669297402666416E-4	9.911765955621377E-4	2.8266738393410506E-4	9.954459910659352E-4	2.1778170359236052E-4	688.3734344028926	102.18692662271025
23	9.755339997354895E-4	3.7391941441455856E-4	9.236609621439129E-4	2.5255385012964586E-4	9.78600302914856E-4	2.1951542286694108E-4	676.4164574889583	98.84574171960031
24	9.927975188475102E-4	3.2887261113501154E-4	9.604222141206264E-4	2.592003750448514E-4	9.919830608851044E-4	2.407780969193443E-4	664.9596878065786	96.09893013861628
25	9.961671312339604E-4	3.336324807605706E-4	8.301308698719367E-4	2.452717682379963E-4	9.69525812251959E-4	2.3734467652047897E-4	653.713573818095	90.87684979923081
26	9.969738312065601E-4	3.512851762934588E-4	8.765004167798907E-4	2.4184296073924218E-4	9.92661400232464E-4	2.596304012740802E-4	642.8744271673495	88.58066273352236
27	9.947714279405773E-4	3.610003986977972E-4	9.75480375927873E-4	2.6991988748445043E-4	9.76658848230727E-4	2.4033519586434218E-4	632.4266451029107	86.41200974098375
28	9.591704874765128E-4	3.5485418993630446E-4	9.50977744651027E-4	2.704962119293798E-4	9.834638076426927E-4	2.653918998713261E-4	622.3499205204716	87.87167939079308
29	9.931473177857697E-4	3.2975500653265044E-4	9.862312290351838E-4	2.787018997228837E-4	9.887315500236582E-4	2.207785450120858E-4	612.6220926863025	85.01939951814298
30	9.979793685488403E-4	3.3412774428143166E-4	9.700227237772197E-4	2.906803711084649E-4	9.869742825685535E-4	2.3417961477642402E-4	603.221248545422	83.95999847431496
31	9.922890458256006E-4	3.501828759908676E-4	8.614203106844798E-4	2.4242433469875583E-4	9.95273279841058E-4	2.5868143746536474E-4	594.1261971573113	79.49515249917957
32	9.901033190544695E-4	3.3167585206683725E-4	9.400921262567863E-4	2.5435648941701014E-4	9.647082370065618E-4	2.3571668426332812E-4	585.3180572572455	75.38613481314985
33	9.919845324475318E-4	3.2712486063246615E-4	9.790942567633465E-4	2.56911462721681E-4	9.261351551685948E-4	2.4899904652240525E-4	576.7787371050508	78.70038769779181
34	9.924756304826587E-4	3.35919379722327E-4	9.800334082683548E-4	2.864417516060972E-4	9.777615414350294E-4	2.505091079792296E-4	568.4924352819799	75.21898161264404
35	9.905723563861102E-4	3.480651976133231E-4	9.917167626554146E-4	2.7588364485252114E-4	9.762622794369236E-4	2.3932777138667161E-4	560.444375252584	71.27910397911556
36	9.911035594996065E-4	3.388802651898004E-4	8.947174937929958E-4	2.523177453050656E-4	9.920403972500935E-4	2.351560527112018E-4	552.6206775546307	69.79043630561657
37	9.538295271340758E-4	4.087022207386326E-4	8.703876083018258E-4	2.5007917429320514E-4	9.900822842610069E-4	2.501840911503203E-4	545.0104197599867	72.55475737628349
38	9.90790780633688E-4	4.3662286407197826E-4	9.327695443062112E-4	2.6320901192125997E-4	9.86254781309981E-4	2.3724356078278305E-4	537.6024937186448	71.14339583407265
39	9.969511302188039E-4	4.248986078891903E-4	9.84575366601348E-4	2.6500452700669745E-4	9.496434413449606E-4	2.428431377626586E-4	530.3868443734536	69.7754042768831
40	9.98134317342192E-4	4.263713999534957E-4	9.54076269408688E-4	2.834923902160621E-4	9.416765788046177E-4	2.2235128886273337E-4	523.3548445205961	69.1396556603852
41	9.942322794813663E-4	4.252368562447373E-4	9.328975575044751E-4	2.793446640550558E-4	9.737526124808937E-4	2.6100344795041666E-4	516.4980284806225	67.8379254339842
42	9.762808331288397E-4	4.345282468420919E-4	9.627663384890184E-4	2.7152617777963836E-4	9.676232602942036E-4	2.3170748519750424E-4	509.8086544154212	65.90706525925921
43	9.912529785651714E-4	4.1282017264165916E-4	9.486959170317277E-4	3.1439373976484476E-4	9.708655379654374E-4	2.3634126106723366E-4	503.27980405511335	65.34242361741359
44	9.766212315298617E-4	4.2082758227479644E-4	9.949290833901614E-4	3.0727408219328415E-4	9.921910386765376E-4	2.4359540333060303E-4	496.9051431963453	59.96379781574638
45	9.938270086422563E-4	3.8714912079740316E-4	9.348203893750906E-4	2.964228395805029E-4	9.943512413883582E-4	2.846249429340888E-4	490.6785314443114	62.979252249153674
46	9.77100251475349E-4	4.224835429340601E-4	9.920458105625585E-4	3.0418742348306945E-4	9.859156743914355E-4	2.297565038331769E-4	484.59437419110327	59.39218555529327
47	9.962945186998695E-4	4.445399572432507E-4	9.507221984677017E-4	3.122804087719747E-4	9.884669052553363E-4	2.494965572016857E-4	478.64746131084394	60.736224586150044
48	9.876078402157873E-4	4.244300216669217E-4	8.983111911220476E-4	2.998645296819242E-4	9.849095331446733E-4	2.4044789218654236E-4	472.83289138576947	59.656571051750696
49	9.84984973911196E-4	4.5596500785904936E-4	9.106038050958887E-4	2.9237889975775033E-4	9.969141538022086E-4	2.4013861370298804E-4	467.1460561839049	58.60337882571721
50	9.660770592745394E-4	4.409047724038828E-4	9.368361352244392E-4	2.843311397425298E-4	9.762450190464733E-4	2.2824166187448375E-4	461.58254364234745	55.17927209174982
51	9.964873897843063E-4	4.0572366560809314E-4	8.766194223426282E-4	2.791627318531807E-4	9.693370175227756E-4	2.522056440082249E-4	456.13811702182284	56.57214761777222
52	9.672929882071912E-4	4.235892956785392E-4	8.912563789635897E-4	2.7544745535124093E-4	9.921096025209408E-4	2.5086453043765317E-4	450.8091218289337	51.070671753052245
53	9.691908780951053E-4	4.2886984010692686E-4	9.764706046553329E-4	2.774046193475702E-4	9.679803170001833E-4	2.526366591256293E-4	445.5916640544601	54.63520476122637
54	9.977247973438352E-4	4.336234887887258E-4	9.125867363763973E-4	2.805993177129754E-4	9.553713025525212E-4	2.6080611290956807E-4	440.48228474438656	51.35693424704001
55	9.989364189095795E-4	4.1846476233331487E-4	8.899108215700835E-4	2.5508904114498625E-4	9.656501624704106E-4	2.258372950312518E-4	435.4772779068153	48.339564689073505
56	9.904824255499989E-4	4.318484279792756E-4	9.031952358782291E-4	2.6238116385814337E-4	9.818107919272734E-4	2.511363375864069E-4	430.5741917377163	51.89255100436235
57	9.701600938569754E-4	4.288520140107721E-4	8.758818003116176E-4	2.541924228093454E-4	9.781562985153869E-4	2.628043432857587E-4	425.7696199603379	53.568329190636355
58	9.887847991194576E-4	4.48958915512776E-4	9.93027992080897E-4	2.718593833768474E-4	9.94536454527406E-4	2.3543776781783285E-4	421.060558407451	50.1648612087225
59	9.991134866140783E-4	4.2300493078073487E-4	9.654175228206441E-4	2.6512902903570127E-4	9.673531967564486E-4	2.4722597093690033E-4	416.4441049708694	49.329310451007984
60	9.35983523959294E-4	3.734754973265808E-4	9.965443314285949E-4	2.870060270652175E-4	9.850712085608393E-4	2.51806694905099E-4	411.91757220594445	51.018728610551406
61	9.960732713807374E-4	3.9813207695260644E-4	9.661459916969761E-4	2.7795611822512E-4	9.63006001256872E-4	2.670554331416497E-4	407.4786718438554	47.712032261167046
62	9.932115790434182E-4	4.5373086686595343E-4	9.911870874930173E-4	2.8151008466790827E-4	9.55247462115949E-4	2.3681258955750512E-4	403.12476091229473	46.92930366943987
63	9.744864946696907E-4	4.243005496391561E-4	9.604335646145046E-4	2.724125681977187E-4	9.938578950823285E-4	2.380631198940001E-4	399.3628949529666	42.30853520462134
64	9.854972595348954E-4	4.350220115156844E-4	9.637309849495068E-4	2.760887104419193E-4	9.474650360061787E-4	2.4257209007254974E-4	396.39084169018315	44.52707714896381
65	9.52760485233739E-4	4.1376033186679706E-4	9.864578605629504E-4	2.925245270099757E-4	9.796450995054329E-4	2.668019107080578E-4	393.4627693062648	49.28635229356703
66	9.966267098207027E-4	4.080423641426023E-4	9.84381142188795E-4	2.849861256046487E-4	9.761540241015609E-4	2.500498658062295E-4	390.57726219223696	47.039528367328025
67	9.741888497956097E-4	4.196144036541227E-4	9.520513558527455E-4	2.7608844019206505E-4	9.93133508018218E-4	2.6392480269553034E-4	387.73329088420724	47.183240313061695
68	9.945797792170197E-4	4.5697939640376717E-4	9.206649410771206E-4	2.674424717302567E-4	9.76662517132354E-4	2.493099305783372E-4	384.9297499633685	49.63397362470928
69	9.756490180734545E-4	3.623425400292035E-4	9.018167911563069E-4	2.556637129081147E-4	9.478476767981192E-4	2.43030629887168E-4	382.1655496242165	47.44272909148416
70	9.930755768436939E-4	4.1039388088393025E-4	8.732568385312334E-4	2.472477644914761E-4	9.851637169049354E-4	2.2847053008698148E-4	379.43967739184154	45.513689917827065
71	9.78087424300611E-4	4.1303916441393085E-4	8.955170924309641E-4	2.5602982246450016E-4	9.668145939940587E-4	2.4302751234144023E-4	376.7516506535467	47.66707144639841
72	9.701998787932098E-4	4.2252241473761387E-4	9.84433718258515E-4	2.6811149603288086E-4	9.998171572078718E-4	2.4208987936920798E-4	374.10250211445964	47.76862398993674
73	9.772229823283851E-4	4.242127251927741E-4	9.728596196509898E-4	2.9597138927783817E-4	9.745669703988824E-4	2.4562653245242393E-4	371.48825930742896	45.885986814857844
74	9.847403562162071E-4	4.354182419774588E-4	9.89245090750046E-4	2.8256428777240217E-4	9.906395389407407E-4	2.4895215986665186E-4	368.9083559558203	47.9466480640205
75	9.838274563662708E-4	4.38508068327792E-4	9.144941286649555E-4	2.7586755043427857E-4	9.873485523712588E-4	2.4106920730749455E-4	366.36197594337864	48.02356539775369
76	9.7446478321217E-4	4.1579802928026766E-4	9.871082729659975E-4	2.802468599319192E-4	9.88207681075437E-4	2.3891566504310256E-4	363.8482749198447	50.205712065443066
77	9.884819155558944E-4	3.872300294460729E-4	8.518432878190652E-4	2.5156587279135626E-4	9.854771378741134E-4	2.540355131002244E-4	361.36649060892523	46.26660235776157
78	9.968014783225954E-4	4.5217142906039953E-4	9.91858309134841E-4	2.7896441419475844E-4	9.40747864660807E-4	2.2991136052525612E-4	358.91600748879137	44.646515215691785
79	9.757137158885598E-4	4.230497252137866E-4	9.969429374905303E-4	2.8037946114117015E-4	9.924313999363221E-4	2.538269358493298E-4	356.4961965114635	50.30105713182294
80	9.931895765475929E-4	3.897919632436242E-4	9.932190005201846E-4	2.875746909662017E-4	9.85434995527612E-4	2.705629385259685E-4	354.10626765241614	50.32002334771939
81	9.578940225765109E-4	3.979697903560009E-4	9.624329395592213E-4	2.783176210609132E-4	9.885996732919011E-4	2.644133111844408E-4	351.74569351953687	49.33092255524861
82	9.778050007298589E-4	4.156858085480053E-4	9.33193092350848E-4	2.694258146220818E-4	9.718034762045136E-4	2.2910676066097694E-4	349.4138291971467	49.360367876385915
83	9.960426250472665E-4	4.156212380621582E-4	9.04098036698997E-4	2.6068986751072643E-4	9.901987195917172E-4	2.5487652353397357E-4	347.10992511871154	47.53276811048736
84	9.942750330083072E-4	4.4699701174977235E-4	9.182682842947543E-4	2.531441527285746E-4	9.493323232163675E-4	2.4714949591556393E-4	344.83354361666716	49.40130913949381
85	9.959362505469471E-4	4.0302268462255597E-4	9.036714764079079E-4	2.5331792338485163E-4	9.911967426887713E-4	2.2914586915331628E-4	342.58411005084054	48.90900683022264
86	9.948031220119447E-4	4.3027912761317566E-4	9.964501223294064E-4	2.6482625565092476E-4	9.768409599928418E-4	2.299945658292431E-4	340.3609784002474	47.626004095135634
87	9.882732992991805E-4	4.546606542135123E-4	9.977209265343845E-4	3.005277893472729E-4	9.724675983306952E-4	2.327584650629433E-4	338.16364402059116	47.183111908036594
88	9.686724515631795E-4	4.1758989391382784E-4	9.699988877400756E-4	2.915299846790731E-4	9.415395252290182E-4	2.4186792081143886E-4	335.9916839860671	47.66004897087406
89	9.541375329717994E-4	4.135660201427527E-4	9.988245437853038E-4	2.758840419119224E-4	9.934260342561174E-4	2.5303954769495047E-4	333.844499734143	46.092764016413994
90	9.894520044326782E-4	4.203316493658349E-4	9.24906984437257E-4	2.693752882935639E-4	9.458709519094555E-4	2.459928358337831E-4	331.7217103916628	49.39474469075034
91	9.845297608990222E-4	4.5589764340547845E-4	8.965654124040157E-4	2.6465476132995846E-4	9.77426630925038E-4	2.5496308700729225E-4	329.62259901780635	47.67281941444754
92	9.898921416606754E-4	4.548618853732478E-4	8.68536822963506E-4	2.519420772192201E-4	9.936951464624144E-4	2.5925322450686593E-4	327.54681922731106	49.35422734666255
93	9.967720543500036E-4	4.3010619992855936E-4	9.84831276582554E-4	2.855825483233535E-4	9.731672580528539E-4	2.5080711962396484E-4	325.49401852683513	46.14418773201352
94	9.80887736659497E-4	4.1358709859196097E-4	9.470030490774661E-4	2.737612189126334E-4	9.977748450182844E-4	2.618934276225363E-4	323.4637393047451	47.64381269135493
95	9.985163633245975E-4	4.0547554453951307E-4	9.849169582594186E-4	2.8025715437252074E-4	9.836848221311811E-4	2.3627794586321795E-4	321.45544833879103	47.62551772789715
96	9.761956462170929E-4	4.255754502082709E-4	9.917780116666108E-4	2.7791291150996197E-4	9.939333995134803E-4	2.4220790741806425E-4	319.4687544888293	47.60327844129849
97	9.995940490625799E-4	3.9920716153574176E-4	9.609605331206694E-4	2.680079175791304E-4	9.860695190582192E-4	2.556135439388325E-4	317.5032175335218	47.11515959699449
98	9.925191407091916E-4	4.353210642875638E-4	9.270500886486843E-4	2.576388880178066E-4	9.976143792300718E-4	2.5734964448168095E-4	315.5585265465197	49.135794509298854
99	9.940033487509936E-4	4.1503966349409893E-4	9.305210987804458E-4	2.5698632816784084E-4	9.899575597955845E-4	2.6607624322818793E-4	313.6342835801479	45.66072394895006
100	9.640303323976696E-4	4.197065718472004E-4	9.771853656275198E-4	2.6253082614857703E-4	9.704563126433641E-4	2.2977534963290457E-4	311.7300782602979	49.034339158275955
101	9.922690514940768E-4	4.344930493971333E-4	9.36797252506949E-4	2.5304907051447244E-4	9.710977246868424E-4	2.512577143120738E-4	309.84549703562516	48.47900650124026
102	9.98171599349007E-4	4.0123947474057786E-4	9.86539467703551E-4	2.977614411585299E-4	9.910246590152383E-4	2.56939744906768E-4	307.9802391768899	48.92022260845249
103	9.90775297395885E-4	4.2999640209018253E-4	9.533816773910075E-4	2.8693506153233884E-4	9.922001354425447E-4	2.326173506541333E-4	306.13406931847567	46.88592216269779
104	9.83323756372556E-4	4.27405109803658E-4	9.397143294336274E-4	2.6923151537110764E-4	9.813826745812548E-4	2.59705790593343E-4	304.3064614039322	48.79434949416674
105	9.690257720649242E-4	4.1388928366359323E-4	9.079334122361615E-4	2.593302592036447E-4	9.802099848457146E-4	2.494719598706235E-4	302.4972545665805	48.23006417201154
106	9.751293691806495E-4	4.074959688296076E-4	8.760881901253015E-4	2.4323201588621096E-4	9.687232959549874E-4	2.492698283938146E-4	300.70592823263723	47.187445978177315
107	9.959832241293043E-4	4.108108660147991E-4	8.478656818624586E-4	2.471170986869505E-4	9.663588934927247E-4	2.478041735103457E-4	298.93235318156076	49.66008979568149
108	9.84299142146483E-4	4.604297973855864E-4	9.779557003639638E-4	2.9498551157303154E-4	9.995580621762201E-4	2.7127638436881665E-4	297.1761491720972	47.06842531868225
109	9.96918446617201E-4	4.1486592454020865E-4	9.641988726798445E-4	2.8594200973332463E-4	9.569549511070363E-4	2.43662815054532E-4	295.43697415542556	47.00499752772959
110	9.972099505830556E-4	4.162656987318769E-4	9.278424695366994E-4	2.7330490827028243E-4	9.854259333224036E-4	2.46768345856584E-4	293.71463185874745	47.86122529912731
111	9.878743439912796E-4	4.2609948650351726E-4	9.297258220613003E-4	2.804416040557304E-4	9.88800973573234E-4	2.4187041926779785E-4	292.00878222993924	46.41596491596534
112	9.85008111456409E-4	4.376828255772125E-4	9.761621186044067E-4	2.734182136399405E-4	9.538526865071617E-4	2.4867222887729035E-4	290.3192322976829	46.34624352951749
113	9.900975273922086E-4	4.4633847574004903E-4	9.476378472754732E-4	2.773545254188191E-4	9.957998281606706E-4	2.7009294295897814E-4	288.6456532818265	46.7280240842694
114	9.786516311578453E-4	4.229135192872491E-4	9.923190373228863E-4	2.773758876303743E-4	9.419216185051482E-4	2.6979811911249186E-4	286.9876143524598	48.996318787840075
115	9.815477533265948E-4	4.3046247446909547E-4	9.412482613697648E-4	2.6402374039337574E-4	9.724971841933439E-4	2.7748149875341644E-4	285.3465896215639	48.89479972840139
116	9.967491205316037E-4	4.5145351759856567E-4	9.86692772130482E-4	2.6969233502833437E-4	9.747083713591564E-4	2.665081771928546E-4	283.72048035866464	47.83783975755822
117	9.705882403068244E-4	4.1294098264188506E-4	9.347969462396577E-4	2.56548317598312E-4	9.973499800253194E-4	3.057396575275648E-4	282.10904636242776	49.21607839828416
118	9.797945094760507E-4	4.4667761540040374E-4	8.860190282575786E-4	2.5898300061401514E-4	9.78177569777472E-4	2.962463739856693E-4	280.5122155553545	48.58061616830834
119	9.951291140168905E-4	4.542496790236328E-4	8.439529483439401E-4	2.453776396578178E-4	9.828326401475351E-4	2.776862843997411E-4	278.929713235877	48.99975018851349
120	9.945198835339397E-4	4.091454393346794E-4	9.697287168819457E-4	2.791313703970185E-4	9.531719369988423E-4	2.711372398235571E-4	277.36143101309426	47.849350749079484
121	9.920934680849314E-4	4.680990314227529E-4	9.358721290482208E-4	2.67334544332698E-4	9.939574083546177E-4	2.7297948747131854E-4	275.8070725884754	48.77794649261218
122	9.845410822890699E-4	4.403903294587508E-4	9.666605474194512E-4	2.710608158460153E-4	9.6067099548236E-4	2.678602683902552E-4	274.2664374450396	48.66522427194183
123	9.944532939698547E-4	3.8711714660166763E-4	9.054932161234319E-4	2.5109837172619464E-4	9.886713596642949E-4	2.921563304231053E-4	272.7393762949505	48.551151622209346
124	9.991925035137683E-4	4.1306526691187173E-4	9.591051493771374E-4	2.612433537641274E-4	9.978318303183187E-4	2.841527133828744E-4	271.225714686414	48.4360432210153
125	9.912332170642912E-4	4.230413760524243E-4	8.928638271754608E-4	2.486257643405614E-4	9.839137092058081E-4	2.706083741075071E-4	269.7251346578705	48.319761869410364
126	9.714370826259255E-4	4.250056663295254E-4	9.817043464863673E-4	3.0199140227133673E-4	9.83617046586005E-4	2.8281608099986927E-4	268.2375067906396	47.68421448336867
127	9.928113722708076E-4	4.252684011589736E-4	9.541142208036035E-4	2.61223700363189E-4	9.745192528498592E-4	2.652217188919759E-4	266.76266402591136	47.5672219798555
128	9.803390712477267E-4	4.347968897491228E-4	9.368992905365303E-4	2.5673054499618175E-4	9.968318445316982E-4	2.8785938707716373E-4	265.3002934966935	47.449267078872595
129	9.955871209967881E-4	4.220902847009711E-4	9.033630922203884E-4	2.6320425136613527E-4	9.305429393862141E-4	2.664709876160825E-4	263.85054787504487	47.330497649088485
130	9.865578322205693E-4	4.210664992569946E-4	9.728326695039868E-4	2.660709038277024E-4	9.491373293712968E-4	2.574727909632202E-4	262.41299034285475	45.94228037673439
131	9.739124507177621E-4	3.894771434715949E-4	8.549581980332732E-4	2.420744817105255E-4	9.97562976408517E-4	2.760968574789114E-4	260.9874644520751	47.60230108952727
132	9.690559818409383E-4	4.057583719259128E-4	9.816507226787508E-4	2.952339813678658E-4	9.400663529959274E-4	2.961667689601728E-4	259.57371543190675	46.19460741176988
133	9.829084447119385E-4	4.309704418119509E-4	9.903617319650948E-4	2.878211879371E-4	9.958260015991982E-4	2.8903858756599394E-4	258.1718189760868	47.356705352870726
134	9.779731626622379E-4	4.0779537812341005E-4	9.547414665576071E-4	2.715364348010293E-4	9.565812033542898E-4	2.766930249760792E-4	256.7814665349724	47.23275584677895
135	9.916308626998216E-4	4.080808357684873E-4	9.905945335049182E-4	2.782534346416859E-4	9.848509325820487E-4	2.7754428146879436E-4	255.40245195647003	46.601733206588825
136	9.57349082455039E-4	3.912520442099776E-4	9.191066055791453E-4	2.6138096291106194E-4	9.928136751113925E-4	2.916815895931483E-4	254.0347954117169	48.36688719191272
137	9.910747758112848E-4	4.2552077502477914E-4	9.764354035723954E-4	2.943049434439412E-4	9.657149748818483E-4	2.7814561783384836E-4	252.67810836492572	46.35363888068503
138	9.982047195080668E-4	4.152573019382544E-4	9.285571577493101E-4	2.6620778330003044E-4	9.981838666135445E-4	2.83821329281725E-4	251.33235298949876	48.091095649016694
139	9.775794751476496E-4	4.101524900761433E-4	9.977738955058157E-4	2.8224587523644526E-4	9.853297524387017E-4	2.8650795143004784E-4	249.99744334089337	47.407699788697094
140	9.951373212970793E-4	4.1881286233547144E-4	9.778390231076628E-4	2.8853405092377216E-4	9.962050044123316E-4	2.8324500921631364E-4	248.67315004384727	46.47727233826663
141	9.880884317681193E-4	4.0126839667209424E-4	9.649347921367735E-4	2.7382333064451814E-4	9.434863131900784E-4	2.683840570551733E-4	247.35931951901875	45.85119142270959
142	9.632548899389803E-4	4.391846523503773E-4	9.604924998711795E-4	2.590842736286244E-4	9.845677686826093E-4	2.735730113272439E-4	246.0558870131208	46.995054364535584
143	9.860358259174973E-4	4.1520414742990397E-4	9.502617031103E-4	2.620263777706506E-4	9.578264653100632E-4	2.659583574842505E-4	244.76338115060935	45.597345719689415
144	9.923138131853193E-4	4.5837281140848063E-4	9.790571930352598E-4	3.461072441755927E-4	9.382121606904548E-4	2.7915292937243726E-4	243.48040354586556	44.34866409361385
145	9.965192002709955E-4	4.3071151958429255E-4	8.295335428556427E-4	3.191284361361925E-4	9.909965865517734E-4	2.8070715091286857E-4	242.20711534205475	45.83485515358948
146	9.815008961595595E-4	4.275548599252943E-4	9.055790142156184E-4	2.5268090394092724E-4	9.814180812099949E-4	2.912166959764103E-4	240.9438014451589	41.28701021372035
147	9.852130024228245E-4	4.2131416557822376E-4	9.414996457053348E-4	3.416049057705095E-4	9.843507596087875E-4	2.6084493461090715E-4	239.66399674865534	39.90786805027192
148	9.67170752119273E-4	4.3219590588705614E-4	9.328424348495901E-4	3.379864210728556E-4	9.752155929163564E-4	2.915748905035711E-4	238.39760659448802	40.98070269770632
149	9.940790187101811E-4	4.3160439236089587E-4	9.259928337996826E-4	3.355721855768934E-4	9.523827829980291E-4	2.9616704852655643E-4	237.14284805074567	40.003734830953434
150	9.97806986561045E-4	4.22514171077637E-4	9.189569245791063E-4	3.3301767507509794E-4	9.76279225142207E-4	2.795945833245891E-4	235.8987403519859	40.67904851673838
151	9.862860606517643E-4	4.580412496579811E-4	9.120768081629649E-4	3.305411482870113E-4	9.749383025337011E-4	2.733988356255374E-4	234.66455215108	39.34117492076063
152	9.98227100353688E-4	4.6294367348309606E-4	9.052203531609848E-4	3.280695073044626E-4	9.80419554252876E-4	2.687894876269342E-4	233.43984341964824	38.496366606648735
153	9.983500058297068E-4	4.109237197553739E-4	8.987524342956021E-4	3.252472397434758E-4	9.817183745326474E-4	2.875019450324804E-4	232.2243400317093	39.43797399103572
154	9.98352945316583E-4	4.4476852417574264E-4	8.919469837564975E-4	3.2277860373142175E-4	9.77511963355937E-4	2.7392361647967886E-4	231.01768647154677	38.92387783429398
155	9.891018853522837E-4	4.476836293179076E-4	9.924854384735227E-4	3.4582310399855487E-4	9.778527382877655E-4	2.9329892857363335E-4	229.8200513619813	39.939019036970166
156	9.6882478101179E-4	3.3689779229462147E-4	9.849208290688694E-4	3.431994937272975E-4	9.971016570489155E-4	2.630694118786116E-4	228.63084502497804	37.628177141354676
157	9.961510950233787E-4	4.668342116929125E-4	9.77421979769133E-4	3.405988281883765E-4	9.98856872683973E-4	2.6992351719622263E-4	227.45003791010822	38.51191826696584
158	9.96570714050904E-4	4.270110985089559E-4	9.716257045511156E-4	3.377705561433686E-4	9.989834325097036E-4	2.9546497501351676E-4	226.27761835366255	37.71012887743964
159	9.805499576032162E-4	4.3899728188989684E-4	9.642315126257017E-4	3.352118565089768E-4	9.955344030458946E-4	2.9023423099888967E-4	225.11356852395693	38.60765534502263
160	9.830475901253521E-4	4.4202486242284067E-4	9.568987006787211E-4	3.3267422622884624E-4	9.777059221960371E-4	2.566344868851999E-4	223.9577085080964	38.10474118085518
161	9.938041912391782E-4	3.9416773870470934E-4	9.496231941739097E-4	3.301562555861892E-4	9.673679596744478E-4	2.776352709144365E-4	222.80988286124193	37.32337090000276
162	9.9745683837682E-4	4.2993609531549737E-4	9.424091840628535E-4	3.2765938703960273E-4	9.98936109681381E-4	2.768611474768773E-4	221.6703114908596	37.835929477481805
163	9.989844111260027E-4	4.4663904918706976E-4	9.558647579979151E-4	3.252976548537845E-4	9.92488108749967E-4	2.870425587389036E-4	220.5384704717144	38.06474109773199
164	9.957720467355102E-4	4.188028324279003E-4	9.486268245382234E-4	3.2284232111123856E-4	9.840477687248494E-4	2.862034978238097E-4	219.41455037763808	37.56907483109781
165	9.895027906168252E-4	4.074269636475947E-4	9.645281679695472E-4	3.59014187779394E-4	9.710256599646527E-4	2.7106000197818503E-4	218.29848427092656	37.79640843895053
166	9.643341472838074E-4	4.2270891572115943E-4	9.573381394147873E-4	3.5633158586279023E-4	9.87964451269363E-4	2.6681352489483053E-4	217.19013471517246	36.68786555820708
167	9.828108304645866E-4	4.414618779264856E-4	9.501572494627908E-4	3.5366106385481544E-4	9.552424635330681E-4	2.9717752419478863E-4	216.08938801151817	38.616677215500445
168	9.900270670186728E-4	4.3433086830191314E-4	9.430220816284418E-4	3.5100177774438635E-4	9.986646600737004E-4	2.909124209176431E-4	214.99616929271724	38.47633873361794
169	9.297097858507186E-4	4.139226730330847E-4	9.359379619127139E-4	3.483588225208223E-4	9.696796823845943E-4	2.883959674970053E-4	213.91052900493378	37.265863642200024
170	9.770767064765096E-4	4.4675801473204046E-4	9.289380395784974E-4	3.457598268141737E-4	9.978796078939922E-4	2.8555607587339005E-4	212.83220125042135	38.19739346489605
171	9.733701881486923E-4	4.0349430855712853E-4	9.219668427249417E-4	3.43159099429613E-4	9.900616078084568E-4	2.915984832725371E-4	211.76119817292783	37.003580515912745
172	9.974440617952496E-4	4.7096498019527644E-4	9.15051277843304E-4	3.4057921220664866E-4	9.629698324715719E-4	2.989145502527078E-4	210.6974594766216	37.537666906761174
173	9.901949379127473E-4	4.5895845687482506E-4	9.081904427148402E-4	3.380199341336265E-4	9.702620736788958E-4	2.894063730612591E-4	209.6408863857214	37.40150651953137
174	9.820630366448313E-4	4.446192833711393E-4	9.013836970552802E-4	3.354807868163334E-4	9.676744848547969E-4	2.949192093649067E-4	208.59144783232477	37.64619254321142
175	9.954585984814912E-4	4.2600683809723705E-4	8.946306770667434E-4	3.3296175752184354E-4	9.643100238463376E-4	2.897370309472622E-4	207.54908078210428	36.48493693590514
176	9.896746778395027E-4	4.419671095092781E-4	8.879334491211921E-4	3.3046361204469576E-4	9.892957677948289E-4	2.709233292210099E-4	206.51375479102717	36.99642442148384
177	9.581884369254112E-4	4.2034769285237417E-4	8.813345048110932E-4	3.2802366513351444E-4	9.89249016129179E-4	2.625114320008751E-4	205.4851828085375	36.4231686408593
178	9.674334723968059E-4	4.223804862704128E-4	8.729368419153616E-4	3.2415792520623654E-4	9.667289359640563E-4	2.78993169298961E-4	204.46357087389333	36.729077023783965
179	9.95518552372232E-4	4.3258310688543133E-4	8.664304768899456E-4	3.2174589250644203E-4	9.768168383743614E-4	2.933073886006876E-4	203.44856755281216	35.63145943818859
180	9.93607216514647E-4	4.127721331315115E-4	8.59953259350732E-4	3.193337997799972E-4	9.693866577435983E-4	2.935840380987862E-4	202.44034013769124	35.847562930576224
181	9.97586059384048E-4	4.6352376739378087E-4	8.535296219633892E-4	3.169417286699172E-4	9.933113560691709E-4	2.797120520060672E-4	201.43872298771748	36.70275520522551
182	9.719468944240361E-4	4.257216423866339E-4	8.471527398796752E-4	3.1456712713406887E-4	9.93080157059012E-4	2.875183307942068E-4	200.4435858640354	35.25692433083379
183	9.844116284511983E-4	4.2991735972464085E-4	8.408299618167803E-4	3.1221273820847273E-4	9.7900861146627E-4	2.643603093886105E-4	199.45511038423865	35.470842440512044
184	9.838984988164157E-4	4.391777765704319E-4	8.345566020580009E-4	3.09876822939259E-4	9.939463234331924E-4	2.6489136478123203E-4	198.4729056552169	35.00958099429076
185	9.659440256655216E-4	4.290389915695414E-4	8.285023213829845E-4	3.0718106245331E-4	9.706686269055353E-4	2.6480976148810615E-4	197.49719840465696	35.222069689406176
186	9.765030408743769E-4	4.295441904105246E-4	9.944995836121961E-4	3.302059958514292E-4	9.948784463631455E-4	2.838911961674078E-4	196.52795751646045	34.25521764711034
187	9.551851835567504E-4	4.2117508928640746E-4	9.870299109024927E-4	3.2773839848232456E-4	9.852859511738643E-4	2.7943479424374386E-4	195.56471056988812	35.55221773113733
188	9.94759437162429E-4	4.4462874575401656E-4	9.796211525099352E-4	3.2529133932257537E-4	9.990055641537765E-4	2.6167379292019177E-4	194.60767598618986	34.52057700400827
189	9.744581184349954E-4	4.3518027450772934E-4	9.722664690343663E-4	3.228620353183942E-4	9.885238396236673E-4	2.889116491386694E-4	193.65672018018086	34.39945596073497
190	9.873915987554938E-4	4.567273790598847E-4	9.649744170019403E-4	3.204532986273989E-4	9.947242142516188E-4	2.8768706248559863E-4	192.7118442156061	34.26989871728508
191	9.996601147577167E-4	4.141906356380787E-4	9.577359160175547E-4	3.1806216611585114E-4	9.706194268801482E-4	2.7291216404343936E-4	191.77306908805622	34.1504376221556
192	9.872487280517817E-4	4.6216423288569786E-4	9.505617490503937E-4	3.1569215207127854E-4	9.996567096095532E-4	2.900253786200275E-4	190.84020689103636	35.73428352232504
193	9.99856914859265E-4	4.559533845167607E-4	9.434396924916655E-4	3.133392601739615E-4	9.476292216277216E-4	2.714676389417903E-4	189.91321747921756	34.71124055924173
194	9.713962208479643E-4	4.337907703302335E-4	9.93569934507832E-4	3.6441349948290735E-4	9.652435874158982E-4	2.771872973531826E-4	188.99208507104777	34.58737255830541
195	9.982790506910533E-4	3.7431789678521454E-4	9.312742913607508E-4	3.485056386125507E-4	9.422223720321199E-4	2.519052390804669E-4	188.07683177327272	33.38428349395573
196	9.844594460446388E-4	4.401245641929563E-4	9.243962849723175E-4	3.4592964948387817E-4	9.91573231658549E-4	2.5557252884027547E-4	187.16729816800216	33.26810819093526
197	9.899963915813714E-4	4.2521334034972824E-4	9.174900187645108E-4	3.4336064345552586E-4	9.969350230676355E-4	2.6333357045375523E-4	186.26334045280237	34.218948524604826
198	9.839012927841395E-4	4.346396199252922E-4	9.106338693527505E-4	3.408101747481851E-4	9.867385942925466E-4	2.7518961571839224E-4	185.3650763381156	34.097058820604985
199	9.784396679606289E-4	4.53145843493985E-4	9.038364805746824E-4	3.382814447832061E-4	9.972758125513792E-4	2.811005580825136E-4	184.4723809005227	33.97568631459803
200	9.947818762157112E-4	4.590102762449533E-4	8.970898343250155E-4	3.357714776939247E-4	9.910828612191835E-4	2.8022839996126657E-4	183.58526913268724	34.703462845136706
201	9.971953986678272E-4	4.405881918501109E-4	8.903983834898099E-4	3.332819414936239E-4	9.870844205579488E-4	2.8825450270994414E-4	182.70355369136087	33.73434095159249
202	9.432627412024885E-4	3.966384319937788E-4	8.83760309079662E-4	3.308121467853198E-4	9.952245891327038E-4	2.9056180171340074E-4	181.8272695809137	34.45100657713909
203	9.941779426299036E-4	3.915048400813248E-4	8.771729335421696E-4	3.283611313236179E-4	9.887352662190096E-4	2.7765085825765624E-4	180.95642344892258	33.99233758090189
204	9.99224721454084E-4	4.2683430001488887E-4	8.706401131348684E-4	3.259302848164225E-4	9.960068855434656E-4	2.6338552802477607E-4	180.0909033237258	33.86861246596873
205	9.95277485344559E-4	4.479919916775543E-4	8.641617896500975E-4	3.2351961635868065E-4	9.676433674030704E-4	2.902893879763724E-4	179.23050408021663	32.95218432484261
206	9.431365760974586E-4	4.3146300231455825E-4	8.577296248404309E-4	3.211260373063851E-4	9.99653066173778E-4	2.4815239606162557E-4	178.37561739669763	33.62271638660078
207	9.650076099205762E-4	4.303836904000491E-4	8.513496431987733E-4	3.1875177774054464E-4	9.915183945850004E-4	2.863469732222835E-4	177.52576722449157	32.71868460090047
208	9.871058573480695E-4	4.6056174687691964E-4	8.450238237855956E-4	3.1639757071388885E-4	9.737285927258199E-4	2.734650393100564E-4	176.68106580799213	33.37886966947804
209	9.748937445692718E-4	4.5399712689686567E-4	8.38744846987538E-4	3.140607113891747E-4	9.84069569312851E-4	2.66428722040603E-4	175.8414594133792	33.58374376371816
210	9.84974583843723E-4	4.599411986419E-4	8.325149392476305E-4	3.1174202740658075E-4	9.392715710418997E-4	2.753561407718185E-4	175.0069180437422	32.67152315379314
211	9.96219227090478E-4	4.3318643292877823E-4	8.263337222160771E-4	3.0944138234190177E-4	9.982376632251544E-4	2.9391286515483234E-4	174.1774681491952	32.555794125634414
212	9.971726685762405E-4	4.3456027924548835E-4	8.202056051231921E-4	3.071603896387387E-4	9.78792093519587E-4	2.91986561637185E-4	173.35289141660905	32.44045009373622
213	9.515252313576639E-4	4.3865383850061335E-4	8.141205180436373E-4	3.0489535311062355E-4	9.955118621292058E-4	2.899536086607397E-4	172.53327427009935	33.099263567330944
214	9.787357703316957E-4	4.351550196588505E-4	8.080860861809924E-4	3.0264907582022715E-4	9.57388685492333E-4	2.6579138034850435E-4	171.7185958926857	32.21114155456295
215	9.622803481761366E-4	4.126680869376287E-4	8.011176105355844E-4	3.0014701769687235E-4	9.523007629468339E-4	2.569154089859546E-4	170.90871284742025	32.54097400809144
216	9.656127076596022E-4	4.1723444519448094E-4	9.933089168043807E-4	3.234043779229978E-4	9.874307215795852E-4	2.7892773116121154E-4	170.10379841341637	31.983730935444328
217	9.83439153060317E-4	4.3827488843817264E-4	9.859619021881372E-4	3.210250615666155E-4	9.954161632776959E-4	2.625745854074498E-4	169.30352231918368	31.870651664461782
218	9.893387323245406E-4	4.654889526136685E-4	9.786693408386782E-4	3.186639769410249E-4	9.541643485135864E-4	2.725567867725788E-4	168.50783389160642	32.50482677603181
219	9.866918553598225E-4	4.4967523353989236E-4	9.963917691493407E-4	3.695614250318613E-4	9.917641054926207E-4	2.491740420356469E-4	167.716859098	31.645752302323267
220	9.97333467239514E-4	4.3150290366611443E-4	9.892379166558385E-4	3.669004909170326E-4	9.893805381580023E-4	2.549493838159833E-4	166.93064843930188	31.95705703200398
221	9.804839501157403E-4	4.397020020405762E-4	9.796040103537962E-4	3.6207695484336E-4	9.923084817273775E-4	2.6360536232755824E-4	166.14889229368418	31.841695050014696
222	9.990869730245322E-4	4.256009415257722E-4	9.724278352223337E-4	3.5941349415224977E-4	9.972362549888203E-4	2.71479736871105E-4	165.3718108003668	31.726791275421455
223	9.89457534160465E-4	4.0430171429761685E-4	9.653083543526009E-4	3.5677116829901934E-4	9.99980551569024E-4	2.6628689861248604E-4	164.5991996800003	31.61234026414053
224	9.57037351327017E-4	4.210589831927791E-4	9.58247619564645E-4	3.5415071761235595E-4	9.726414318720344E-4	2.7757004185828424E-4	163.83103380841203	30.80606209965708
225	9.852437942754477E-4	4.420505210873671E-4	9.512398537481204E-4	3.5154995930497535E-4	9.956885041901842E-4	2.5350292466904393E-4	163.06731356325326	31.384879587555226
226	9.642311197239906E-4	4.023736146336887E-4	9.443593880860135E-4	3.4903965024568606E-4	9.638915471441578E-4	2.6089150649272067E-4	162.3081938799587	31.271828631529786
227	9.82576428214088E-4	4.380598875286523E-4	9.058034338522702E-4	3.361415965628112E-4	9.686135745141655E-4	2.779212511334415E-4	161.5532618315774	30.48162612653276
228	9.961059549823403E-4	4.006855087936856E-4	8.99071732419543E-4	3.336656573083019E-4	9.9613855672942E-4	2.713482252485931E-4	160.8027979063918	31.047171616248573
229	9.870608046185225E-4	4.443904836080037E-4	8.925943402573466E-4	3.3123743924079463E-4	9.771871282282518E-4	2.7407937419742336E-4	160.05654284509365	30.267390660928918
230	9.848022309597582E-4	4.31688593380386E-4	8.859975205268711E-4	3.2881106744753197E-4	9.77051709924126E-4	2.63800150522994E-4	159.3146315352642	30.160884517642167
231	9.989981190301478E-4	4.4168842578073964E-4	8.794527529971674E-4	3.264037350163562E-4	9.931241766025778E-4	2.8937492822669176E-4	158.57685389913968	30.71343311006199
232	9.726075222715735E-4	4.229143160046078E-4	8.729588735150173E-4	3.2401501630374696E-4	9.678405640443088E-4	2.859524671624637E-4	157.8433930176543	29.949117641856926
233	9.977889130823314E-4	4.012559620605316E-4	8.665145287523046E-4	3.216444547433639E-4	9.286389067710843E-4	2.572021863587989E-4	157.11403064761544	29.8438281124521
234	9.673165041022003E-4	4.20071115513565E-4	8.601229346822947E-4	3.192931708326796E-4	9.718474557303125E-4	2.7162353026969043E-4	156.38886483226088	29.73899304293108
235	9.79272648692131E-4	4.589242053043563E-4	8.537818648619577E-4	3.1696037513029296E-4	9.996869302995037E-4	2.765197455859337E-4	155.66779686528025	30.27474731378197
236	9.98477975372225E-4	4.3859295692527667E-4	8.474860369460657E-4	3.1464416315429844E-4	9.9031356148771E-4	2.7101847291406656E-4	154.95075274835108	28.961143333009513
237	9.65878862189129E-4	4.1748873991309665E-4	8.412417519139126E-4	3.1234680136549287E-4	9.938928615156328E-4	2.841234210875903E-4	154.23784254852217	30.058012231901742
238	9.332244226243347E-4	3.83448219508864E-4	8.356251928489655E-4	3.101584679825464E-4	9.890908058878267E-4	2.720400776855637E-4	153.5289028090483	29.66233025791231
239	9.925165795721114E-4	4.227077261020895E-4	8.294767612824216E-4	3.078966292378027E-4	9.898122370941564E-4	2.986892805397061E-4	152.82391013079905	29.556088017708483
240	9.871505026239902E-4	4.228421857987996E-4	8.233724656747654E-4	3.056509613088565E-4	9.836057797656395E-4	2.866468638886646E-4	152.12282686043181	28.853564562662392
241	9.987903467845172E-4	4.33353561675176E-4	8.173181704478338E-4	3.0342359423229937E-4	9.93431833194336E-4	2.7002007664123084E-4	151.42566181661095	28.752403777291033
242	9.9575673812069E-4	4.5686544399359263E-4	8.113090152619407E-4	3.0121274357952643E-4	9.891440822684672E-4	2.808134907519905E-4	150.7324303095811	29.23982494243777
243	9.839804843068123E-4	4.0971036651171744E-4	8.023218106245622E-4	2.9883663046348374E-4	9.758431842783466E-4	2.685765207893888E-4	150.04300692450488	28.551231847968666
244	9.163731010630727E-4	4.0671429451322183E-4	9.981652692658827E-4	3.224370648240438E-4	9.956208941730438E-4	2.5686299385496464E-4	149.35776263434673	28.45136977500965
245	9.603791986592114E-4	4.3991128768539056E-4	9.908443462336436E-4	3.2009084861783776E-4	9.8279746271146E-4	2.4979228283983606E-4	148.67596315723495	28.351731560916033
246	9.975791617762297E-4	4.1887971747200936E-4	9.999549656640738E-4	3.724829530256102E-4	9.996391236199997E-4	2.832134708693378E-4	147.99791020850535	28.823966139570985
247	9.86987433861941E-4	3.9035100780893117E-4	9.927684586727992E-4	3.698285454447614E-4	9.751179841259727E-4	2.698870275708032E-4	147.32367871201131	28.72103166954632
248	9.556014556437731E-4	4.296489860280417E-4	9.854600066319108E-4	3.671306185424328E-4	9.940343370544724E-4	2.8762612088361163E-4	146.65315736224875	28.618535063226982
249	9.921113378368318E-4	4.5204754860606045E-4	9.782066772459075E-4	3.644529733719537E-4	9.980611357605085E-4	2.795403669221163E-4	145.98625197878573	28.51638873286706
250	9.934573608916253E-4	4.4832031198893674E-4	9.710076701594517E-4	3.6179529706714675E-4	9.952287982741836E-4	2.5428939013429704E-4	145.32301070302492	28.41464322905169
251	9.952387190423906E-4	4.2469019172131084E-4	9.63859332841821E-4	3.591562544897897E-4	9.535673943901202E-4	2.6127044216587414E-4	144.6634633851063	27.761919657803745
252	9.847272303886712E-4	4.60530114651192E-4	9.567735396558419E-4	3.5654017665365245E-4	9.915627488226164E-4	2.7176451937217886E-4	144.007366443926	27.664918592445844
253	9.99865762423724E-4	4.452128123375587E-4	9.497361024841666E-4	3.539419049047865E-4	9.981709881685674E-4	2.6667544423414965E-4	143.35500598550425	27.568326940904345
254	9.781682747416198E-4	4.3095124055980705E-4	9.427553741261363E-4	3.5136446240358055E-4	9.426815413462464E-4	2.718660350284255E-4	142.7061280409398	27.47205056435123
255	9.686148550827056E-4	4.385608517623041E-4	9.358288662042469E-4	3.4880695966421627E-4	9.875322593870806E-4	2.6745090383176125E-4	142.06084373311023	27.376182473561098
256	9.936468850355595E-4	4.0734584763413295E-4	9.291409951401874E-4	3.462982604105491E-4	9.804282690311084E-4	2.547433967430896E-4	141.4190262943739	27.812695663407375
257	9.778266830835491E-4	4.403065759106539E-4	9.223198139807209E-4	3.4377955125819426E-4	9.776189890544629E-4	2.6879874822043347E-4	140.78062695945846	27.18549282287052
258	9.391544735990465E-4	4.150588320044335E-4	9.155494772130623E-4	3.4127955041185487E-4	9.684166325314436E-4	2.904781727718526E-4	140.14568489481462	27.090694299967303
259	9.863530576694757E-4	4.5345683975028805E-4	9.088340302696452E-4	3.387997203390114E-4	9.880612160486635E-4	3.083325694509161E-4	139.51409722899552	26.996232566499582
260	9.745182760525495E-4	4.2861252586590126E-4	9.086510981433094E-4	3.2691185879230034E-4	9.957175643648952E-4	2.8001783915566523E-4	138.8860257283377	27.41918441320723
261	9.418724512215704E-4	4.286673429305665E-4	9.019802673719823E-4	3.2453533640364185E-4	9.675612964201719E-4	2.729883403017911E-4	138.2612096600351	27.321711652928187
262	9.428229823242873E-4	3.9840550380176865E-4	8.961154671851546E-4	3.225389991712291E-4	9.309448832937051E-4	2.628514833405562E-4	137.63980021770112	26.714993701390732
263	9.936409769579768E-4	4.609914649336133E-4	8.8958052219823E-4	3.2020979779190384E-4	9.60047069384018E-4	2.7872283920838856E-4	137.02161520987283	27.127972879460337
264	9.822297433856875E-4	4.1036526454263367E-4	8.672687108628452E-4	3.154636578983627E-4	9.887891155813122E-4	2.661556223673952E-4	136.4068538134743	27.03170200878965
265	9.973694977816194E-4	4.0285651994054206E-4	8.6090067634359E-4	3.131786434096284E-4	9.589822329871822E-4	2.8685882983175596E-4	135.79527532082284	27.19725465100906
266	9.904256730806082E-4	4.472622058528941E-4	8.545850578229874E-4	3.109121444140328E-4	9.979287260648562E-4	2.7791582332221357E-4	135.18707727763103	27.366467788396953
267	9.995069121941924E-4	4.0809408892528154E-4	8.483194542350248E-4	3.086634878854966E-4	9.97056917185546E-4	2.5915461594914357E-4	134.5819307398633	27.004648344328125
268	9.983572526834905E-4	4.1269408029620536E-4	8.420929952990264E-4	3.0642884303233586E-4	9.835717446549097E-4	2.7613448900262673E-4	133.98008878540713	26.90887937459764
269	9.911857196129858E-4	4.3311236731824465E-4	8.359183993889019E-4	3.0421266092162114E-4	9.97623881630716E-4	2.896885042752919E-4	133.38143620989285	26.813506812784592
270	9.929635270964354E-4	3.94445003621513E-4	8.297907770611346E-4	3.0201326808310114E-4	9.689639082353096E-4	2.788467478239909E-4	132.7858950769005	25.980213790308234
271	9.858515113592148E-4	4.4615472870646045E-4	8.237121946876869E-4	2.998313429998234E-4	9.707545414130436E-4	2.5701807304964557E-4	132.1934833175328	25.88987954541213
272	9.969393722712994E-4	4.246057287673466E-4	8.17674066638574E-4	2.976532487082295E-4	9.90204533081851E-4	2.643371551029203E-4	131.60412977455417	25.799871135516845
273	9.952404943760484E-4	3.955247448175214E-4	9.93985027889721E-4	3.4890940514742397E-4	9.801955748116598E-4	2.7276695537794795E-4	131.0179870207503	25.710193184744277
274	9.779597166925669E-4	4.1935335684684105E-4	9.97980052488856E-4	3.7172233169258106E-4	9.900652803480625E-4	3.048165333232398E-4	130.4349779159238	26.088734611895095
275	9.967009245883673E-4	3.886696467816364E-4	9.906772756949067E-4	3.690387402457418E-4	9.928169929480646E-4	2.88692640424415E-4	129.8549876002071	25.996432979663844
276	9.992284467443824E-4	4.165064419794362E-4	9.834247175604105E-4	3.663756979221944E-4	9.978453254007036E-4	2.743504936171865E-4	129.2779852435051	25.904457686452798
277	9.963673655875027E-4	4.337889367889147E-4	9.762285772012547E-4	3.637332356447587E-4	9.921079235937214E-4	2.804395794555603E-4	128.70388912662747	25.81281578146837
278	9.933523542713374E-4	4.1139072709484026E-4	9.690831793705001E-4	3.611093106883345E-4	9.84148829957121E-4	2.7640799453365617E-4	128.132817108999	25.72153960974412
279	9.935898997355253E-4	4.594138190441299E-4	9.619965130696073E-4	3.585067988751689E-4	9.795905825740192E-4	2.7157482765522383E-4	127.56469283803017	25.630598126651492
280	9.968167578335851E-4	4.452432112884708E-4	9.549547685310245E-4	3.5592073436419014E-4	9.821414005273255E-4	2.614477389629015E-4	126.99955953616882	25.540040137036087
281	9.788372262846678E-4	4.2873368511209264E-4	9.479684958932921E-4	3.533549042913364E-4	9.962878430087585E-4	2.6719509486510006E-4	126.43729382904712	25.004809636946614
282	9.320531389676034E-4	4.284123169782106E-4	9.410399361513555E-4	3.508101144689135E-4	9.592512215021998E-4	2.6507147586843615E-4	125.87796611321392	25.359889653847475
283	9.963589545805007E-4	4.2576630221446976E-4	9.341542463516816E-4	3.482810225250432E-4	9.933376240951475E-4	2.625199230470057E-4	125.32161803540657	24.438416604724715
284	9.810435585677624E-4	4.449976477189921E-4	9.273299801861867E-4	3.457742841419531E-4	9.869608129520202E-4	2.4871636299973363E-4	124.76810036232928	25.181141109229777
285	9.97277646092698E-4	4.130981396883726E-4	9.205506066791713E-4	3.4328400579397567E-4	9.84654969215626E-4	2.7625440493879563E-4	124.21725383188459	25.09221532248753
286	9.700068039819598E-4	4.33811637776671E-4	9.142470225924626E-4	3.4087637504853774E-4	9.90187625575345E-4	2.8986502605799944E-4	123.6693229835364	25.00364409158311
287	9.879227145574987E-4	4.428681349963881E-4	9.075704292627051E-4	3.384239116712706E-4	9.647073784435634E-4	2.688865811150107E-4	123.12421981152147	24.489142104876077
288	9.614666923880577E-4	4.2583402318996377E-4	9.00940693099983E-4	3.3598856498429086E-4	9.622715460864129E-4	2.6313829621358307E-4	122.58194980135886	24.40429467395684
289	9.885522886179388E-4	4.447828177944757E-4	8.943620341597125E-4	3.3357187021465506E-4	9.819322513067164E-4	2.6840893660846633E-4	122.0424014594173	24.319744681533187
290	9.962537151295692E-4	4.5685991062782705E-4	8.878370717866346E-4	3.3117475504695904E-4	9.817971804295667E-4	2.7263372135671995E-4	121.5055410049099	24.235497148621885
291	9.863933664746583E-4	4.494160966714844E-4	8.813552849460393E-4	3.28793434164254E-4	9.82438647042727E-4	2.6221974128727907E-4	120.97147565791965	24.151558000184014
292	9.956596477422863E-4	4.2004413990071043E-4	8.749184344196692E-4	3.264285460318206E-4	9.947753424057737E-4	2.468339548084809E-4	120.44024189320044	24.716950160357705
293	9.234996687155217E-4	4.2133401439059526E-4	8.76722639077343E-4	3.175760994054144E-4	9.79338439719868E-4	2.326415661728889E-4	119.91165965300752	23.82389391495599
294	9.951091196853667E-4	3.895711779478006E-4	8.702899212948978E-4	3.152820554532809E-4	9.900283366732765E-4	2.459150181134329E-4	119.38570647325832	24.543120336803625
295	9.93844703771174E-4	4.19772961322451E-4	8.639517764095217E-4	3.1302127172239125E-4	9.939209539879812E-4	2.512224951219237E-4	118.86231317440979	24.037414793345523
296	9.98900504782796E-4	4.161452416155953E-4	8.782753866398707E-4	3.114239116257522E-4	9.89119569567265E-4	2.489488461135405E-4	118.3416789357725	24.37049670848688
297	9.468134376220405E-4	4.027828872494865E-4	8.718692552065477E-4	3.0918738229956944E-4	9.811089930735761E-4	2.76714209700334E-4	117.82365163354552	24.051204870696473
298	9.966744109988213E-4	4.2372608731966466E-4	8.655187266413122E-4	3.069701797357993E-4	9.801157939364202E-4	2.4881875220290927E-4	117.30817295986344	24.199172373962444
299	9.921692253556103E-4	4.1929564031306654E-4	8.592081721872091E-4	3.047668797080405E-4	9.630152908357559E-4	2.3809163639968976E-4	116.79533282204648	24.11399759712134
300	9.639443887863308E-4	4.064070053573232E-4	8.529481710866094E-4	3.025810892722802E-4	9.79261249085539E-4	2.6140442743939195E-4	116.28509933073656	23.061365832935955
301	9.695607295725495E-4	4.179024363111239E-4	8.467347943224013E-4	3.004114914801903E-4	9.833660224103369E-4	2.64299352258806E-4	115.77734500149381	23.328661199773475
302	9.953132539521903E-4	4.0347102549276315E-4	8.40572320157662E-4	2.982595324283466E-4	9.681308765721042E-4	2.710948486349915E-4	115.2721092835418	22.90462992491381
303	9.942723263520747E-4	3.995769438915886E-4	8.34444654174149E-4	2.961197187687503E-4	9.836657136474969E-4	2.614577935041187E-4	114.76951627162634	22.826710303312524
304	9.84006590442732E-4	4.379861675261054E-4	8.283705828944221E-4	2.939984387921868E-4	9.91825052551576E-4	2.499518356438954E-4	114.26937216645456	23.692815697913318
305	9.91817913018167E-4	4.581702669383958E-4	8.223399636335671E-4	2.918922509707045E-4	9.55126381086302E-4	2.444520386730305E-4	113.77164853757131	23.218735839270625
306	9.949773375410587E-4	4.1316039278171957E-4	8.163475431501865E-4	2.8979937815165613E-4	9.983079999074107E-4	2.3092498324992695E-4	113.27653285121778	23.138488653191526
307	9.792026248760521E-4	4.2461632983759046E-4	8.104051084956154E-4	2.877238021028461E-4	9.863752457022201E-4	2.547994691584873E-4	112.78384608295164	23.058513431703375
308	9.86961938906461E-4	4.084965476067737E-4	9.950877720257267E-4	3.618807804741664E-4	9.996803219110006E-4	2.544678649097808E-4	112.29379233470536	22.978864576222144
309	9.9171296460554E-4	4.500998693401925E-4	9.881457372102886E-4	3.5939148438046686E-4	9.923940160661004E-4	2.482004608684165E-4	111.80595502594952	23.279370833382096
310	9.651575237512589E-4	4.3672479296219535E-4	9.809533803490922E-4	3.568189622455975E-4	9.423180690646404E-4	2.4931610544648046E-4	111.32050092919962	23.1975520962416
311	9.594172588549554E-4	4.142839679843746E-4	9.738099906826392E-4	3.5426387330517173E-4	9.860822829068638E-4	2.5912553308609694E-4	110.83755327013205	22.741503837983153
312	9.952363325282931E-4	4.531277700152714E-4	9.667292615631595E-4	3.517310124152573E-4	9.66100582445506E-4	2.701992496440653E-4	110.35680965633946	22.456873388856714
313	9.961411415133625E-4	4.4165160943521187E-4	9.34893629164435E-4	3.455761525401613E-4	9.603442886145785E-4	2.455798381156961E-4	109.87852443440352	22.379274832869786
314	9.828296315390617E-4	3.8934887561481446E-4	9.280147933168337E-4	3.43091915055993E-4	9.485577120358357E-4	2.6620010364488485E-4	109.40260275750188	22.65343543654479
315	9.956669236999005E-4	4.264363524271175E-4	9.211968863382936E-4	3.4062896156683564E-4	9.890127712424146E-4	2.643384747190996E-4	108.92910365315038	22.22497522495806
316	9.944996272679418E-4	3.445624024607241E-4	9.144326468231156E-4	3.3818515476014E-4	9.752714249771088E-4	2.7152327869165067E-4	108.45793251818395	22.148257192129844
317	9.986097284127027E-4	4.1743000110727735E-4	9.077087888726965E-4	3.357559380674502E-4	9.84326245088596E-4	2.5531236391947864E-4	107.98898040808854	22.071764293974343
318	9.664352401159704E-4	4.349829978309572E-4	9.010442736325786E-4	3.3334789441141766E-4	9.797922048164764E-4	2.596451219522516E-4	107.52223984670127	22.19730751509696
319	9.939743613358587E-4	4.305919574107975E-4	8.944183064159006E-4	3.309536859887885E-4	9.81556200713385E-4	2.324281169669782E-4	107.05793967485079	22.120658352110212
320	9.924996993504465E-4	3.7570385393337347E-4	8.878453372744843E-4	3.2857845690159593E-4	9.865278207144001E-4	2.5466392109465657E-4	106.59583713952452	22.395904362468393
321	9.641549841035157E-4	4.2489492989261635E-4	8.813250315142795E-4	3.262220125179738E-4	9.680016519268975E-4	2.516782123864179E-4	106.13600029092049	22.317317172410274
322	9.997593879234046E-4	4.0709939639782533E-4	8.748480031499639E-4	3.238811495975824E-4	9.967006062652217E-4	2.6001550357377285E-4	105.67840563316713	22.239025136996716
323	9.824378357734531E-4	3.8978481461526826E-4	8.684198401169851E-4	3.2155774351849686E-4	9.895128441712586E-4	2.8154345140633683E-4	105.22301071009133	21.94793419330143
324	9.988379606511444E-4	4.3522763371584006E-4	8.620439475635067E-4	3.192529966327129E-4	9.970695591619005E-4	2.406238685663001E-4	104.76984462418477	21.741444714057092
325	9.982800984289497E-4	4.3138189357705414E-4	8.557083638152108E-4	3.169627652823692E-4	9.90989228739636E-4	2.608554999358941E-4	104.3187941639626	22.005827508958866
326	9.969173988793045E-4	4.541910675470717E-4	8.579368004575372E-4	3.0941243312554434E-4	9.593304803274805E-4	2.465062604063529E-4	103.87002245284384	21.591641545217684
327	9.517153375782073E-4	4.2682936691562645E-4	8.515955560142174E-4	3.0718092784809414E-4	9.947039779945044E-4	2.677770441741179E-4	103.42349536853726	21.851833085715256
328	9.755705541465431E-4	4.397577613417525E-4	8.453437039861456E-4	3.049803872272605E-4	9.7575208019407E-4	2.4193248579897707E-4	102.97902242137934	21.44288586780168
329	9.986239019781351E-4	4.2608716830727644E-4	8.391300507355481E-4	3.0279323254944757E-4	9.359096275147749E-4	2.46185620405661E-4	102.53669017279753	21.36886739579979
330	9.982934861909598E-4	4.104070430912543E-4	8.32966121379286E-4	3.0062337100389414E-4	9.901266057568137E-4	2.6370455943410784E-4	102.09652672201628	21.622793026441517
331	9.860872232820839E-4	4.400057077873498E-4	9.989581303671002E-4	3.5207044493290596E-4	9.859940510068554E-4	2.766486703517013E-4	101.65841464957339	21.546960844242985
332	9.801393607631326E-4	3.939272683055606E-4	9.92215660517104E-4	3.4966949897352606E-4	9.898271018755622E-4	2.8320315573687873E-4	101.22247646888718	20.95609727113644
333	9.879406716208905E-4	4.5923280413262546E-4	9.85290011158213E-4	3.4734318978735246E-4	9.695668959466275E-4	2.474776632962775E-4	100.78870014246786	21.07539060219365
334	9.758459927979857E-4	4.2875183862634003E-4	9.783206187421456E-4	3.4485826836316846E-4	9.979343722079648E-4	2.667225486624779E-4	100.35690080415225	20.811722916359578
335	9.794473880901933E-4	4.31863714766223E-4	9.96422953903675E-4	3.6761829323950224E-4	9.521452175249578E-4	2.3400309365487456E-4	99.92742328197346	20.930267752797107
336	9.998450696002692E-4	4.1226377288694493E-4	9.891287481877953E-4	3.6499014277069364E-4	9.97863393422449E-4	2.677395789098889E-4	99.49974061889225	20.968572708383046
337	9.880289144348353E-4	4.609158022503834E-4	9.81869685347192E-4	3.623789907578612E-4	9.793396111490438E-4	2.7379226544739635E-4	99.07409198497771	20.89512642406967
338	9.968515951186419E-4	4.716402472695336E-4	9.746559371706098E-4	3.597840532165719E-4	9.850116148300003E-4	2.5162646947633635E-4	98.65055297277286	20.71435358925036
339	9.864583844318986E-4	4.322167042118963E-4	9.686471748864278E-4	3.5759641286858823E-4	9.686018056527246E-4	2.7609156378376713E-4	98.22903748889803	20.455250357023
340	9.99329990008846E-4	4.1159556349157356E-4	9.615296585252509E-4	3.5503588514984585E-4	9.659592342359247E-4	2.379086986168303E-4	97.80952028458705	20.123199578747297
341	9.805107838474214E-4	4.4576889922609553E-4	9.544732311042026E-4	3.524970652506454E-4	9.955334426194895E-4	2.690086873206548E-4	97.39199585438473	20.60390636747871
342	9.921763557940722E-4	4.112706010346301E-4	9.474545804550871E-4	3.4997186048713047E-4	9.531298164802138E-4	2.730567340525643E-4	96.97642661092686	20.244266059438615
343	9.756619401741773E-4	4.378832491056528E-4	9.404966258443892E-4	3.4746815435937606E-4	9.926140410243534E-4	2.610988845348898E-4	96.56289666899829	20.359499759166365
344	9.935242414940149E-4	4.31900771218352E-4	9.335846698377281E-4	3.449808864388615E-4	9.991114202421159E-4	2.5478432664470367E-4	96.15132765038288	20.58610649538022
345	9.475182159803808E-4	3.868932035402395E-4	9.267202112823725E-4	3.425105787755456E-4	9.785920155991334E-4	2.6215022857782475E-4	95.74167334713275	20.219277453544898
346	9.258855134248734E-4	4.129567532800138E-4	9.199123014695942E-4	3.4006031273747794E-4	9.983356976590585E-4	2.9445043368138033E-4	95.33396586042363	20.245636255986273
347	9.962385520339012E-4	4.297411251172889E-4	9.131558617809787E-4	3.3762843850126956E-4	9.970924838853534E-4	2.742241740211178E-4	94.92814279353479	20.370623197967838
348	9.882348240353167E-4	4.3563206418184564E-4	9.960582538042217E-4	3.620284151111264E-4	9.960856732504908E-4	2.734341490092144E-4	94.52430673365598	19.828792546137265
349	9.556705190334469E-4	4.1759968735277653E-4	9.88690517260693E-4	3.594154095480917E-4	9.886083789751865E-4	2.578405100292811E-4	94.12238185241586	19.760366906134568
350	9.612278081476688E-4	3.759475366678089E-4	9.813753567868844E-4	3.5682082489074674E-4	9.913361172948498E-4	2.3922665541644875E-4	93.72232431281009	19.448908547104768
351	9.80259821517393E-4	4.269506716809701E-4	9.592189890099689E-4	3.4871862226282246E-4	9.785597194422735E-4	2.142546647115119E-4	93.32395471420023	19.924217712489067
352	9.966342768166214E-4	4.2679406396928243E-4	9.525511122774333E-4	3.4627324748726096E-4	9.588842240191298E-4	2.475604619989595E-4	92.9277190330904	19.735932248324456
353	9.83953708782792E-4	4.208691534586251E-4	9.455136314500123E-4	3.437784034758806E-4	9.923279940267093E-4	2.718607908011311E-4	92.53324022851302	19.48905556487569
354	9.893144888337702E-4	4.0203649768955074E-4	9.385217854287475E-4	3.412996629776899E-4	9.609531771275215E-4	2.606890332737583E-4	92.14060716173844	19.599977705358135
355	9.293690090999007E-4	4.126210515096318E-4	9.315808274550363E-4	3.38838717652834E-4	9.9657899045269E-4	2.6921975590677143E-4	91.74982106717653	19.806931484500097
356	9.793653443921357E-4	4.362274121376686E-4	9.246970585081726E-4	3.3639786852290854E-4	9.992183859139914E-4	2.747347567409716E-4	91.3609591020213	19.547849115154488
357	9.821358835324645E-4	4.1267237247666344E-4	9.178539185086265E-4	3.33971353029483E-4	9.948754341166932E-4	2.791074581586549E-4	90.97385591641068	19.221482574455184
358	9.690611332189292E-4	4.279710010450799E-4	9.110723767662421E-4	3.3156637618958484E-4	9.898046246235026E-4	2.885856111705917E-4	90.58854156485177	19.411255460997346
359	9.332160989288241E-4	4.2953504089382477E-4	8.630166266812012E-4	3.05897772705066E-4	9.995553918997757E-4	2.5881067978678567E-4	90.20493613762665	19.264133250940553
360	9.806580492295325E-4	4.386036962387152E-4	8.566258475184441E-4	3.036950729438104E-4	9.854219661065144E-4	2.717599469987262E-4	89.82318672214751	19.023135381998973
361	9.969747916329652E-4	4.11065986554604E-4	8.503229764755815E-4	3.015222173416987E-4	9.885778999887407E-4	2.851051305899293E-4	89.44324431678979	18.957495857763536
362	9.894781687762588E-4	4.1618821705924347E-4	8.117648103507236E-4	2.949706158688059E-4	9.565222972014453E-4	2.7474304701576735E-4	89.06505352063687	18.89206005646014
363	9.967089572455734E-4	4.2814164407900535E-4	9.962226322386414E-4	3.710245255206246E-4	9.52920141571667E-4	2.724187370606362E-4	88.6888223074202	18.826864489032594
364	9.705313132144511E-4	4.226186210871674E-4	9.892844536807388E-4	3.6852178527624346E-4	9.957620750356E-4	2.772411932131614E-4	88.31414482521359	19.007104343385297
365	9.646034450270236E-4	4.2639300590963103E-4	9.818925755098462E-4	3.65874320777948E-4	9.853912924882025E-4	2.6651738136768637E-4	87.9412980012712	18.940598077675777
366	9.741174289956689E-4	4.085355103597976E-4	9.745434945216402E-4	3.632421194197377E-4	9.993138282879954E-4	2.5868869049546726E-4	87.57006928039482	18.415924971905294
367	9.836184035521E-4	3.8865622263983823E-4	9.685279219411314E-4	3.6085523424844723E-4	9.518921433482319E-4	2.462673979938369E-4	87.20061092588003	18.738639281592583
368	9.961086616385728E-4	4.594134916260373E-4	9.612941794330254E-4	3.5826489511237014E-4	9.997651359299198E-4	2.5098713453593923E-4	86.8327825385204	18.504168459001548
369	9.839213162194937E-4	4.4013059596181847E-4	9.540861065033823E-4	3.556840238161385E-4	9.73895885181264E-4	2.752211233779566E-4	86.46664333550143	18.676780548448733
370	9.98508679913357E-4	4.562471804092638E-4	9.469503856962547E-4	3.531006113917101E-4	9.44585541219567E-4	2.4317101330476967E-4	86.10229003976565	18.37661915413317
371	9.88928775768727E-4	4.620938743755687E-4	9.398569382028654E-4	3.5056019805779215E-4	9.738427543197758E-4	2.683473559322327E-4	85.73955114951241	18.10422196773122
372	9.918903524521738E-4	4.5722234062850475E-4	9.328120795544237E-4	3.480369232420344E-4	9.72126261331141E-4	2.810358221888071E-4	85.37856755920802	18.48135873289836
373	9.981356852222234E-4	4.5002385013503954E-4	9.267314162570983E-4	3.456794711382827E-4	9.965326516976347E-4	2.8291427100736075E-4	85.0191941553785	18.416637166554455
374	9.780484542716295E-4	4.243696457706392E-4	9.197926410706714E-4	3.4319396218052134E-4	9.425028711120831E-4	2.6953808939854043E-4	84.66146603730158	18.124115991830628
375	9.898565185721964E-4	4.3290281973895617E-4	9.129042882705107E-4	3.4072629023285117E-4	9.935096531989984E-4	2.6101694770245973E-4	84.30538669149973	18.287935291739185
376	9.981971234083176E-4	4.500674949667882E-4	9.060626180144027E-4	3.382750455784844E-4	9.997589695558418E-4	2.7497048553083334E-4	83.9510760915291	18.223931148273515
377	9.98185103526339E-4	4.545740557659883E-4	8.992713701445609E-4	3.3584158518351614E-4	9.746761461428832E-4	2.673147155696319E-4	83.5981462909258	17.936968045433076
378	9.396552632097155E-4	4.135243143537082E-4	8.925178262870759E-4	3.333936620038003E-4	9.565011132508516E-4	2.714620436664619E-4	83.24702937959228	17.87501538430297
379	9.834831289481372E-4	4.3590569839579985E-4	8.8582954776939E-4	3.30996617776691E-4	9.87054148936295E-4	2.7363383924239315E-4	82.89748731351574	18.033201500438842
380	9.941468015313148E-4	4.352612959337421E-4	8.791790314717218E-4	3.286129685875494E-4	9.923682046064641E-4	2.761057987501974E-4	82.54947755165631	17.75172870499935
381	9.96602640952915E-4	4.5891280024079606E-4	8.725916995899752E-4	3.262514037487563E-4	9.75920836935984E-4	2.7746523891336334E-4	82.203004380106	17.690374727800307
382	9.927194332703948E-4	4.549548466457054E-4	8.660369494464248E-4	3.239015113649657E-4	9.781722183106467E-4	2.8350255759303564E-4	81.85822449985426	17.629270125519145
383	9.918844734784216E-4	4.535322659648955E-4	8.595355902798474E-4	3.215703691239469E-4	9.662927914177999E-4	2.708034195772295E-4	81.51500355437747	17.568337559450878
384	9.90177970379591E-4	4.4269667341723107E-4	8.530709310434759E-4	3.192522945028031E-4	9.993111998483073E-4	3.209287224731376E-4	81.17337398030213	17.957703498194544
385	9.895558760035783E-4	4.1676598266349174E-4	8.466449653496966E-4	3.169482879457064E-4	9.904280377668329E-4	2.760045595399182E-4	80.83637553523295	17.448405315769495
386	9.995735890697688E-4	4.41724117990816E-4	8.402823441429064E-4	3.146660055790562E-4	9.953291610145243E-4	2.554750370687874E-4	80.49735989698092	17.547456812767592
387	9.87201783573255E-4	4.535542866506148E-4	8.339703636011109E-4	3.124015565845184E-4	9.509894716757117E-4	2.54123121986696E-4	80.15984043624485	17.327657081169573
388	9.660098876338452E-4	4.210508122923784E-4	8.27688243589364E-4	3.101478378084721E-4	9.629858686821535E-4	3.002949121599324E-4	79.82401325844694	17.473616869500592
389	9.90892935078591E-4	4.2635489080566913E-4	8.214747649617493E-4	3.079180787608493E-4	9.800718689803034E-4	2.758382882651252E-4	79.48984208726324	17.207863081761985
390	9.865333267953247E-4	4.296975203033071E-4	8.152835653163493E-4	3.0569648333766963E-4	9.813965916691814E-4	2.7255707552992843E-4	79.15713175735436	17.14826503990169
391	9.792837081477046E-4	4.253309416526463E-4	8.094023069133982E-4	3.0349392181960866E-4	9.696848483145004E-4	2.877321182394452E-4	78.82598381894059	17.088904356905882
392	9.962405019905418E-4	4.3756321610999294E-4	8.108333131531253E-4	2.97775377475773E-4	9.620298496884061E-4	2.796232597161592E-4	78.49648099765182	17.229854253410604
393	9.96720656985417E-4	4.387610206322279E-4	9.993226412916556E-4	3.7446517490025144E-4	9.664730750955641E-4	2.7106375912100904E-4	78.1685516932921	16.970888561602887
394	9.847230976447463E-4	4.290425968065392E-4	9.92789151496254E-4	3.719724336406216E-4	9.878470009425655E-4	2.930820606624448E-4	77.84203845079173	17.109281682634307
395	9.914983238559216E-4	4.19247542595258E-4	9.858082194114104E-4	3.692954960570205E-4	9.974043532565702E-4	2.5016518557094967E-4	77.51698909793049	16.85360473143833
396	9.92849440081045E-4	4.3623099918477237E-4	9.788647730601951E-4	3.66633021258167E-4	9.974111890187487E-4	3.0136155129928903E-4	77.1932719478209	16.989498079871666
397	9.828695328906178E-4	4.2835372369154356E-4	9.719714580569416E-4	3.639899459813023E-4	9.845832428254653E-4	2.808650788210798E-4	76.87117293328629	16.73714032729817
398	9.915455302689224E-4	4.392935225041583E-4	9.651295258663595E-4	3.6136679773335345E-4	9.857921340881148E-4	2.838623165088292E-4	76.55058555339929	16.67923143466846
399	9.775721991900355E-4	4.258085318724625E-4	9.583378850948066E-4	3.587630999390967E-4	9.472173333051614E-4	2.762993701859765E-4	76.23126460335334	16.621450559554532
400	9.87530976999551E-4	4.5369865983957425E-4	9.515937854303047E-4	3.5617785033537075E-4	9.652913595346035E-4	2.993252140764856E-4	75.91352653002832	16.752552154803233
