source	dest	fft	coef	power	capacity
1909	1911	0.054545405	0.15	4.0	475.0
1438	1439	0.548936404	0.15	4.0	575.0
1313	1321	3.674998163	0.15	4.0	350.0
1911	1900	0.136363512	0.15	4.0	475.0
721	1691	0.8	0.15	4.0	100000.0
708	1601	0.69000069	0.15	4.0	100000.0
1650	905	0.31199975	0.15	4.0	100000.0
1488	1487	0.3625	0.15	4.0	1300.0
723	1681	0.383999693	0.15	4.0	100000.0
784	1502	1.304999348	0.15	4.0	100000.0
899	1675	0.239999808	0.15	4.0	100000.0
838	1853	0.58	0.15	4.0	100000.0
1847	1277	0.272727025	0.15	4.0	475.0
1594	894	0.42	0.15	4.0	100000.0
667	1337	2.969998515	0.15	4.0	100000.0
840	1845	0.87000087	0.15	4.0	100000.0
1505	6797	0.309090909	0.15	4.0	1650.0
1523	797	0.56	0.15	4.0	100000.0
1889	715	0.12000012	0.15	4.0	100000.0
1636	1637	0.145454545	0.15	4.0	1650.0
1984	1985	0.373333333	0.15	4.0	7950.0
1587	1426	0.89999955	0.15	4.0	350.0
1909	1908	0.245454322	0.15	4.0	475.0
1313	1323	1.25999937	0.15	4.0	350.0
7365	1465	0.7625	0.15	4.0	650.0
1544	1504	1.02580579	0.15	4.0	450.0
1265	1261	0.145454545	0.15	4.0	1900.0
1878	1917	0.787500492	0.15	4.0	500.0
801	1566	0.431999654	0.15	4.0	100000.0
899	1673	0.239999808	0.15	4.0	100000.0
6409	1586	0.806250504	0.15	4.0	500.0
1891	703	0.21000021	0.15	4.0	100000.0
1447	6799	0.569999715	0.15	4.0	350.0
756	1331	2.834998583	0.15	4.0	100000.0
1467	780	0.794999603	0.15	4.0	100000.0
1465	791	0.569999715	0.15	4.0	100000.0
1876	1927	0.127272727	0.15	4.0	1900.0
1623	898	0.359999712	0.15	4.0	100000.0
1290	1291	0.731707674	0.15	4.0	8850.0
1859	1858	1.018181818	0.15	4.0	825.0
1661	1659	0.116128957	0.15	4.0	2625.0
670	1480	0.989999505	0.15	4.0	100000.0
714	1888	0.57000057	0.15	4.0	100000.0
756	1338	1.01999949	0.15	4.0	100000.0
1311	1328	1.244999378	0.15	4.0	350.0
1659	1668	0.077419305	0.15	4.0	1750.0
1613	1612	0.482927065	0.15	4.0	8850.0
1586	1587	0.71999964	0.15	4.0	350.0
1338	1337	2.054998973	0.15	4.0	200.0
1276	717	0.51000051	0.15	4.0	100000.0
6806	1488	0.525	0.15	4.0	1300.0
1585	775	0.9	0.15	4.0	100000.0
1859	1860	0.987096137	0.15	4.0	450.0
6362	1347	1.6851071	0.15	4.0	575.0
756	1335	1.25999937	0.15	4.0	100000.0
1490	1482	0.3375	0.15	4.0	650.0
1638	1630	0.171428449	0.15	4.0	525.0
1982	1983	0.240000137	0.15	4.0	1850.0
1311	1322	1.169999415	0.15	4.0	350.0
788	1469	0.449999775	0.15	4.0	100000.0
909	1282	0.12000012	0.15	4.0	100000.0
667	1329	3.65999817	0.15	4.0	100000.0
1911	1909	0.054545405	0.15	4.0	475.0
750	1355	2.114998943	0.15	4.0	100000.0
1917	1878	0.787500492	0.15	4.0	500.0
1638	1637	0.257143004	0.15	4.0	1850.0
1982	1984	0.15483861	0.15	4.0	1750.0
1917	1877	0.38	0.15	4.0	550.0
1669	1629	0.054545405	0.15	4.0	475.0
1913	1901	0.245454322	0.15	4.0	475.0
1338	1332	0.884999558	0.15	4.0	200.0
1586	1585	1.01999949	0.15	4.0	350.0
1642	1613	0.809301949	0.15	4.0	8325.0
790	1456	0.689999655	0.15	4.0	100000.0
1288	1289	0.581818182	0.15	4.0	1950.0
1540	1530	0.35	0.15	4.0	1600.0
1318	6363	0.554999723	0.15	4.0	350.0
1886	1890	0.2	0.15	4.0	1650.0
1652	908	0.52	0.15	4.0	100000.0
1983	835	0.28	0.15	4.0	100000.0
1876	1262	0.327272727	0.15	4.0	1900.0
1455	1499	1.754999123	0.15	4.0	350.0
1916	730	0.42000042	0.15	4.0	100000.0
1309	1328	1.289999355	0.15	4.0	200.0
1438	1434	0.191489443	0.15	4.0	575.0
6405	1271	0.254545455	0.15	4.0	825.0
1277	1846	0.224999719	0.15	4.0	450.0
1513	1516	0.733333333	0.15	4.0	7950.0
903	1648	0.24000024	0.15	4.0	100000.0
1671	1285	0.096774131	0.15	4.0	1750.0
1857	1858	0.71612857	0.15	4.0	450.0
1561	1565	0.090909091	0.15	4.0	1650.0
1336	1339	1.314894177	0.15	4.0	575.0
1572	682	0.18	0.15	4.0	100000.0
1277	1847	0.272727025	0.15	4.0	475.0
1886	1892	0.077419305	0.15	4.0	1750.0
1809	836	0.96	0.15	4.0	100000.0
1324	755	2.474998763	0.15	4.0	100000.0
1436	1443	0.143478198	0.15	4.0	1050.0
1099	6794	0.127659629	0.15	4.0	575.0
1515	1506	0.7	0.15	4.0	1850.0
1671	1283	0.058064479	0.15	4.0	1750.0
840	1852	0.36000036	0.15	4.0	100000.0
1563	1550	0.436363636	0.15	4.0	825.0
1646	1592	0.183333333	0.15	4.0	1850.0
1561	1562	0.290909091	0.15	4.0	1000.0
909	1280	0.2	0.15	4.0	100000.0
1463	1446	0.817021624	0.15	4.0	575.0
1584	1583	0.490908645	0.15	4.0	475.0
1849	1899	0.077419305	0.15	4.0	1750.0
737	1253	0.86	0.15	4.0	100000.0
1915	587	0.24000024	0.15	4.0	100000.0
1261	1265	0.145454545	0.15	4.0	1900.0
1509	1511	0.977143416	0.15	4.0	925.0
1336	1334	0.791489699	0.15	4.0	575.0
1434	1483	1.059574919	0.15	4.0	575.0
1548	1459	0.531428875	0.15	4.0	925.0
1584	1256	0.245454322	0.15	4.0	475.0
1509	1510	0.345454545	0.15	4.0	1650.0
1849	1901	0.619354439	0.15	4.0	1750.0
1286	1287	0.109090909	0.15	4.0	1900.0
1309	1325	4.664997668	0.15	4.0	200.0
1265	587	0.57000057	0.15	4.0	100000.0
1567	1512	0.48	0.15	4.0	7950.0
1534	1533	0.578571015	0.15	4.0	525.0
1847	1258	0.272727025	0.15	4.0	475.0
1615	1617	0.107142781	0.15	4.0	525.0
1615	1616	0.318750199	0.15	4.0	1800.0
1640	1635	0.342856898	0.15	4.0	525.0
1888	1889	0.709090264	0.15	4.0	475.0
1888	1887	0.658064092	0.15	4.0	450.0
1309	1327	2.15999892	0.15	4.0	200.0
1893	712	0.62	0.15	4.0	100000.0
1322	759	2.204998898	0.15	4.0	100000.0
1236	1237	1.304999348	0.15	4.0	200.0
1471	1435	0.091304308	0.15	4.0	1050.0
1095	1586	1.31999934	0.15	4.0	350.0
1465	7365	0.7625	0.15	4.0	650.0
1816	1926	0.362790529	0.15	4.0	8325.0
1471	1433	0.217021369	0.15	4.0	575.0
1669	1633	0.43636324	0.15	4.0	475.0
1501	1561	0.497143141	0.15	4.0	925.0
1665	1656	0.05	0.15	4.0	2400.0
1469	788	0.449999775	0.15	4.0	100000.0
1611	1643	0.4	0.15	4.0	2000.0
1917	1883	0.5	0.15	4.0	550.0
1859	1837	1.054545455	0.15	4.0	825.0
7367	7368	2.744682019	0.15	4.0	575.0
1486	1482	0.143478198	0.15	4.0	1050.0
1690	1689	0.11999994	0.15	4.0	350.0
1989	1808	0.527272727	0.15	4.0	2000.0
1449	6802	0.0375	0.15	4.0	650.0
712	1882	0.48	0.15	4.0	100000.0
6800	1541	1.004999498	0.15	4.0	350.0
1532	1539	0.625532181	0.15	4.0	575.0
921	1570	0.8	0.15	4.0	100000.0
1851	1885	0.251612741	0.15	4.0	1750.0
1615	1623	0.318750199	0.15	4.0	1800.0
1690	1692	0.446808701	0.15	4.0	1150.0
1449	6803	0.0375	0.15	4.0	650.0
840	1874	0.72000072	0.15	4.0	100000.0
1559	1549	0.454545455	0.15	4.0	1650.0
708	1262	0.63000063	0.15	4.0	100000.0
714	1885	0.51000051	0.15	4.0	100000.0
1256	7364	0.135483784	0.15	4.0	875.0
1513	1501	0.072727273	0.15	4.0	1650.0
1555	1570	1.083870268	0.15	4.0	450.0
6798	1541	0.809999595	0.15	4.0	350.0
1662	1526	0.085714224	0.15	4.0	525.0
1263	1264	0.6	0.15	4.0	1950.0
1334	1336	0.791489699	0.15	4.0	575.0
1607	1606	0.685713796	0.15	4.0	525.0
1684	728	0.527999578	0.15	4.0	100000.0
1507	1531	0.309090909	0.15	4.0	1650.0
1261	1927	0.218181818	0.15	4.0	1900.0
905	1650	0.31199975	0.15	4.0	100000.0
714	1887	0.63000063	0.15	4.0	100000.0
1307	1321	2.864998568	0.15	4.0	350.0
1814	1924	0.127272727	0.15	4.0	2000.0
1503	6797	0.218181818	0.15	4.0	1650.0
776	1518	0.91199927	0.15	4.0	100000.0
1617	1615	0.107142781	0.15	4.0	525.0
1442	1096	1.324137474	0.15	4.0	4800.0
1336	668	2.309998845	0.15	4.0	100000.0
1344	1345	3.35999832	0.15	4.0	200.0
7371	1437	0.5375	0.15	4.0	650.0
754	1313	2.024998988	0.15	4.0	100000.0
1521	801	1.031999174	0.15	4.0	100000.0
1675	1611	0.136363512	0.15	4.0	475.0
1503	6796	0.038297889	0.15	4.0	1150.0
1890	1886	0.2	0.15	4.0	1650.0
790	1437	1.094999453	0.15	4.0	100000.0
1582	1579	0.058064479	0.15	4.0	875.0
718	1529	0.39000039	0.15	4.0	100000.0
7342	7343	0.464999768	0.15	4.0	350.0
801	1534	0.263999789	0.15	4.0	100000.0
1447	6800	0.074999963	0.15	4.0	350.0
1931	1814	0.46	0.15	4.0	550.0
1440	1442	0.548275673	0.15	4.0	4800.0
1559	1553	0.283333333	0.15	4.0	925.0
1853	1862	0.327272727	0.15	4.0	1650.0
1919	1881	0.406451351	0.15	4.0	1750.0
1621	1595	0.348386872	0.15	4.0	450.0
921	1556	0.76	0.15	4.0	100000.0
1309	1310	2.87999856	0.15	4.0	200.0
1486	1495	0.651723913	0.15	4.0	4800.0
1290	1918	0.124138017	0.15	4.0	1750.0
1440	1441	0.169565144	0.15	4.0	1050.0
1334	1329	3.089363017	0.15	4.0	575.0
1920	730	0.81000081	0.15	4.0	100000.0
1511	1509	0.977143416	0.15	4.0	925.0
1259	1279	0.224999719	0.15	4.0	450.0
712	1892	0.62	0.15	4.0	100000.0
1617	1620	0.107142781	0.15	4.0	525.0
1307	1325	2.204998898	0.15	4.0	350.0
1890	1891	0.212903088	0.15	4.0	1750.0
708	1261	0.84000084	0.15	4.0	100000.0
1897	702	0.16	0.15	4.0	100000.0
712	1894	0.34	0.15	4.0	100000.0
776	1515	0.551999558	0.15	4.0	100000.0
1607	1599	0.27857123	0.15	4.0	525.0
1270	724	0.839999328	0.15	4.0	100000.0
712	1893	0.62	0.15	4.0	100000.0
1814	1931	0.46	0.15	4.0	550.0
1928	1927	0.248276033	0.15	4.0	1000.0
1254	1857	0.193548262	0.15	4.0	450.0
718	1258	0.24000024	0.15	4.0	100000.0
1323	1305	5.27999736	0.15	4.0	200.0
1432	1431	0.6	0.15	4.0	1850.0
6807	1274	1.097872808	0.15	4.0	575.0
1457	1458	0.486206729	0.15	4.0	4800.0
835	1992	0.76	0.15	4.0	100000.0
1673	1635	0.27857123	0.15	4.0	525.0
774	1602	0.674999663	0.15	4.0	100000.0
7365	1096	0.5	0.15	4.0	650.0
1901	1913	0.245454322	0.15	4.0	475.0
1619	1614	0.102127703	0.15	4.0	575.0
1865	1870	0.131250082	0.15	4.0	500.0
1806	724	0.479999616	0.15	4.0	100000.0
1978	1970	1.025	0.15	4.0	1300.0
1656	908	0.24	0.15	4.0	100000.0
1905	1898	0.325	0.15	4.0	3200.0
1619	1618	0.204255406	0.15	4.0	575.0
1880	1875	0.235714117	0.15	4.0	525.0
1605	1604	0.174193436	0.15	4.0	450.0
1580	1581	0.075	0.15	4.0	800.0
1857	1254	0.193548262	0.15	4.0	450.0
1663	706	0.431999654	0.15	4.0	100000.0
1667	1666	0.175	0.15	4.0	1600.0
6804	1460	0.0375	0.15	4.0	650.0
1555	1569	0.337500211	0.15	4.0	500.0
1349	758	2.129998935	0.15	4.0	100000.0
1629	903	0.66000066	0.15	4.0	100000.0
1520	1591	0.181818182	0.15	4.0	2000.0
1557	1558	0.45	0.15	4.0	1850.0
6796	1503	0.038297889	0.15	4.0	1150.0
1865	1864	0.206250129	0.15	4.0	500.0
1321	1315	2.189998905	0.15	4.0	350.0
718	1582	0.48000048	0.15	4.0	100000.0
6793	1688	0.71999964	0.15	4.0	350.0
1343	6363	0.77999961	0.15	4.0	350.0
1507	1505	1.327272727	0.15	4.0	1650.0
679	1319	1.73999913	0.15	4.0	100000.0
6804	1459	0.4375	0.15	4.0	650.0
1905	913	0.28	0.15	4.0	100000.0
1978	1976	0.104347781	0.15	4.0	1050.0
704	1665	0.36	0.15	4.0	100000.0
1565	1509	0.634286077	0.15	4.0	925.0
1321	1313	3.674998163	0.15	4.0	350.0
1667	1664	0.05	0.15	4.0	1600.0
1640	1660	0.32727243	0.15	4.0	475.0
1529	718	0.39000039	0.15	4.0	100000.0
1842	1837	0.740425847	0.15	4.0	575.0
704	1664	0.28	0.15	4.0	100000.0
1319	1318	0.914999543	0.15	4.0	350.0
1880	1879	0.600000375	0.15	4.0	1800.0
720	1584	0.39000039	0.15	4.0	100000.0
1455	1456	1.034042993	0.15	4.0	575.0
706	1663	0.431999654	0.15	4.0	100000.0
1644	1645	0.036363636	0.15	4.0	1650.0
1321	1307	2.864998568	0.15	4.0	350.0
1359	1361	0.778723736	0.15	4.0	575.0
1518	1614	0.674999663	0.15	4.0	200.0
1361	1350	1.529999235	0.15	4.0	350.0
1903	1260	0.05	0.15	4.0	1600.0
1280	719	0.28	0.15	4.0	100000.0
1482	1490	0.3375	0.15	4.0	650.0
1857	922	0.4	0.15	4.0	100000.0
1561	1515	0.6	0.15	4.0	1850.0
740	1454	0.66	0.15	4.0	100000.0
1815	1816	0.823255431	0.15	4.0	8325.0
1864	717	0.48000048	0.15	4.0	100000.0
7364	1256	0.135483784	0.15	4.0	875.0
1551	1575	0.131250082	0.15	4.0	500.0
1603	1606	0.367741698	0.15	4.0	450.0
758	1349	2.129998935	0.15	4.0	100000.0
1588	1531	0.281250176	0.15	4.0	2000.0
1430	1431	0.535713903	0.15	4.0	525.0
738	1479	1.424999288	0.15	4.0	100000.0
1319	1320	1.934999033	0.15	4.0	350.0
758	1350	1.109999445	0.15	4.0	100000.0
1484	1481	0.450000281	0.15	4.0	500.0
7364	1582	0.096774131	0.15	4.0	875.0
1843	669	3.47999826	0.15	4.0	100000.0
1555	1556	0.637500398	0.15	4.0	500.0
720	1579	0.33000033	0.15	4.0	100000.0
6362	1317	0.510638515	0.15	4.0	575.0
1665	704	0.36	0.15	4.0	100000.0
1930	1267	0.082758678	0.15	4.0	1750.0
1664	1530	0.1	0.15	4.0	1600.0
720	1578	0.3000003	0.15	4.0	100000.0
773	1427	0.71999964	0.15	4.0	100000.0
1930	1268	0.109090909	0.15	4.0	1950.0
1611	1675	0.136363512	0.15	4.0	475.0
1530	1540	0.35	0.15	4.0	1600.0
1860	739	0.6	0.15	4.0	100000.0
1534	1519	0.214285561	0.15	4.0	525.0
1976	1977	0.558620497	0.15	4.0	4800.0
1926	1290	0.321951377	0.15	4.0	8850.0
7393	1282	0.038709652	0.15	4.0	2625.0
720	1580	0.27000027	0.15	4.0	100000.0
706	1662	0.335999731	0.15	4.0	100000.0
1342	1343	1.544999228	0.15	4.0	200.0
1658	908	0.09000009	0.15	4.0	100000.0
1692	1690	0.446808701	0.15	4.0	1150.0
1644	1646	0.163636364	0.15	4.0	1650.0
1677	1287	0.251612741	0.15	4.0	1750.0
1361	1359	0.778723736	0.15	4.0	575.0
1660	911	0.24000024	0.15	4.0	100000.0
913	1905	0.28	0.15	4.0	100000.0
1553	1552	0.066666667	0.15	4.0	925.0
6408	1689	0.584999708	0.15	4.0	350.0
1978	1995	0.8375	0.15	4.0	1300.0
1578	1576	0.245454322	0.15	4.0	475.0
1278	719	0.32	0.15	4.0	100000.0
1601	1610	0.327272727	0.15	4.0	1950.0
1273	1237	5.774997113	0.15	4.0	200.0
1648	1634	0.15483861	0.15	4.0	2625.0
1907	1902	0.187499766	0.15	4.0	450.0
1885	714	0.51000051	0.15	4.0	100000.0
1528	1530	0.149999813	0.15	4.0	450.0
714	1914	0.75000075	0.15	4.0	100000.0
913	1906	0.24	0.15	4.0	100000.0
1685	1263	0.363636364	0.15	4.0	1950.0
1863	1864	0.3000003	0.15	4.0	400.0
1326	1107	3.089998455	0.15	4.0	350.0
1646	1647	0.120000069	0.15	4.0	1850.0
917	1554	0.36	0.15	4.0	100000.0
727	1679	0.407999674	0.15	4.0	100000.0
1683	1604	0.270967567	0.15	4.0	450.0
1503	1502	0.254999873	0.15	4.0	350.0
1434	1438	0.191489443	0.15	4.0	575.0
716	1907	0.24000024	0.15	4.0	100000.0
903	1630	0.45000045	0.15	4.0	100000.0
1882	1881	0.425806177	0.15	4.0	450.0
1880	1893	0.225000141	0.15	4.0	1800.0
710	1286	0.59999952	0.15	4.0	100000.0
1861	1874	0.174193436	0.15	4.0	1750.0
673	1330	1.349999325	0.15	4.0	100000.0
903	1629	0.66000066	0.15	4.0	100000.0
1436	1435	0.225	0.15	4.0	650.0
1623	1615	0.318750199	0.15	4.0	1800.0
1263	1289	0.181818182	0.15	4.0	1900.0
1578	1571	0.054545405	0.15	4.0	475.0
1877	795	0.74	0.15	4.0	100000.0
1484	1452	0.243750152	0.15	4.0	500.0
776	1562	0.863999309	0.15	4.0	100000.0
1621	1627	0.135483784	0.15	4.0	450.0
673	1332	0.89999955	0.15	4.0	100000.0
1551	1569	0.037500023	0.15	4.0	500.0
1861	1866	0.212903088	0.15	4.0	1750.0
913	1902	0.28	0.15	4.0	100000.0
915	1564	0.28	0.15	4.0	100000.0
1480	1478	0.224999888	0.15	4.0	350.0
1914	714	0.75000075	0.15	4.0	100000.0
1342	678	1.18	0.15	4.0	100000.0
1646	1644	0.163636364	0.15	4.0	1650.0
1347	6362	1.6851071	0.15	4.0	575.0
915	1563	0.26	0.15	4.0	100000.0
1553	1559	0.283333333	0.15	4.0	925.0
1317	1316	1.965958283	0.15	4.0	575.0
1627	1593	0.166666667	0.15	4.0	1850.0
1480	1479	1.454999273	0.15	4.0	350.0
1903	1279	0.125	0.15	4.0	1600.0
1530	1528	0.149999813	0.15	4.0	450.0
1505	1504	0.638709265	0.15	4.0	450.0
1542	1459	0.104999948	0.15	4.0	350.0
1315	1321	2.189998905	0.15	4.0	350.0
1269	1270	0.814285133	0.15	4.0	525.0
1887	714	0.63000063	0.15	4.0	100000.0
1530	1529	0.262499672	0.15	4.0	450.0
1522	916	0.86	0.15	4.0	100000.0
1667	719	0.36	0.15	4.0	100000.0
1355	750	2.114998943	0.15	4.0	100000.0
1576	1574	0.363636364	0.15	4.0	825.0
1602	774	0.674999663	0.15	4.0	100000.0
727	1687	0.503999597	0.15	4.0	100000.0
1677	1641	0.225000141	0.15	4.0	1800.0
1560	684	0.48	0.15	4.0	100000.0
1340	1339	0.510638515	0.15	4.0	575.0
1549	914	0.78	0.15	4.0	100000.0
1488	785	0.629999685	0.15	4.0	100000.0
1851	1914	0.270967567	0.15	4.0	450.0
1096	1468	0.920689338	0.15	4.0	4800.0
1096	7366	0.525	0.15	4.0	650.0
901	1639	0.215999827	0.15	4.0	100000.0
1882	1894	0.580644787	0.15	4.0	450.0
1576	1581	0.175	0.15	4.0	800.0
1096	7365	0.5	0.15	4.0	650.0
1285	7392	0.145454545	0.15	4.0	1900.0
1315	1314	1.184999408	0.15	4.0	350.0
1265	1289	0.072727273	0.15	4.0	1900.0
1884	1883	0.92	0.15	4.0	550.0
1599	1607	0.27857123	0.15	4.0	525.0
1344	1308	2.594998703	0.15	4.0	350.0
1624	799	0.503999597	0.15	4.0	100000.0
1434	1433	0.689361995	0.15	4.0	575.0
909	1260	0.28	0.15	4.0	100000.0
1505	1507	1.327272727	0.15	4.0	1650.0
1625	1616	0.412500258	0.15	4.0	1800.0
1459	1451	0.318750199	0.15	4.0	500.0
704	1655	0.56	0.15	4.0	100000.0
6798	1502	0.074999963	0.15	4.0	350.0
1576	1578	0.245454322	0.15	4.0	475.0
1561	1501	0.497143141	0.15	4.0	925.0
920	1688	0.689999655	0.15	4.0	100000.0
1344	1310	0.089999955	0.15	4.0	350.0
704	1654	0.24	0.15	4.0	100000.0
1455	7371	0.8125	0.15	4.0	650.0
1576	1577	0.712499109	0.15	4.0	450.0
1588	1506	0.262500164	0.15	4.0	2000.0
1500	1501	1.131429218	0.15	4.0	925.0
1624	1625	0.033333333	0.15	4.0	1850.0
1252	1253	1.237500773	0.15	4.0	500.0
1872	1873	0.299999727	0.15	4.0	475.0
1475	1477	0.2625	0.15	4.0	650.0
1874	1861	0.174193436	0.15	4.0	1750.0
1649	1648	0.135483784	0.15	4.0	2625.0
1252	1254	0.541935134	0.15	4.0	450.0
1874	1862	0.058064479	0.15	4.0	1750.0
1483	1434	1.059574919	0.15	4.0	575.0
1649	1650	0.077419305	0.15	4.0	1750.0
1277	1278	0.224999719	0.15	4.0	450.0
1475	1476	0.3	0.15	4.0	650.0
1550	1549	0.309090909	0.15	4.0	1650.0
7370	1518	0.434042738	0.15	4.0	1150.0
1508	1454	0.633333333	0.15	4.0	1850.0
1236	1342	2.669998665	0.15	4.0	200.0
1238	675	1.589999205	0.15	4.0	100000.0
1918	1288	0.272727273	0.15	4.0	1950.0
723	1268	0.695999443	0.15	4.0	100000.0
1566	801	0.431999654	0.15	4.0	100000.0
1686	1608	0.497561218	0.15	4.0	8850.0
1525	1527	0.171428449	0.15	4.0	525.0
1263	1680	0.131250082	0.15	4.0	2000.0
1350	1361	1.529999235	0.15	4.0	350.0
1624	1627	0.066666667	0.15	4.0	1850.0
1634	910	0.18000018	0.15	4.0	100000.0
6409	1503	0.689999655	0.15	4.0	350.0
1594	1628	0.291428738	0.15	4.0	1850.0
1426	1587	0.89999955	0.15	4.0	350.0
1872	1871	0.21818162	0.15	4.0	475.0
1525	1526	0.407142566	0.15	4.0	525.0
1327	1324	0.809999595	0.15	4.0	350.0
1884	1809	0.187500117	0.15	4.0	500.0
1866	918	0.46	0.15	4.0	100000.0
1281	1260	0.058064479	0.15	4.0	1750.0
1689	1429	0.614999693	0.15	4.0	200.0
6799	1447	0.569999715	0.15	4.0	350.0
1804	1922	0.082758678	0.15	4.0	1750.0
1580	720	0.27000027	0.15	4.0	100000.0
1842	735	1.604999198	0.15	4.0	100000.0
709	1673	0.719999424	0.15	4.0	100000.0
1259	719	0.24	0.15	4.0	100000.0
1907	1844	0.187499766	0.15	4.0	450.0
1427	1426	0.974999513	0.15	4.0	350.0
1463	1541	0.306383109	0.15	4.0	575.0
1261	708	0.84000084	0.15	4.0	100000.0
1098	1464	1.736170952	0.15	4.0	1150.0
706	1527	0.215999827	0.15	4.0	100000.0
1897	1900	0.262499672	0.15	4.0	450.0
1477	1475	0.2625	0.15	4.0	650.0
1459	6804	0.4375	0.15	4.0	650.0
1575	1573	0.418181818	0.15	4.0	825.0
1847	1848	0.245454322	0.15	4.0	475.0
709	1676	0.167999866	0.15	4.0	100000.0
1607	728	0.791999366	0.15	4.0	100000.0
1590	1642	0.36	0.15	4.0	7950.0
1579	1540	0.116128957	0.15	4.0	875.0
1254	1252	0.541935134	0.15	4.0	450.0
1845	1849	0.135483784	0.15	4.0	1750.0
1527	1525	0.171428449	0.15	4.0	525.0
1571	1583	0.081818107	0.15	4.0	475.0
1573	1572	0.145454545	0.15	4.0	825.0
1806	1924	0.225000141	0.15	4.0	1800.0
1626	1622	0.145454545	0.15	4.0	825.0
1573	916	0.74	0.15	4.0	100000.0
6117	1491	0.0625	0.15	4.0	650.0
1931	731	0.455999635	0.15	4.0	100000.0
1596	1606	0.56128996	0.15	4.0	450.0
1527	1522	0.171428449	0.15	4.0	525.0
907	1870	0.3	0.15	4.0	100000.0
1279	1259	0.224999719	0.15	4.0	450.0
1311	752	1.784999108	0.15	4.0	100000.0
1924	1920	0.262500164	0.15	4.0	1800.0
1626	1625	0.290909091	0.15	4.0	825.0
1325	1326	6.569996715	0.15	4.0	350.0
6117	1490	0.0375	0.15	4.0	650.0
787	1557	0.44	0.15	4.0	100000.0
1338	756	1.01999949	0.15	4.0	100000.0
1327	1309	2.15999892	0.15	4.0	200.0
1870	1868	0.11250007	0.15	4.0	500.0
1687	1431	0.214285561	0.15	4.0	525.0
1281	1904	0.15	0.15	4.0	3200.0
1651	1642	0.145454545	0.15	4.0	1650.0
1871	717	0.57000057	0.15	4.0	100000.0
1686	1601	0.206896694	0.15	4.0	1750.0
6806	6805	0.0625	0.15	4.0	1300.0
6790	1978	0.475	0.15	4.0	1300.0
907	1863	0.3000003	0.15	4.0	100000.0
1444	1474	0.156521671	0.15	4.0	1050.0
1674	1676	0.709090264	0.15	4.0	475.0
1519	1566	0.345454545	0.15	4.0	1000.0
1674	1675	0.21818162	0.15	4.0	475.0
1970	1971	0.55	0.15	4.0	1300.0
1502	1503	0.254999873	0.15	4.0	350.0
1901	1887	0.116128957	0.15	4.0	450.0
1446	1463	0.817021624	0.15	4.0	575.0
1485	1440	0.237930952	0.15	4.0	4800.0
1573	1575	0.418181818	0.15	4.0	825.0
1870	1865	0.131250082	0.15	4.0	500.0
1283	912	0.3000003	0.15	4.0	100000.0
1995	1988	1.011429149	0.15	4.0	1850.0
1530	1664	0.1	0.15	4.0	1600.0
893	1621	0.32	0.15	4.0	100000.0
893	1622	0.44	0.15	4.0	100000.0
1674	1673	0.321428342	0.15	4.0	525.0
1254	921	0.86	0.15	4.0	100000.0
1356	1346	1.07999946	0.15	4.0	200.0
1429	1428	0.809999595	0.15	4.0	200.0
1526	1662	0.085714224	0.15	4.0	525.0
1575	1551	0.131250082	0.15	4.0	500.0
1452	1462	0.483333333	0.15	4.0	1850.0
1309	751	1.97999901	0.15	4.0	100000.0
1252	1560	0.450000281	0.15	4.0	500.0
1674	708	0.93000093	0.15	4.0	100000.0
1515	1561	0.6	0.15	4.0	1850.0
1691	1432	0.618181818	0.15	4.0	825.0
1615	1533	0.192857005	0.15	4.0	525.0
1531	7370	0.370212923	0.15	4.0	1150.0
1279	1902	0.374999531	0.15	4.0	450.0
678	1341	1.22	0.15	4.0	100000.0
1901	1892	0.036363636	0.15	4.0	1650.0
1279	1903	0.125	0.15	4.0	1600.0
1596	1595	0.425806177	0.15	4.0	450.0
1253	737	0.86	0.15	4.0	100000.0
678	1342	1.18	0.15	4.0	100000.0
1578	720	0.3000003	0.15	4.0	100000.0
1676	1677	0.381817835	0.15	4.0	475.0
1540	1580	0.25	0.15	4.0	800.0
1533	799	0.623999501	0.15	4.0	100000.0
1492	6118	0.0375	0.15	4.0	650.0
1540	1579	0.116128957	0.15	4.0	875.0
1273	1274	3.989998005	0.15	4.0	200.0
798	1644	0.54	0.15	4.0	100000.0
1879	713	0.551999558	0.15	4.0	100000.0
1325	1309	4.664997668	0.15	4.0	200.0
836	1809	0.96	0.15	4.0	100000.0
1275	1274	3.472341903	0.15	4.0	575.0
1868	1869	0.272727273	0.15	4.0	1650.0
1571	1578	0.054545405	0.15	4.0	475.0
1281	1896	0.116128957	0.15	4.0	1750.0
741	1483	1.07999946	0.15	4.0	100000.0
6801	1458	0.208695561	0.15	4.0	1050.0
741	1484	1.484999258	0.15	4.0	100000.0
1868	1870	0.11250007	0.15	4.0	500.0
1640	904	0.167999866	0.15	4.0	100000.0
1258	1847	0.272727025	0.15	4.0	475.0
1868	1867	0.363636364	0.15	4.0	1650.0
1659	1283	0.135483784	0.15	4.0	1750.0
1676	1674	0.709090264	0.15	4.0	475.0
1575	1554	0.116666667	0.15	4.0	925.0
1334	1094	4.621278562	0.15	4.0	575.0
1678	1679	0.364285454	0.15	4.0	525.0
1519	1534	0.214285561	0.15	4.0	525.0
1844	700	0.54000054	0.15	4.0	100000.0
1924	1925	0.163636364	0.15	4.0	2000.0
6407	6406	0.569999715	0.15	4.0	350.0
7370	1531	0.370212923	0.15	4.0	1150.0
700	1872	0.48000048	0.15	4.0	100000.0
1506	802	1.4	0.15	4.0	100000.0
1843	1841	2.129998935	0.15	4.0	350.0
1452	1453	0.693750434	0.15	4.0	500.0
1653	1658	0.212903088	0.15	4.0	2625.0
835	1983	0.28	0.15	4.0	100000.0
783	1558	0.64	0.15	4.0	100000.0
1546	1542	0.514286008	0.15	4.0	925.0
6808	6807	0.114893666	0.15	4.0	575.0
1238	1320	2.294998853	0.15	4.0	350.0
1928	1915	0.165517356	0.15	4.0	1000.0
721	1269	0.84	0.15	4.0	100000.0
1325	1307	2.204998898	0.15	4.0	350.0
1554	7396	0.35	0.15	4.0	925.0
722	1428	0.449999775	0.15	4.0	100000.0
1427	773	0.71999964	0.15	4.0	100000.0
1603	726	0.34	0.15	4.0	100000.0
1236	674	1.394999303	0.15	4.0	100000.0
1577	1525	0.149999893	0.15	4.0	525.0
1653	1652	0.10909081	0.15	4.0	475.0
1488	6806	0.525	0.15	4.0	1300.0
1286	710	0.59999952	0.15	4.0	100000.0
777	1587	0.584999708	0.15	4.0	100000.0
1494	6118	0.175	0.15	4.0	650.0
1315	1355	0.914999543	0.15	4.0	350.0
735	1842	1.604999198	0.15	4.0	100000.0
1910	711	0.06000006	0.15	4.0	100000.0
719	1280	0.28	0.15	4.0	100000.0
1874	840	0.72000072	0.15	4.0	100000.0
1450	1461	0.568965321	0.15	4.0	4800.0
1528	1654	0.112499859	0.15	4.0	450.0
1323	1313	1.25999937	0.15	4.0	350.0
6793	6408	0.674999663	0.15	4.0	350.0
1319	679	1.73999913	0.15	4.0	100000.0
897	1619	0.524999738	0.15	4.0	100000.0
719	1278	0.32	0.15	4.0	100000.0
1671	911	0.48000048	0.15	4.0	100000.0
1331	1343	0.83999958	0.15	4.0	350.0
6808	1842	0.919149327	0.15	4.0	575.0
1308	1307	3.374998313	0.15	4.0	350.0
731	1923	1.559998752	0.15	4.0	100000.0
1680	1681	0.300000188	0.15	4.0	2000.0
1673	899	0.239999808	0.15	4.0	100000.0
1636	1598	0.52	0.15	4.0	7950.0
1544	1543	1.122579921	0.15	4.0	450.0
6795	1426	0.038297889	0.15	4.0	575.0
1333	1332	1.91999904	0.15	4.0	200.0
1551	683	1.06	0.15	4.0	100000.0
752	1311	1.784999108	0.15	4.0	100000.0
1519	1520	0.345454545	0.15	4.0	1000.0
1916	1915	0.868966117	0.15	4.0	1000.0
1669	919	0.21000021	0.15	4.0	100000.0
1431	1681	0.581250363	0.15	4.0	2000.0
1469	7366	0.6875	0.15	4.0	650.0
1260	1903	0.05	0.15	4.0	1600.0
772	1532	0.449999775	0.15	4.0	100000.0
1893	1880	0.225000141	0.15	4.0	1800.0
1650	1524	0.077419305	0.15	4.0	1750.0
1552	7396	0.466666667	0.15	4.0	925.0
1473	1444	0.310344721	0.15	4.0	4800.0
1461	1514	0.493333333	0.15	4.0	7950.0
1891	1890	0.212903088	0.15	4.0	1750.0
1655	1657	0.171428449	0.15	4.0	525.0
1337	1306	0.674999663	0.15	4.0	200.0
1346	1345	4.274997863	0.15	4.0	200.0
788	1439	0.494999753	0.15	4.0	100000.0
672	1438	1.514999243	0.15	4.0	100000.0
1331	1341	1.436363636	0.15	4.0	825.0
1899	1849	0.077419305	0.15	4.0	1750.0
1483	741	1.07999946	0.15	4.0	100000.0
754	1306	2.33999883	0.15	4.0	100000.0
1630	1638	0.171428449	0.15	4.0	525.0
1335	1314	0.618750387	0.15	4.0	500.0
1644	902	0.18	0.15	4.0	100000.0
1542	1546	0.514286008	0.15	4.0	925.0
1444	1443	0.620689441	0.15	4.0	4800.0
1592	1593	0.116666667	0.15	4.0	1850.0
1853	1852	0.090909091	0.15	4.0	1650.0
1617	892	0.31199975	0.15	4.0	100000.0
1630	1639	0.064285668	0.15	4.0	525.0
799	1533	0.623999501	0.15	4.0	100000.0
1538	1567	0.586046239	0.15	4.0	8325.0
1275	666	2.414998793	0.15	4.0	100000.0
1320	1238	2.294998853	0.15	4.0	350.0
1477	1433	0.117391253	0.15	4.0	1050.0
1524	1650	0.077419305	0.15	4.0	1750.0
1426	6794	0.702127958	0.15	4.0	575.0
1431	1687	0.214285561	0.15	4.0	525.0
1532	1602	0.17872348	0.15	4.0	575.0
1558	7367	0.516666667	0.15	4.0	1850.0
710	1875	0.359999712	0.15	4.0	100000.0
801	1521	1.031999174	0.15	4.0	100000.0
1426	6795	0.038297889	0.15	4.0	575.0
786	1445	0.404999798	0.15	4.0	100000.0
1676	709	0.167999866	0.15	4.0	100000.0
1657	1655	0.171428449	0.15	4.0	525.0
1990	1815	0.186666667	0.15	4.0	7950.0
1675	899	0.239999808	0.15	4.0	100000.0
782	1462	0.74	0.15	4.0	100000.0
1569	1555	0.337500211	0.15	4.0	500.0
1574	707	0.3	0.15	4.0	100000.0
1436	1482	0.6625	0.15	4.0	650.0
1346	1351	3.494998253	0.15	4.0	200.0
1496	1494	0.117391253	0.15	4.0	1050.0
731	1931	0.455999635	0.15	4.0	100000.0
1678	1682	0.38571401	0.15	4.0	525.0
908	1658	0.09000009	0.15	4.0	100000.0
1562	776	0.863999309	0.15	4.0	100000.0
795	1878	0.42	0.15	4.0	100000.0
1542	6803	0.4375	0.15	4.0	650.0
1548	1511	0.685714678	0.15	4.0	925.0
1893	1890	0.131250082	0.15	4.0	1800.0
1623	1521	0.056250035	0.15	4.0	1800.0
1526	1654	0.487499391	0.15	4.0	450.0
1992	1807	0.642856684	0.15	4.0	525.0
795	1877	0.74	0.15	4.0	100000.0
669	1273	1.49999925	0.15	4.0	100000.0
1317	757	1.34	0.15	4.0	100000.0
1602	1532	0.17872348	0.15	4.0	575.0
6117	6118	0.05	0.15	4.0	650.0
1306	1305	4.364997818	0.15	4.0	200.0
1900	701	0.39000039	0.15	4.0	100000.0
724	1806	0.479999616	0.15	4.0	100000.0
906	1672	0.119999904	0.15	4.0	100000.0
1569	1551	0.037500023	0.15	4.0	500.0
1521	1518	0.225000141	0.15	4.0	1800.0
1346	1356	1.07999946	0.15	4.0	200.0
1467	1466	1.934999033	0.15	4.0	350.0
683	1551	1.06	0.15	4.0	100000.0
1498	1487	0.65	0.15	4.0	650.0
719	1667	0.36	0.15	4.0	100000.0
1333	1316	0.618750387	0.15	4.0	500.0
716	1847	0.24000024	0.15	4.0	100000.0
1477	1441	0.1	0.15	4.0	650.0
1429	1689	0.614999693	0.15	4.0	200.0
771	1692	0.41999979	0.15	4.0	100000.0
1851	1852	0.329032046	0.15	4.0	1750.0
908	1652	0.52	0.15	4.0	100000.0
716	1846	0.33000033	0.15	4.0	100000.0
780	1467	0.794999603	0.15	4.0	100000.0
1542	6799	0.764999618	0.15	4.0	350.0
1256	1276	0.381817835	0.15	4.0	475.0
1876	1875	0.578571015	0.15	4.0	525.0
1901	1849	0.619354439	0.15	4.0	1750.0
1923	731	1.559998752	0.15	4.0	100000.0
1490	6117	0.0375	0.15	4.0	650.0
1603	1684	0.621428128	0.15	4.0	525.0
1465	1474	0.5	0.15	4.0	650.0
1916	1921	0.227586364	0.15	4.0	1000.0
1504	796	0.64	0.15	4.0	100000.0
1657	1652	0.149999813	0.15	4.0	450.0
1348	1347	2.493751559	0.15	4.0	500.0
7368	6713	1.748936914	0.15	4.0	575.0
1655	1662	0.042857112	0.15	4.0	525.0
683	1552	0.28	0.15	4.0	100000.0
908	1656	0.24	0.15	4.0	100000.0
1680	1679	0.128571337	0.15	4.0	525.0
784	1447	0.83999958	0.15	4.0	100000.0
1496	1497	0.641379089	0.15	4.0	4800.0
1448	789	0.35999982	0.15	4.0	100000.0
799	1520	0.335999731	0.15	4.0	100000.0
1479	738	1.424999288	0.15	4.0	100000.0
1348	1349	4.004997998	0.15	4.0	200.0
1329	1334	3.089363017	0.15	4.0	575.0
1891	1910	0.232257915	0.15	4.0	1750.0
895	1596	0.42	0.15	4.0	100000.0
1968	1970	0.169565144	0.15	4.0	1050.0
895	1594	0.22	0.15	4.0	100000.0
1895	1889	0.409090537	0.15	4.0	475.0
702	1897	0.16	0.15	4.0	100000.0
739	1860	0.6	0.15	4.0	100000.0
1565	1564	0.240000137	0.15	4.0	925.0
1459	1548	0.531428875	0.15	4.0	925.0
1619	897	0.524999738	0.15	4.0	100000.0
1601	708	0.69000069	0.15	4.0	100000.0
782	1453	0.5	0.15	4.0	100000.0
1663	1631	0.425	0.15	4.0	2400.0
739	1861	0.76	0.15	4.0	100000.0
1546	1514	0.163636364	0.15	4.0	1650.0
702	1896	0.48	0.15	4.0	100000.0
1993	1994	0.531428875	0.15	4.0	1850.0
1348	1355	1.31999934	0.15	4.0	350.0
1684	1683	0.257142673	0.15	4.0	525.0
675	1238	1.589999205	0.15	4.0	100000.0
1845	1885	0.077419305	0.15	4.0	1750.0
1471	7372	1.094999453	0.15	4.0	350.0
750	1308	2.429998785	0.15	4.0	100000.0
1329	1330	0.709090909	0.15	4.0	825.0
1634	1633	0.135483784	0.15	4.0	2625.0
797	1524	0.62	0.15	4.0	100000.0
1657	1663	0.225	0.15	4.0	2400.0
1895	1894	1.281817017	0.15	4.0	475.0
1634	1632	0.175	0.15	4.0	2400.0
1596	895	0.42	0.15	4.0	100000.0
1331	1316	0.919149327	0.15	4.0	575.0
797	1523	0.56	0.15	4.0	100000.0
1689	6408	0.584999708	0.15	4.0	350.0
1446	1455	0.319149072	0.15	4.0	575.0
1459	1542	0.104999948	0.15	4.0	350.0
1589	773	0.77999961	0.15	4.0	100000.0
1920	1921	0.168750105	0.15	4.0	1800.0
778	1464	0.869999565	0.15	4.0	100000.0
1682	1678	0.38571401	0.15	4.0	525.0
1502	784	1.304999348	0.15	4.0	100000.0
1546	1500	0.685714678	0.15	4.0	925.0
1655	704	0.56	0.15	4.0	100000.0
1492	1493	0.3	0.15	4.0	650.0
1598	1537	0.237209192	0.15	4.0	8325.0
1609	1636	0.586046239	0.15	4.0	8325.0
1621	893	0.32	0.15	4.0	100000.0
1587	777	0.584999708	0.15	4.0	100000.0
1849	1850	0.406451351	0.15	4.0	875.0
1654	1528	0.112499859	0.15	4.0	450.0
1563	1565	0.272727273	0.15	4.0	1650.0
1481	740	0.82	0.15	4.0	100000.0
1350	1351	3.1125	0.15	4.0	650.0
1260	909	0.28	0.15	4.0	100000.0
1632	1649	0.225	0.15	4.0	2400.0
1524	1645	0.193548262	0.15	4.0	1750.0
1850	700	0.45000045	0.15	4.0	100000.0
1682	1683	0.857142245	0.15	4.0	525.0
1842	736	1.31999934	0.15	4.0	100000.0
1329	667	3.65999817	0.15	4.0	100000.0
1920	1924	0.262500164	0.15	4.0	1800.0
1279	1280	0.125	0.15	4.0	2400.0
1475	1442	0.156521671	0.15	4.0	1050.0
1256	1584	0.245454322	0.15	4.0	475.0
7372	1470	0.689999655	0.15	4.0	350.0
1454	740	0.66	0.15	4.0	100000.0
1494	1489	0.6625	0.15	4.0	650.0
1273	669	1.49999925	0.15	4.0	100000.0
1469	1476	0.25	0.15	4.0	650.0
1565	1561	0.090909091	0.15	4.0	1650.0
1511	1548	0.685714678	0.15	4.0	925.0
1992	835	0.76	0.15	4.0	100000.0
1565	1563	0.272727273	0.15	4.0	1650.0
1313	754	2.024998988	0.15	4.0	100000.0
1870	907	0.3	0.15	4.0	100000.0
7372	1471	1.094999453	0.15	4.0	350.0
1853	838	0.58	0.15	4.0	100000.0
1648	903	0.24000024	0.15	4.0	100000.0
1536	1568	0.490909091	0.15	4.0	1000.0
762	1884	0.84	0.15	4.0	100000.0
1563	915	0.26	0.15	4.0	100000.0
1594	895	0.22	0.15	4.0	100000.0
1846	716	0.33000033	0.15	4.0	100000.0
1849	1845	0.135483784	0.15	4.0	1750.0
1654	1526	0.487499391	0.15	4.0	450.0
1991	1992	0.471428235	0.15	4.0	525.0
1509	1565	0.634286077	0.15	4.0	925.0
1262	1876	0.327272727	0.15	4.0	1900.0
1327	1328	3.53999823	0.15	4.0	350.0
1429	725	0.509999745	0.15	4.0	100000.0
1558	783	0.64	0.15	4.0	100000.0
1682	1687	0.428571122	0.15	4.0	525.0
1256	1257	0.174193436	0.15	4.0	875.0
1875	710	0.359999712	0.15	4.0	100000.0
1678	728	0.959999232	0.15	4.0	100000.0
7394	1666	0.175	0.15	4.0	2400.0
1446	789	1.904999048	0.15	4.0	100000.0
715	1889	0.12000012	0.15	4.0	100000.0
1437	789	0.269999865	0.15	4.0	100000.0
1687	1682	0.428571122	0.15	4.0	525.0
1437	790	1.094999453	0.15	4.0	100000.0
1807	1992	0.642856684	0.15	4.0	525.0
1858	1869	0.290909091	0.15	4.0	825.0
1314	1315	1.184999408	0.15	4.0	350.0
1537	1538	0.725581058	0.15	4.0	8325.0
1285	1641	0.243750152	0.15	4.0	1800.0
1587	1586	0.71999964	0.15	4.0	350.0
1662	1655	0.042857112	0.15	4.0	525.0
1107	1326	3.089998455	0.15	4.0	350.0
1562	1561	0.290909091	0.15	4.0	1000.0
1614	1602	0.191489443	0.15	4.0	575.0
1339	1336	1.314894177	0.15	4.0	575.0
1860	1859	0.987096137	0.15	4.0	450.0
783	1509	0.78	0.15	4.0	100000.0
1308	1344	2.594998703	0.15	4.0	350.0
6363	1343	0.77999961	0.15	4.0	350.0
1454	1508	0.633333333	0.15	4.0	1850.0
1439	1438	0.548936404	0.15	4.0	575.0
1543	1500	0.541935134	0.15	4.0	450.0
1487	1498	0.65	0.15	4.0	650.0
1846	1277	0.224999719	0.15	4.0	450.0
1537	1535	0.174193436	0.15	4.0	1750.0
717	1871	0.57000057	0.15	4.0	100000.0
1283	1659	0.135483784	0.15	4.0	1750.0
1586	1095	1.31999934	0.15	4.0	350.0
1521	1623	0.056250035	0.15	4.0	1800.0
1910	1908	0.135483784	0.15	4.0	1750.0
1495	1450	0.413792961	0.15	4.0	4800.0
800	1568	0.2	0.15	4.0	100000.0
1912	1896	0.058064479	0.15	4.0	1750.0
1562	1566	0.454545455	0.15	4.0	1000.0
1356	759	1.73999913	0.15	4.0	100000.0
1808	1814	0.509090909	0.15	4.0	2000.0
1593	894	0.2	0.15	4.0	100000.0
1433	1471	0.217021369	0.15	4.0	575.0
711	1910	0.06000006	0.15	4.0	100000.0
1641	1285	0.243750152	0.15	4.0	1800.0
1807	1982	0.581818182	0.15	4.0	2000.0
1912	912	0.18000018	0.15	4.0	100000.0
1877	1917	0.38	0.15	4.0	550.0
6406	1271	0.134999933	0.15	4.0	350.0
1560	1252	0.450000281	0.15	4.0	500.0
1280	7394	0.075	0.15	4.0	2400.0
1266	1267	0.643902753	0.15	4.0	8850.0
1610	1611	0.381818182	0.15	4.0	1950.0
1499	779	1.649999175	0.15	4.0	100000.0
1858	1859	1.018181818	0.15	4.0	825.0
1681	723	0.383999693	0.15	4.0	100000.0
1571	682	0.54	0.15	4.0	100000.0
731	1808	0.695999443	0.15	4.0	100000.0
1531	1585	0.554999723	0.15	4.0	350.0
1466	781	1.934999033	0.15	4.0	100000.0
757	1317	1.34	0.15	4.0	100000.0
916	1573	0.74	0.15	4.0	100000.0
839	1862	0.9	0.15	4.0	100000.0
1489	1494	0.6625	0.15	4.0	650.0
902	1647	0.14	0.15	4.0	100000.0
1639	1630	0.064285668	0.15	4.0	525.0
785	1489	0.41999979	0.15	4.0	100000.0
785	1488	0.629999685	0.15	4.0	100000.0
1337	1338	2.054998973	0.15	4.0	200.0
1610	1608	0.144827686	0.15	4.0	1750.0
1325	753	4.184997908	0.15	4.0	100000.0
1690	6407	0.584999708	0.15	4.0	350.0
757	1314	2.12	0.15	4.0	100000.0
1343	1331	0.83999958	0.15	4.0	350.0
1881	1919	0.406451351	0.15	4.0	1750.0
1626	892	0.359999712	0.15	4.0	100000.0
1914	1888	1.172726207	0.15	4.0	475.0
1539	1532	0.625532181	0.15	4.0	575.0
1462	1454	0.233333333	0.15	4.0	1850.0
1912	1908	0.135483784	0.15	4.0	1750.0
1264	1930	0.145454545	0.15	4.0	1950.0
1524	797	0.62	0.15	4.0	100000.0
1660	1672	0.354545132	0.15	4.0	475.0
1262	1286	0.072727273	0.15	4.0	1900.0
1317	6362	0.510638515	0.15	4.0	575.0
1633	1669	0.43636324	0.15	4.0	475.0
1887	1888	0.658064092	0.15	4.0	450.0
1858	1857	0.71612857	0.15	4.0	450.0
904	1640	0.167999866	0.15	4.0	100000.0
674	1318	1.994999003	0.15	4.0	100000.0
1439	1097	0.676596033	0.15	4.0	575.0
1462	1452	0.483333333	0.15	4.0	1850.0
1585	1586	1.01999949	0.15	4.0	350.0
1639	1635	0.321428342	0.15	4.0	525.0
1614	1619	0.102127703	0.15	4.0	575.0
1514	1513	1.253333333	0.15	4.0	7950.0
1637	1646	0.377143073	0.15	4.0	1850.0
1892	712	0.62	0.15	4.0	100000.0
1633	1670	0.193548262	0.15	4.0	2625.0
1664	1667	0.05	0.15	4.0	1600.0
1556	921	0.76	0.15	4.0	100000.0
1523	1597	0.4	0.15	4.0	2000.0
6715	1688	0.41999979	0.15	4.0	350.0
7343	7342	0.464999768	0.15	4.0	350.0
802	1543	0.64	0.15	4.0	100000.0
1919	730	0.9000009	0.15	4.0	100000.0
713	1879	0.551999558	0.15	4.0	100000.0
1689	1690	0.11999994	0.15	4.0	350.0
1884	762	0.84	0.15	4.0	100000.0
1466	1467	1.934999033	0.15	4.0	350.0
7368	7367	2.744682019	0.15	4.0	575.0
1306	1337	0.674999663	0.15	4.0	200.0
1435	1474	0.2375	0.15	4.0	650.0
1560	1556	0.187500117	0.15	4.0	500.0
1569	682	0.62	0.15	4.0	100000.0
1608	1609	0.307317223	0.15	4.0	8850.0
6799	1542	0.764999618	0.15	4.0	350.0
1289	1601	0.327272727	0.15	4.0	1950.0
1883	1917	0.5	0.15	4.0	550.0
1566	1519	0.345454545	0.15	4.0	1000.0
1310	1322	1.289999355	0.15	4.0	350.0
1450	6802	0.156521671	0.15	4.0	1050.0
1258	1276	0.163636215	0.15	4.0	475.0
1343	1342	1.544999228	0.15	4.0	200.0
1504	1544	1.02580579	0.15	4.0	450.0
1502	6798	0.074999963	0.15	4.0	350.0
1287	1286	0.109090909	0.15	4.0	1900.0
1616	1615	0.318750199	0.15	4.0	1800.0
1806	1807	0.436363636	0.15	4.0	2000.0
1583	1584	0.490908645	0.15	4.0	475.0
755	1324	2.474998763	0.15	4.0	100000.0
1335	1333	1.63125102	0.15	4.0	500.0
1441	1445	0.4375	0.15	4.0	650.0
789	1446	1.904999048	0.15	4.0	100000.0
910	1632	0.2	0.15	4.0	100000.0
1644	798	0.54	0.15	4.0	100000.0
1493	1445	0.3875	0.15	4.0	650.0
1687	727	0.503999597	0.15	4.0	100000.0
1894	712	0.34	0.15	4.0	100000.0
1846	1259	0.112499859	0.15	4.0	450.0
1269	721	0.84	0.15	4.0	100000.0
1889	1888	0.709090264	0.15	4.0	475.0
1589	6795	0.536170441	0.15	4.0	575.0
1337	667	2.969998515	0.15	4.0	100000.0
789	1447	1.814999093	0.15	4.0	100000.0
1271	1691	0.8	0.15	4.0	825.0
1237	1236	1.304999348	0.15	4.0	200.0
1672	1285	0.136363512	0.15	4.0	475.0
1985	1996	0.4	0.15	4.0	7950.0
1862	839	0.9	0.15	4.0	100000.0
682	1569	0.62	0.15	4.0	100000.0
789	1448	0.35999982	0.15	4.0	100000.0
1533	1534	0.578571015	0.15	4.0	525.0
910	1634	0.18000018	0.15	4.0	100000.0
1887	1901	0.116128957	0.15	4.0	450.0
779	1499	1.649999175	0.15	4.0	100000.0
1433	1477	0.117391253	0.15	4.0	1050.0
682	1572	0.18	0.15	4.0	100000.0
1275	1340	1.187234548	0.15	4.0	575.0
1662	706	0.335999731	0.15	4.0	100000.0
1439	788	0.494999753	0.15	4.0	100000.0
1260	1281	0.058064479	0.15	4.0	1750.0
7366	1469	0.6875	0.15	4.0	650.0
682	1571	0.54	0.15	4.0	100000.0
684	1560	0.48	0.15	4.0	100000.0
1518	7370	0.434042738	0.15	4.0	1150.0
1666	1667	0.175	0.15	4.0	1600.0
1310	1309	2.87999856	0.15	4.0	200.0
1558	1557	0.45	0.15	4.0	1850.0
1635	1673	0.27857123	0.15	4.0	525.0
1896	702	0.48	0.15	4.0	100000.0
1448	6802	0.775	0.15	4.0	650.0
1289	1263	0.181818182	0.15	4.0	1900.0
1487	1483	0.331915035	0.15	4.0	575.0
1666	1665	0.1	0.15	4.0	2400.0
1512	1510	0.293333333	0.15	4.0	7950.0
1547	1457	0.653333333	0.15	4.0	7950.0
1458	1496	0.372413665	0.15	4.0	4800.0
1889	1895	0.409090537	0.15	4.0	475.0
1535	1536	0.181818182	0.15	4.0	2000.0
1983	1993	0.240000137	0.15	4.0	1850.0
1616	1625	0.412500258	0.15	4.0	1800.0
912	1282	0.27000027	0.15	4.0	100000.0
1289	1265	0.072727273	0.15	4.0	1900.0
1520	799	0.335999731	0.15	4.0	100000.0
1589	1539	0.587234292	0.15	4.0	575.0
1910	1284	0.163636364	0.15	4.0	1900.0
1435	1471	0.091304308	0.15	4.0	1050.0
1606	1607	0.685713796	0.15	4.0	525.0
753	1325	4.184997908	0.15	4.0	100000.0
1883	1931	0.54	0.15	4.0	550.0
668	1336	2.309998845	0.15	4.0	100000.0
6713	735	1.454999273	0.15	4.0	100000.0
1345	1344	3.35999832	0.15	4.0	200.0
912	1283	0.3000003	0.15	4.0	100000.0
1487	1488	0.3625	0.15	4.0	1300.0
789	1437	0.269999865	0.15	4.0	100000.0
1333	1335	1.63125102	0.15	4.0	500.0
912	1284	0.3000003	0.15	4.0	100000.0
717	1864	0.48000048	0.15	4.0	100000.0
1805	1984	0.502325348	0.15	4.0	8325.0
1606	1603	0.367741698	0.15	4.0	450.0
700	1850	0.45000045	0.15	4.0	100000.0
1664	704	0.28	0.15	4.0	100000.0
1913	701	0.36000036	0.15	4.0	100000.0
1489	785	0.41999979	0.15	4.0	100000.0
1452	1484	0.243750152	0.15	4.0	500.0
1581	1580	0.075	0.15	4.0	800.0
759	1356	1.73999913	0.15	4.0	100000.0
1322	1311	1.169999415	0.15	4.0	350.0
1882	712	0.48	0.15	4.0	100000.0
1322	1310	1.289999355	0.15	4.0	350.0
1618	1619	0.204255406	0.15	4.0	575.0
1348	757	1.52	0.15	4.0	100000.0
1500	1543	0.541935134	0.15	4.0	450.0
1556	1555	0.637500398	0.15	4.0	500.0
1668	1666	0.125	0.15	4.0	1600.0
1670	1653	0.30967722	0.15	4.0	2625.0
1866	1867	0.290909091	0.15	4.0	1650.0
1815	1989	0.135483784	0.15	4.0	1750.0
1902	1907	0.187499766	0.15	4.0	450.0
1583	1571	0.081818107	0.15	4.0	475.0
1618	1620	0.321428342	0.15	4.0	525.0
1583	1570	0.15483861	0.15	4.0	450.0
1643	1638	0.381818182	0.15	4.0	2000.0
1681	1431	0.581250363	0.15	4.0	2000.0
1879	1880	0.600000375	0.15	4.0	1800.0
1927	1928	0.248276033	0.15	4.0	1000.0
1318	674	1.994999003	0.15	4.0	100000.0
1618	1622	0.272727273	0.15	4.0	825.0
1287	1677	0.251612741	0.15	4.0	1750.0
1885	1845	0.077419305	0.15	4.0	1750.0
1554	917	0.36	0.15	4.0	100000.0
6408	6793	0.674999663	0.15	4.0	350.0
1668	1659	0.077419305	0.15	4.0	1750.0
1879	1881	0.093750059	0.15	4.0	1800.0
1845	840	0.87000087	0.15	4.0	100000.0
1456	1455	1.034042993	0.15	4.0	575.0
1864	1873	0.4	0.15	4.0	825.0
1556	1560	0.187500117	0.15	4.0	500.0
1691	721	0.8	0.15	4.0	100000.0
1866	1861	0.212903088	0.15	4.0	1750.0
1581	1576	0.175	0.15	4.0	800.0
1543	802	0.64	0.15	4.0	100000.0
1270	1269	0.814285133	0.15	4.0	525.0
1651	1594	0.102857202	0.15	4.0	1850.0
1271	771	0.569999715	0.15	4.0	100000.0
1606	1596	0.56128996	0.15	4.0	450.0
1666	1668	0.125	0.15	4.0	1600.0
1554	1575	0.116666667	0.15	4.0	925.0
1929	1918	0.345454545	0.15	4.0	1950.0
1841	1843	2.129998935	0.15	4.0	350.0
1604	1605	0.174193436	0.15	4.0	450.0
1500	1546	0.685714678	0.15	4.0	925.0
1253	1859	0.375000234	0.15	4.0	500.0
914	1549	0.78	0.15	4.0	100000.0
6805	1452	0.475	0.15	4.0	1300.0
1320	1319	1.934999033	0.15	4.0	350.0
1885	1851	0.251612741	0.15	4.0	1750.0
1454	1462	0.233333333	0.15	4.0	1850.0
1620	1617	0.107142781	0.15	4.0	525.0
1448	1495	0.130434726	0.15	4.0	1050.0
6117	1448	0.15	0.15	4.0	650.0
1602	1614	0.191489443	0.15	4.0	575.0
1430	1269	0.235714117	0.15	4.0	525.0
1285	1671	0.096774131	0.15	4.0	1750.0
1922	1806	0.309090909	0.15	4.0	2000.0
1906	913	0.24	0.15	4.0	100000.0
1491	1437	0.4	0.15	4.0	650.0
775	1585	0.9	0.15	4.0	100000.0
6363	1318	0.554999723	0.15	4.0	350.0
1579	1582	0.058064479	0.15	4.0	875.0
1285	1672	0.136363512	0.15	4.0	475.0
717	1276	0.51000051	0.15	4.0	100000.0
7392	1284	0.036363636	0.15	4.0	1900.0
1861	739	0.76	0.15	4.0	100000.0
1428	1605	0.909676832	0.15	4.0	450.0
1331	756	2.834998583	0.15	4.0	100000.0
1680	1263	0.131250082	0.15	4.0	2000.0
1904	1905	0.075	0.15	4.0	3200.0
1630	903	0.45000045	0.15	4.0	100000.0
1645	1644	0.036363636	0.15	4.0	1650.0
1620	1618	0.321428342	0.15	4.0	525.0
1864	1865	0.206250129	0.15	4.0	500.0
836	1995	0.7	0.15	4.0	100000.0
1506	1515	0.7	0.15	4.0	1850.0
1881	1877	0.46	0.15	4.0	550.0
6803	1449	0.0375	0.15	4.0	650.0
1525	1577	0.149999893	0.15	4.0	525.0
1483	1487	0.331915035	0.15	4.0	575.0
1350	758	1.109999445	0.15	4.0	100000.0
6801	1460	0.0375	0.15	4.0	650.0
773	1589	0.77999961	0.15	4.0	100000.0
1886	703	0.48000048	0.15	4.0	100000.0
1318	1319	0.914999543	0.15	4.0	350.0
1431	1432	0.6	0.15	4.0	1850.0
1881	1879	0.093750059	0.15	4.0	1800.0
1456	790	0.689999655	0.15	4.0	100000.0
1316	1331	0.919149327	0.15	4.0	575.0
7392	1285	0.145454545	0.15	4.0	1900.0
1605	1428	0.909676832	0.15	4.0	450.0
1864	1863	0.3000003	0.15	4.0	400.0
669	1843	3.47999826	0.15	4.0	100000.0
1837	1859	1.054545455	0.15	4.0	825.0
1097	1439	0.676596033	0.15	4.0	575.0
1431	1430	0.535713903	0.15	4.0	525.0
1688	6793	0.71999964	0.15	4.0	350.0
719	1259	0.24	0.15	4.0	100000.0
1881	1882	0.425806177	0.15	4.0	450.0
1862	1874	0.058064479	0.15	4.0	1750.0
7367	1558	0.516666667	0.15	4.0	1850.0
1914	1851	0.270967567	0.15	4.0	450.0
1562	1516	0.135483784	0.15	4.0	1750.0
1316	1333	0.618750387	0.15	4.0	500.0
7367	1559	0.2	0.15	4.0	1850.0
1878	795	0.42	0.15	4.0	100000.0
674	1320	1.304999348	0.15	4.0	100000.0
1517	1590	0.418604456	0.15	4.0	8325.0
1924	1806	0.225000141	0.15	4.0	1800.0
1435	1436	0.225	0.15	4.0	650.0
1268	1922	0.563636364	0.15	4.0	1950.0
1314	1335	0.618750387	0.15	4.0	500.0
1517	1591	0.135483784	0.15	4.0	1750.0
912	1912	0.18000018	0.15	4.0	100000.0
7396	1554	0.35	0.15	4.0	925.0
757	1348	1.52	0.15	4.0	100000.0
922	1857	0.4	0.15	4.0	100000.0
1622	1618	0.272727273	0.15	4.0	825.0
1237	1273	5.774997113	0.15	4.0	200.0
1498	6118	0.0625	0.15	4.0	650.0
1991	1270	1.264284811	0.15	4.0	525.0
1837	1842	0.740425847	0.15	4.0	575.0
1479	1480	1.454999273	0.15	4.0	350.0
1672	1660	0.354545132	0.15	4.0	475.0
1448	6117	0.15	0.15	4.0	650.0
1688	920	0.689999655	0.15	4.0	100000.0
1585	1531	0.554999723	0.15	4.0	350.0
1531	1507	0.309090909	0.15	4.0	1650.0
1902	1279	0.374999531	0.15	4.0	450.0
1504	1505	0.638709265	0.15	4.0	450.0
1528	705	0.64	0.15	4.0	100000.0
902	1644	0.18	0.15	4.0	100000.0
1479	1481	0.131250082	0.15	4.0	500.0
1464	778	0.869999565	0.15	4.0	100000.0
1641	1677	0.225000141	0.15	4.0	1800.0
771	1271	0.569999715	0.15	4.0	100000.0
1632	910	0.2	0.15	4.0	100000.0
1584	720	0.39000039	0.15	4.0	100000.0
1684	1603	0.621428128	0.15	4.0	525.0
1622	1626	0.145454545	0.15	4.0	825.0
6797	1505	0.309090909	0.15	4.0	1650.0
1592	1651	0.291428738	0.15	4.0	1850.0
1284	7392	0.036363636	0.15	4.0	1900.0
1462	782	0.74	0.15	4.0	100000.0
1977	1990	0.826666667	0.15	4.0	7950.0
1883	1884	0.92	0.15	4.0	550.0
1456	1470	0.370212923	0.15	4.0	575.0
918	1865	0.42	0.15	4.0	100000.0
728	1684	0.527999578	0.15	4.0	100000.0
1427	6715	0.374999813	0.15	4.0	350.0
918	1866	0.46	0.15	4.0	100000.0
1518	776	0.91199927	0.15	4.0	100000.0
798	1597	0.28	0.15	4.0	100000.0
1278	1529	0.074999906	0.15	4.0	450.0
759	1322	2.204998898	0.15	4.0	100000.0
1541	1463	0.306383109	0.15	4.0	575.0
1433	1434	0.689361995	0.15	4.0	575.0
6797	1503	0.218181818	0.15	4.0	1650.0
1612	1685	0.144827686	0.15	4.0	1750.0
1464	1098	1.736170952	0.15	4.0	1150.0
1341	678	1.22	0.15	4.0	100000.0
1910	1891	0.232257915	0.15	4.0	1750.0
1577	1576	0.712499109	0.15	4.0	450.0
1316	1317	1.965958283	0.15	4.0	575.0
1568	800	0.2	0.15	4.0	100000.0
900	1645	0.2	0.15	4.0	100000.0
1323	1106	3.764998118	0.15	4.0	350.0
6407	1690	0.584999708	0.15	4.0	350.0
1661	911	0.39000039	0.15	4.0	100000.0
1552	1553	0.066666667	0.15	4.0	925.0
1597	798	0.28	0.15	4.0	100000.0
1481	1479	0.131250082	0.15	4.0	500.0
1269	1430	0.235714117	0.15	4.0	525.0
1977	1995	0.109090909	0.15	4.0	1650.0
1582	718	0.48000048	0.15	4.0	100000.0
1908	1912	0.135483784	0.15	4.0	1750.0
1274	6807	1.097872808	0.15	4.0	575.0
1888	714	0.57000057	0.15	4.0	100000.0
1550	1563	0.436363636	0.15	4.0	825.0
6801	1489	0.1	0.15	4.0	650.0
1908	1910	0.135483784	0.15	4.0	1750.0
1310	1344	0.089999955	0.15	4.0	350.0
7366	1096	0.525	0.15	4.0	650.0
1628	1599	0.763636364	0.15	4.0	2000.0
1341	1331	1.436363636	0.15	4.0	825.0
1529	1530	0.262499672	0.15	4.0	450.0
728	1678	0.959999232	0.15	4.0	100000.0
700	1844	0.54000054	0.15	4.0	100000.0
1341	1330	0.781818182	0.15	4.0	825.0
791	1465	0.569999715	0.15	4.0	100000.0
1908	1909	0.245454322	0.15	4.0	475.0
1862	1853	0.327272727	0.15	4.0	1650.0
1481	1484	0.450000281	0.15	4.0	500.0
735	6713	1.454999273	0.15	4.0	100000.0
1895	838	0.66	0.15	4.0	100000.0
1592	1646	0.183333333	0.15	4.0	1850.0
1339	1340	0.510638515	0.15	4.0	575.0
713	1928	0.431999654	0.15	4.0	100000.0
1283	1671	0.058064479	0.15	4.0	1750.0
1480	670	0.989999505	0.15	4.0	100000.0
1453	782	0.5	0.15	4.0	100000.0
1848	1844	0.409090537	0.15	4.0	475.0
1557	1508	0.3	0.15	4.0	1850.0
707	1525	0.54	0.15	4.0	100000.0
1614	1518	0.674999663	0.15	4.0	200.0
6118	1492	0.0375	0.15	4.0	650.0
1426	1427	0.974999513	0.15	4.0	350.0
1574	1576	0.363636364	0.15	4.0	825.0
1595	1621	0.348386872	0.15	4.0	450.0
1476	1469	0.25	0.15	4.0	650.0
1906	1844	0.187499766	0.15	4.0	450.0
1852	840	0.36000036	0.15	4.0	100000.0
1673	1674	0.321428342	0.15	4.0	525.0
6118	1494	0.175	0.15	4.0	650.0
1599	1600	0.4	0.15	4.0	1950.0
1525	707	0.54	0.15	4.0	100000.0
1848	1847	0.245454322	0.15	4.0	475.0
1342	1236	2.669998665	0.15	4.0	200.0
1284	912	0.3000003	0.15	4.0	100000.0
1873	1864	0.4	0.15	4.0	825.0
1460	6804	0.0375	0.15	4.0	650.0
1549	1559	0.454545455	0.15	4.0	1650.0
6118	1498	0.0625	0.15	4.0	650.0
1326	1325	6.569996715	0.15	4.0	350.0
1501	1500	1.131429218	0.15	4.0	925.0
1278	1277	0.224999719	0.15	4.0	450.0
1625	1624	0.033333333	0.15	4.0	1850.0
6715	1427	0.374999813	0.15	4.0	350.0
723	1430	0.863999309	0.15	4.0	100000.0
1871	1872	0.21818162	0.15	4.0	475.0
1460	6801	0.0375	0.15	4.0	650.0
1580	1540	0.25	0.15	4.0	800.0
1898	1897	0.354545132	0.15	4.0	950.0
1921	1920	0.168750105	0.15	4.0	1800.0
679	1359	2.489998755	0.15	4.0	100000.0
6807	6808	0.114893666	0.15	4.0	575.0
1328	1311	1.244999378	0.15	4.0	350.0
1625	1626	0.290909091	0.15	4.0	825.0
1326	1324	1.994999003	0.15	4.0	350.0
6796	1464	0.217021369	0.15	4.0	1150.0
1921	1923	0.541935134	0.15	4.0	1750.0
1579	720	0.33000033	0.15	4.0	100000.0
6805	6806	0.0625	0.15	4.0	1300.0
1328	1309	1.289999355	0.15	4.0	200.0
1527	706	0.215999827	0.15	4.0	100000.0
1282	912	0.27000027	0.15	4.0	100000.0
796	1507	0.98	0.15	4.0	100000.0
1503	6409	0.689999655	0.15	4.0	350.0
1994	1996	0.145454545	0.15	4.0	1650.0
1451	785	0.824999588	0.15	4.0	100000.0
1593	1627	0.166666667	0.15	4.0	1850.0
1443	1486	0.320689545	0.15	4.0	4800.0
1255	921	0.74	0.15	4.0	100000.0
1675	1674	0.21818162	0.15	4.0	475.0
1968	6402	0.548275673	0.15	4.0	4800.0
1515	776	0.551999558	0.15	4.0	100000.0
1865	918	0.42	0.15	4.0	100000.0
1863	1257	0.75000075	0.15	4.0	400.0
1896	1912	0.058064479	0.15	4.0	1750.0
796	1504	0.64	0.15	4.0	100000.0
724	1270	0.839999328	0.15	4.0	100000.0
1574	1572	0.109090909	0.15	4.0	825.0
896	1605	0.704999648	0.15	4.0	100000.0
1639	901	0.215999827	0.15	4.0	100000.0
1586	6409	0.806250504	0.15	4.0	500.0
1581	705	0.4	0.15	4.0	100000.0
1549	1550	0.309090909	0.15	4.0	1650.0
701	1900	0.39000039	0.15	4.0	100000.0
725	1429	0.509999745	0.15	4.0	100000.0
1923	1919	0.077419305	0.15	4.0	1750.0
701	1899	0.45000045	0.15	4.0	100000.0
1605	896	0.704999648	0.15	4.0	100000.0
1650	1649	0.077419305	0.15	4.0	1750.0
1253	1252	1.237500773	0.15	4.0	500.0
1627	1621	0.135483784	0.15	4.0	450.0
1474	1465	0.5	0.15	4.0	650.0
892	1626	0.359999712	0.15	4.0	100000.0
1262	708	0.63000063	0.15	4.0	100000.0
1873	1850	0.464515829	0.15	4.0	875.0
703	1886	0.48000048	0.15	4.0	100000.0
674	1236	1.394999303	0.15	4.0	100000.0
1324	1327	0.809999595	0.15	4.0	350.0
1291	1686	0.160975688	0.15	4.0	8850.0
1923	1921	0.541935134	0.15	4.0	1750.0
1094	1334	4.621278562	0.15	4.0	575.0
7396	1552	0.466666667	0.15	4.0	925.0
1355	1348	1.31999934	0.15	4.0	350.0
1478	1480	0.224999888	0.15	4.0	350.0
1526	1525	0.407142566	0.15	4.0	525.0
1627	1624	0.066666667	0.15	4.0	1850.0
1117	1690	0.255319258	0.15	4.0	1150.0
1324	1326	1.994999003	0.15	4.0	350.0
1677	1676	0.381817835	0.15	4.0	475.0
1455	1446	0.319149072	0.15	4.0	575.0
1274	1273	3.989998005	0.15	4.0	200.0
1539	1589	0.587234292	0.15	4.0	575.0
1491	6117	0.0625	0.15	4.0	650.0
1652	1653	0.10909081	0.15	4.0	475.0
898	1620	0.263999789	0.15	4.0	100000.0
1692	771	0.41999979	0.15	4.0	100000.0
1267	1804	0.439024604	0.15	4.0	8850.0
919	1669	0.21000021	0.15	4.0	100000.0
916	1522	0.86	0.15	4.0	100000.0
1547	1548	0.163636364	0.15	4.0	1650.0
1900	1897	0.262499672	0.15	4.0	450.0
1925	1926	0.124138017	0.15	4.0	1750.0
1691	1271	0.8	0.15	4.0	825.0
1869	1868	0.272727273	0.15	4.0	1650.0
6406	6407	0.569999715	0.15	4.0	350.0
1478	7342	1.07999946	0.15	4.0	350.0
1570	921	0.8	0.15	4.0	100000.0
1308	750	2.429998785	0.15	4.0	100000.0
1359	679	2.489998755	0.15	4.0	100000.0
1572	1573	0.145454545	0.15	4.0	825.0
1572	1574	0.109090909	0.15	4.0	825.0
1808	731	0.695999443	0.15	4.0	100000.0
1690	1117	0.255319258	0.15	4.0	1150.0
1453	1451	0.11250007	0.15	4.0	500.0
1645	1524	0.193548262	0.15	4.0	1750.0
1692	1432	0.689361995	0.15	4.0	1150.0
1453	1452	0.693750434	0.15	4.0	500.0
1872	700	0.48000048	0.15	4.0	100000.0
1259	1846	0.112499859	0.15	4.0	450.0
1673	709	0.719999424	0.15	4.0	100000.0
898	1623	0.359999712	0.15	4.0	100000.0
1844	1848	0.409090537	0.15	4.0	475.0
1595	1596	0.425806177	0.15	4.0	450.0
666	1275	2.414998793	0.15	4.0	100000.0
1255	1869	0.290909091	0.15	4.0	825.0
1604	726	0.88	0.15	4.0	100000.0
1931	1883	0.54	0.15	4.0	550.0
1533	1615	0.192857005	0.15	4.0	525.0
6802	1448	0.775	0.15	4.0	650.0
1570	1583	0.15483861	0.15	4.0	450.0
1282	909	0.12000012	0.15	4.0	100000.0
1907	716	0.24000024	0.15	4.0	100000.0
6802	1449	0.0375	0.15	4.0	650.0
1464	6796	0.217021369	0.15	4.0	1150.0
6800	1447	0.074999963	0.15	4.0	350.0
1871	1848	0.21818162	0.15	4.0	475.0
1507	796	0.98	0.15	4.0	100000.0
736	1842	1.31999934	0.15	4.0	100000.0
1869	1858	0.290909091	0.15	4.0	825.0
1545	1547	0.36	0.15	4.0	7950.0
1335	756	1.25999937	0.15	4.0	100000.0
1445	1493	0.3875	0.15	4.0	650.0
708	1674	0.93000093	0.15	4.0	100000.0
1451	1459	0.318750199	0.15	4.0	500.0
1900	1911	0.136363512	0.15	4.0	475.0
1306	754	2.33999883	0.15	4.0	100000.0
1509	783	0.78	0.15	4.0	100000.0
1863	907	0.3000003	0.15	4.0	100000.0
705	1528	0.64	0.15	4.0	100000.0
1867	1868	0.363636364	0.15	4.0	1650.0
1902	913	0.28	0.15	4.0	100000.0
1559	7367	0.2	0.15	4.0	1850.0
1276	1256	0.381817835	0.15	4.0	475.0
1809	1884	0.187500117	0.15	4.0	500.0
1258	718	0.24000024	0.15	4.0	100000.0
1925	1929	0.236363636	0.15	4.0	1950.0
1451	1453	0.11250007	0.15	4.0	500.0
1652	1657	0.149999813	0.15	4.0	450.0
1489	6801	0.1	0.15	4.0	650.0
6713	7368	1.748936914	0.15	4.0	575.0
1428	1429	0.809999595	0.15	4.0	200.0
1276	1258	0.163636215	0.15	4.0	475.0
1859	1253	0.375000234	0.15	4.0	500.0
1647	1523	0.034285734	0.15	4.0	1850.0
1927	1261	0.218181818	0.15	4.0	1900.0
1476	1475	0.3	0.15	4.0	650.0
1629	1635	0.085714224	0.15	4.0	525.0
1257	1863	0.75000075	0.15	4.0	400.0
1359	1347	0.408510812	0.15	4.0	575.0
1867	1866	0.290909091	0.15	4.0	1650.0
1534	801	0.263999789	0.15	4.0	100000.0
1482	1436	0.6625	0.15	4.0	650.0
1668	909	0.36	0.15	4.0	100000.0
1274	1275	3.472341903	0.15	4.0	575.0
1280	909	0.2	0.15	4.0	100000.0
1896	1281	0.116128957	0.15	4.0	1750.0
1911	703	0.27000027	0.15	4.0	100000.0
740	1481	0.82	0.15	4.0	100000.0
799	1624	0.503999597	0.15	4.0	100000.0
1522	1527	0.171428449	0.15	4.0	525.0
1320	674	1.304999348	0.15	4.0	100000.0
1445	1441	0.4375	0.15	4.0	650.0
1844	1907	0.187499766	0.15	4.0	450.0
1616	892	0.191999846	0.15	4.0	100000.0
1345	1346	4.274997863	0.15	4.0	200.0
838	1895	0.66	0.15	4.0	100000.0
705	1577	0.6	0.15	4.0	100000.0
6803	1542	0.4375	0.15	4.0	650.0
1672	906	0.119999904	0.15	4.0	100000.0
1541	6800	1.004999498	0.15	4.0	350.0
1445	786	0.404999798	0.15	4.0	100000.0
1850	1873	0.464515829	0.15	4.0	875.0
1844	1906	0.187499766	0.15	4.0	450.0
6795	1589	0.536170441	0.15	4.0	575.0
1890	1893	0.131250082	0.15	4.0	1800.0
1305	1323	5.27999736	0.15	4.0	200.0
1332	1338	0.884999558	0.15	4.0	200.0
1593	1592	0.116666667	0.15	4.0	1850.0
1493	1497	0.156521671	0.15	4.0	1050.0
1892	1886	0.077419305	0.15	4.0	1750.0
1543	1544	1.122579921	0.15	4.0	450.0
1506	1588	0.262500164	0.15	4.0	2000.0
1541	6798	0.809999595	0.15	4.0	350.0
1345	1349	1.469999265	0.15	4.0	200.0
703	1911	0.27000027	0.15	4.0	100000.0
1577	705	0.6	0.15	4.0	100000.0
1688	6715	0.41999979	0.15	4.0	350.0
705	1581	0.4	0.15	4.0	100000.0
1468	1473	0.113793064	0.15	4.0	4800.0
1877	1881	0.46	0.15	4.0	550.0
1428	722	0.449999775	0.15	4.0	100000.0
1437	1491	0.4	0.15	4.0	650.0
671	7343	0.509999745	0.15	4.0	100000.0
1552	683	0.28	0.15	4.0	100000.0
1631	1632	0.15	0.15	4.0	2400.0
1631	1633	0.299999625	0.15	4.0	450.0
1332	1333	1.91999904	0.15	4.0	200.0
728	1607	0.791999366	0.15	4.0	100000.0
1681	1680	0.300000188	0.15	4.0	2000.0
1474	1435	0.2375	0.15	4.0	650.0
730	1920	0.81000081	0.15	4.0	100000.0
1915	1916	0.868966117	0.15	4.0	1000.0
1330	1341	0.781818182	0.15	4.0	825.0
1600	728	0.671999462	0.15	4.0	100000.0
1888	1914	1.172726207	0.15	4.0	475.0
1899	701	0.45000045	0.15	4.0	100000.0
730	1919	0.9000009	0.15	4.0	100000.0
1518	1521	0.225000141	0.15	4.0	1800.0
785	1451	0.824999588	0.15	4.0	100000.0
1452	6805	0.475	0.15	4.0	1300.0
1470	1456	0.370212923	0.15	4.0	575.0
587	1265	0.57000057	0.15	4.0	100000.0
1894	1882	0.580644787	0.15	4.0	450.0
921	1255	0.74	0.15	4.0	100000.0
1852	1851	0.329032046	0.15	4.0	1750.0
1988	1989	0.327272727	0.15	4.0	2000.0
1852	1853	0.090909091	0.15	4.0	1650.0
1332	673	0.89999955	0.15	4.0	100000.0
1282	1281	0.096774131	0.15	4.0	2625.0
921	1254	0.86	0.15	4.0	100000.0
1268	723	0.695999443	0.15	4.0	100000.0
1484	741	1.484999258	0.15	4.0	100000.0
1347	1348	2.493751559	0.15	4.0	500.0
1437	7371	0.5375	0.15	4.0	650.0
1679	1678	0.364285454	0.15	4.0	525.0
1660	1640	0.32727243	0.15	4.0	475.0
1497	1485	0.186206832	0.15	4.0	4800.0
751	1309	1.97999901	0.15	4.0	100000.0
1604	1683	0.270967567	0.15	4.0	450.0
1679	1680	0.128571337	0.15	4.0	525.0
587	1915	0.24000024	0.15	4.0	100000.0
1286	1262	0.072727273	0.15	4.0	1900.0
1633	1631	0.299999625	0.15	4.0	450.0
1307	1308	3.374998313	0.15	4.0	350.0
1570	1555	1.083870268	0.15	4.0	450.0
7371	1455	0.8125	0.15	4.0	650.0
1848	1871	0.21818162	0.15	4.0	475.0
1645	900	0.2	0.15	4.0	100000.0
1875	1880	0.235714117	0.15	4.0	525.0
1466	1472	0.374999813	0.15	4.0	350.0
1340	1275	1.187234548	0.15	4.0	575.0
802	1506	1.4	0.15	4.0	100000.0
6794	1099	0.127659629	0.15	4.0	575.0
6794	1426	0.702127958	0.15	4.0	575.0
1892	1901	0.036363636	0.15	4.0	1650.0
781	1466	1.934999033	0.15	4.0	100000.0
1591	1592	0.472727273	0.15	4.0	2000.0
707	1574	0.3	0.15	4.0	100000.0
1568	1564	0.636363636	0.15	4.0	1000.0
1804	1805	0.655813648	0.15	4.0	8325.0
6118	6117	0.05	0.15	4.0	650.0
1915	1928	0.165517356	0.15	4.0	1000.0
1656	1657	0.35	0.15	4.0	2400.0
1520	1519	0.345454545	0.15	4.0	1000.0
1647	902	0.14	0.15	4.0	100000.0
1255	1257	0.690909091	0.15	4.0	825.0
1330	673	1.349999325	0.15	4.0	100000.0
1875	1876	0.578571015	0.15	4.0	525.0
1529	1278	0.074999906	0.15	4.0	450.0
1508	1557	0.3	0.15	4.0	1850.0
911	1671	0.48000048	0.15	4.0	100000.0
1683	1684	0.257142673	0.15	4.0	525.0
1349	1345	1.469999265	0.15	4.0	200.0
1869	1255	0.290909091	0.15	4.0	825.0
1566	1562	0.454545455	0.15	4.0	1000.0
726	1603	0.34	0.15	4.0	100000.0
1330	1329	0.709090909	0.15	4.0	825.0
1270	1991	1.264284811	0.15	4.0	525.0
1894	1895	1.281817017	0.15	4.0	475.0
1564	915	0.28	0.15	4.0	100000.0
1612	1266	0.395122144	0.15	4.0	8850.0
703	1891	0.21000021	0.15	4.0	100000.0
1658	1661	0.058064479	0.15	4.0	2625.0
1995	836	0.7	0.15	4.0	100000.0
1349	1348	4.004997998	0.15	4.0	200.0
1679	727	0.407999674	0.15	4.0	100000.0
1347	1359	0.408510812	0.15	4.0	575.0
1271	6406	0.134999933	0.15	4.0	350.0
1472	1470	0.995745105	0.15	4.0	575.0
1516	1517	0.851162395	0.15	4.0	8325.0
1271	6405	0.254545455	0.15	4.0	825.0
1314	757	2.12	0.15	4.0	100000.0
1447	789	1.814999093	0.15	4.0	100000.0
7343	671	0.509999745	0.15	4.0	100000.0
1582	7364	0.096774131	0.15	4.0	875.0
1635	1629	0.085714224	0.15	4.0	525.0
1531	1588	0.281250176	0.15	4.0	2000.0
1928	713	0.431999654	0.15	4.0	100000.0
1850	1849	0.406451351	0.15	4.0	875.0
1355	1315	0.914999543	0.15	4.0	350.0
1472	1466	0.374999813	0.15	4.0	350.0
1510	1545	0.56	0.15	4.0	7950.0
1620	898	0.263999789	0.15	4.0	100000.0
892	1616	0.191999846	0.15	4.0	100000.0
892	1617	0.31199975	0.15	4.0	100000.0
6401	1976	0.351724017	0.15	4.0	4800.0
1305	1306	4.364997818	0.15	4.0	200.0
1257	1256	0.174193436	0.15	4.0	875.0
1921	1916	0.227586364	0.15	4.0	1000.0
1447	784	0.83999958	0.15	4.0	100000.0
1629	1669	0.054545405	0.15	4.0	475.0
1257	1255	0.690909091	0.15	4.0	825.0
728	1600	0.671999462	0.15	4.0	100000.0
911	1660	0.24000024	0.15	4.0	100000.0
1499	1455	1.754999123	0.15	4.0	350.0
1470	7372	0.689999655	0.15	4.0	350.0
894	1593	0.2	0.15	4.0	100000.0
1106	1323	3.764998118	0.15	4.0	350.0
911	1661	0.39000039	0.15	4.0	100000.0
1595	894	0.22	0.15	4.0	100000.0
1351	1346	3.494998253	0.15	4.0	200.0
1600	1685	0.345454545	0.15	4.0	1950.0
1470	1472	0.995745105	0.15	4.0	575.0
1996	1968	0.558620497	0.15	4.0	4800.0
1328	1327	3.53999823	0.15	4.0	350.0
7342	1478	1.07999946	0.15	4.0	350.0
701	1913	0.36000036	0.15	4.0	100000.0
1847	716	0.24000024	0.15	4.0	100000.0
1568	1536	0.490909091	0.15	4.0	1000.0
1992	1991	0.471428235	0.15	4.0	525.0
730	1916	0.42000042	0.15	4.0	100000.0
1568	1538	0.096774131	0.15	4.0	1750.0
1635	1640	0.342856898	0.15	4.0	525.0
1654	704	0.24	0.15	4.0	100000.0
1873	1872	0.299999727	0.15	4.0	475.0
1842	6808	0.919149327	0.15	4.0	575.0
1927	1876	0.127272727	0.15	4.0	1900.0
1659	7393	0.15483861	0.15	4.0	2625.0
1557	787	0.44	0.15	4.0	100000.0
1635	1639	0.321428342	0.15	4.0	525.0
1919	1923	0.077419305	0.15	4.0	1750.0
1441	1477	0.1	0.15	4.0	650.0
1564	1568	0.636363636	0.15	4.0	1000.0
1430	723	0.863999309	0.15	4.0	100000.0
1994	1970	0.925	0.15	4.0	1300.0
1622	893	0.44	0.15	4.0	100000.0
1493	1492	0.3	0.15	4.0	650.0
909	1668	0.36	0.15	4.0	100000.0
726	1604	0.88	0.15	4.0	100000.0
1564	1565	0.240000137	0.15	4.0	925.0
894	1594	0.42	0.15	4.0	100000.0
1683	1682	0.857142245	0.15	4.0	525.0
1432	1692	0.689361995	0.15	4.0	1150.0
1351	1350	3.1125	0.15	4.0	650.0
1284	1910	0.163636364	0.15	4.0	1900.0
1438	672	1.514999243	0.15	4.0	100000.0
1432	1691	0.618181818	0.15	4.0	825.0
1532	772	0.449999775	0.15	4.0	100000.0
894	1595	0.22	0.15	4.0	100000.0
1597	1535	0.109090909	0.15	4.0	2000.0
