iteration 	 master_max 	 master_avg 	subnet_0_max 	 subnet_0_avg 	subnet_1_max 	 subnet_1_avg 	full_max 	 full_avg
0	9.578433239028072E-4	1.9918425664163428E-4	589.4676299540333	52.974421110335356	999.5937252504118	77.83359933929569	1885.6556631323	854.663335794493
1	9.727906654006802E-4	1.9908528406631376E-4	298.39238564232073	11.729805930355042	312.6113835805518	10.106104873144169	818.3403153558902	345.00062823173874
2	9.281012426072266E-4	1.823686829993676E-4	190.28565910978796	5.088592134888313	189.16322766233134	4.77401314674386	430.6636033852501	213.98975388788423
3	9.134443025686778E-4	1.790444640240215E-4	1.319725133218526	0.10846696392123052	0.7849490682556279	0.15802383617640317	301.5145032245273	143.6536795998422
4	9.92042652796954E-4	1.9241857413968924E-4	0.08144991833341919	0.010891442922966548	0.07837140580750201	0.011995049223763224	226.16618752466184	114.27167909507902
5	9.788231081984122E-4	1.969886363895057E-4	0.008202880180760985	0.0012445870125489937	0.011824760114450328	0.0014215871134224884	171.09241607100557	83.28161222507366
6	9.96046060208755E-4	1.9857244183185685E-4	9.917055931509822E-4	1.983652454238395E-4	9.962476615328342E-4	1.466189934958425E-4	130.7954424804484	63.96022314824439
7	9.57682228545309E-4	1.914844807136736E-4	9.786267000890803E-4	2.0109685848248253E-4	9.80379838438239E-4	1.480637461749471E-4	101.10495341299247	48.24549393123129
8	9.192628385790158E-4	1.8770227704105005E-4	9.865679694485152E-4	1.8615750421805137E-4	9.938275579770561E-4	1.3402194806467883E-4	79.94486071779284	37.55529893196693
9	9.422526100024697E-4	1.8825822758117283E-4	9.926367456500884E-4	2.0094895686187638E-4	9.93431378446985E-4	1.5565144700443713E-4	64.8892010353793	29.05207524671937
10	9.543363139528083E-4	2.713083147985647E-4	9.827638241404202E-4	1.9568883246780816E-4	9.922491040015302E-4	1.5972314872669813E-4	60.03143505008484	26.915747970446677
11	9.700643367978046E-4	1.942326539392525E-4	9.954914457921404E-4	2.064002770192233E-4	9.670706604083534E-4	1.4482965452375737E-4	56.48492842668111	24.48615360950962
12	9.76085086222156E-4	1.9241066320319078E-4	9.966359320969786E-4	2.0396707189858306E-4	9.786718219402246E-4	1.423773634627835E-4	52.94938582629129	22.029608867160853
13	9.573976185492938E-4	1.881293897743793E-4	9.894245631585363E-4	2.1485833724290242E-4	9.800007646845188E-4	1.446285263708874E-4	49.50514517757347	20.084995983117977
14	9.071300219147815E-4	1.7923705922839872E-4	9.817843665587134E-4	1.9950403396121275E-4	9.968604244932067E-4	1.552459429667863E-4	46.20598251447336	18.727696267221102
15	8.674216369399801E-4	1.7337755487763692E-4	9.908705978887156E-4	1.6773369590147332E-4	9.94951206848782E-4	1.3601404958325686E-4	43.08235935847915	16.791796382371068
16	8.654227640363388E-4	1.6868524267010798E-4	9.881699152174406E-4	1.672185229889184E-4	9.99990887066815E-4	1.385991689329892E-4	40.146286942797815	15.605603850524016
17	9.914021648000926E-4	1.893377381444831E-4	9.94273586456984E-4	1.7191983254240376E-4	9.800967563933227E-4	1.442823309715285E-4	37.38953016935102	14.587189926280919
18	9.531059922665008E-4	1.8495232234272407E-4	9.82624646894692E-4	1.7920869050010732E-4	9.858628691290505E-4	1.4766161254136441E-4	34.88750868881198	13.362689265891886
19	9.016945596158621E-4	1.8004837670559937E-4	9.939306655724067E-4	1.8531399734279653E-4	9.711931247693428E-4	1.676636459920059E-4	32.540322486766854	12.505147908931214
20	9.359073301311582E-4	1.83322459027598E-4	9.898840726236813E-4	1.7167697165626345E-4	9.869985142358928E-4	1.6991111913109937E-4	30.29678015983518	11.359553078300396
21	9.997134520745021E-4	1.8892878097176435E-4	9.931149834301323E-4	1.8498468757446074E-4	9.906215855153278E-4	1.439921326416218E-4	28.22737739832246	9.839231273653102
22	9.668597876952845E-4	1.9270032521490066E-4	9.953714288712945E-4	1.7125740713709093E-4	9.933152396115474E-4	1.740672892260875E-4	26.35791631478969	9.276349664903131
23	9.465957482461818E-4	1.9257179314990935E-4	9.728011427796446E-4	1.688883437206338E-4	9.90541222563479E-4	1.5819527130389588E-4	24.564896463545665	8.367738798055296
24	9.812206062633777E-4	1.9073576959272032E-4	9.967710484488634E-4	1.842460020498038E-4	9.993510284402873E-4	1.5509262037854708E-4	22.915212407801846	7.350600506256261
25	9.185975650325418E-4	1.8193488707159608E-4	9.919790850290156E-4	1.8557112750349424E-4	9.875792675302364E-4	1.43838462484134E-4	21.42880272963066	6.679287672408583
26	8.990721016743919E-4	1.7792164567254076E-4	9.918410269165179E-4	1.7582110857590236E-4	9.98296178295277E-4	1.5809315264700023E-4	20.041743154175492	6.115307332023884
27	9.859309402600047E-4	1.912352248988706E-4	9.841793071245775E-4	2.0293338370222096E-4	9.915170376189053E-4	1.344690075433418E-4	18.72196138614254	5.8017210845170935
28	9.416600196345826E-4	1.8533591097972627E-4	9.886577063298319E-4	1.8301018336215575E-4	9.850841606748872E-4	1.5527575613560884E-4	17.541129537128654	5.410330046535879
29	9.738899707372184E-4	2.1936697036532374E-4	9.800705342968286E-4	1.8095214761459618E-4	9.892959642456844E-4	1.6236553318721593E-4	16.437521128314984	4.8874398954586775
30	9.650886786403134E-4	1.9324395536083708E-4	9.948257029464003E-4	1.898216692097776E-4	9.746534524310846E-4	1.518080753293592E-4	15.415598356748887	4.715522323657332
31	9.331395267508924E-4	1.757549636446735E-4	9.919196545524755E-4	1.8767323088356272E-4	9.987923094740836E-4	1.556851436749069E-4	14.467364697715311	4.373743968917617
32	9.874607276287861E-4	1.8810429620922756E-4	9.870346038951539E-4	1.9566519373435934E-4	9.971693148145278E-4	1.5795281345778195E-4	13.587918700650334	4.123137390128293
33	9.447753000131343E-4	1.80554778125952E-4	9.862681554295705E-4	2.0897089067651954E-4	9.940833733708132E-4	1.6297967433762307E-4	12.749278477464031	3.6530064610489603
34	9.696981123852311E-4	1.8710480056446008E-4	9.95686226815451E-4	2.2144309554611205E-4	9.908202628139406E-4	1.7896524742114066E-4	11.976263297899095	3.455871483184973
35	9.166006202576682E-4	1.8708629651579636E-4	9.994345382438041E-4	2.583352160766467E-4	9.901267198983987E-4	1.8816748701868034E-4	11.28172372330664	3.539957525898634
36	9.428259218111634E-4	1.832407647270884E-4	9.850281130638905E-4	2.2505741708621018E-4	9.90389205981046E-4	1.765857820698459E-4	10.633282546121336	3.3716186229168317
37	9.983086774809635E-4	1.794725734877526E-4	9.733376991789555E-4	2.73869499013427E-4	9.566915286995936E-4	2.0110868851681016E-4	10.030449154898633	3.370813685978058
38	9.725685013108887E-4	1.8675801121995997E-4	9.983984641621646E-4	2.795715334634545E-4	9.945533602149226E-4	2.1048503835760022E-4	9.469959743961226	3.3775425493918325
39	9.720721054691239E-4	1.8965144242126067E-4	9.967244768631645E-4	2.517043314225832E-4	9.770193573785946E-4	2.6370460629247344E-4	8.949173592362968	3.3646345795813235
40	9.49593400946469E-4	1.939389862097111E-4	9.613749534764793E-4	2.1453177172153234E-4	9.888565346045652E-4	2.4612222436449626E-4	8.464794530988911	3.3468106072406782
41	9.314696508226916E-4	1.8290881143911975E-4	9.757771222211886E-4	1.7278236739105227E-4	9.575397452863399E-4	2.3048267772698156E-4	8.013617874613374	3.3295696802397736
42	9.606481326045468E-4	1.8468228320974353E-4	9.963943039110745E-4	1.4976309284975287E-4	9.678811256890185E-4	2.4219958047161936E-4	7.593806748629504	3.3262887611164924
43	9.60166726144962E-4	2.2638726666931083E-4	9.944725588866277E-4	1.3270939399336458E-4	9.791065276658628E-4	2.2243023771742238E-4	7.202973082175049	3.2603191213051597
44	9.558937599649653E-4	1.905236113088904E-4	9.868358974927105E-4	2.422028251971888E-4	9.660624964453746E-4	2.1749340427481328E-4	6.838073394311323	3.2213477349639614
45	9.450837669646717E-4	1.8707812114371336E-4	9.754673956194893E-4	1.5738066152747566E-4	9.970876380975824E-4	2.1701217569399938E-4	6.592646006967698	3.247304519996304
46	9.041792291100137E-4	1.7172612281986707E-4	9.931446857081028E-4	1.7283045974927984E-4	9.828738147916738E-4	2.4243797176109496E-4	6.682633992750198	3.197826061382655
47	9.97578928945586E-4	1.9597497339418624E-4	9.96214652332128E-4	1.6533801677572532E-4	9.903120817398303E-4	2.1837501118195538E-4	6.745748038105376	3.192768615989794
48	8.993292995000957E-4	1.7359510085649768E-4	9.860958880381077E-4	1.6568682704737033E-4	9.929808106790006E-4	1.9892644110232373E-4	6.801593082120235	3.130746398942587
49	9.981730618164875E-4	1.9455827706830556E-4	9.87060193438083E-4	1.607649784202108E-4	9.511756361462176E-4	1.9812992307131273E-4	6.8350707541103475	3.158928395128012
50	9.529233211651444E-4	1.8563683897809824E-4	9.894309296214487E-4	1.5771737395635471E-4	9.928329827744165E-4	1.8606169698579856E-4	6.852920138335321	3.080973245128585
51	9.954369834304089E-4	1.828526408947558E-4	9.892901725834236E-4	1.8970086272323292E-4	9.98197974240611E-4	2.0880129539892624E-4	6.851563854681444	2.868933502370378
52	9.443170756640029E-4	1.808277193807347E-4	9.89858639513841E-4	1.6290669306074097E-4	9.640055550335092E-4	1.7456978775953758E-4	6.857921621201967	2.9423723793733654
53	9.632302462705411E-4	1.8523909072124903E-4	9.947120820470445E-4	1.6206120685106348E-4	9.926777793225483E-4	1.7066481214556006E-4	6.830024809700262	2.9350394840586227
54	9.267588466173038E-4	1.7961628517089898E-4	9.8634624373517E-4	1.548658965209863E-4	9.798433229661896E-4	1.8447129205539497E-4	6.794674492579361	2.90537768548047
55	9.762133413460106E-4	1.7925741781255056E-4	9.776520337254624E-4	1.6773629925280278E-4	9.984124035327113E-4	1.6823149429875264E-4	6.761774822240113	2.801483829860013
56	9.378714721606229E-4	1.895421754246248E-4	9.96413997199852E-4	1.6898121365298917E-4	9.852662260527723E-4	1.779450403598905E-4	6.724750676672556	2.7938135506269304
57	9.999109606724232E-4	1.9489398937366786E-4	9.951849297067383E-4	1.500541923028801E-4	9.945087840605993E-4	1.8774021291333972E-4	6.6727487422394915	2.756593063970385
58	9.849914931692183E-4	1.9388883636869045E-4	9.882313206617255E-4	1.5946173171668508E-4	9.787397098079964E-4	1.7994747835634565E-4	6.615561025762872	2.694439098365338
59	9.174723381875083E-4	1.768162046573707E-4	9.997398583436734E-4	1.5663141472599252E-4	9.888231224977062E-4	1.8014918023604527E-4	6.552334816617076	2.735440100355659
60	9.47271917539183E-4	1.9458523646183798E-4	9.893916221699328E-4	1.6061255792600924E-4	9.750537506079127E-4	1.6748906072905356E-4	6.4691481115005445	2.6500857012532033
61	9.99007788777817E-4	2.0063579904672224E-4	9.84249018074479E-4	1.7230610618030486E-4	9.973546912078746E-4	1.855038643725493E-4	6.400739630640601	2.5892424009847637
62	9.536870493320748E-4	1.8687174921675856E-4	9.99848179617402E-4	1.7623652261785798E-4	9.454764731344767E-4	1.795715024229594E-4	6.322926212000311	2.5423221936098783
63	9.8830256229121E-4	1.9269292253435802E-4	9.967320183932316E-4	2.1528166878548896E-4	9.967994992621243E-4	1.9349461223473787E-4	6.2510466007952346	2.4303576148472517
64	9.084596968023106E-4	1.7725851489558409E-4	9.855815951596014E-4	1.641220321891831E-4	9.642983609410294E-4	1.920900099262385E-4	6.169166785606649	2.4894109787802035
65	9.523480839561671E-4	1.8346157897516E-4	9.870506619336084E-4	1.69876635485022E-4	9.53858056163881E-4	1.866029220812044E-4	6.071659036111669	2.4606035691854298
66	9.787886156118475E-4	1.9209282368137792E-4	9.935102934832685E-4	1.659666250969923E-4	9.670138242654502E-4	1.863744683795595E-4	5.9890638168290025	2.4177812362530067
67	9.93553475382214E-4	1.9265984011932838E-4	9.771036216079665E-4	1.6390436334595985E-4	9.894599088511313E-4	1.868930566246263E-4	5.8949735372152645	2.3566758610153946
68	9.916679991874844E-4	1.90414688177043E-4	9.84660522590275E-4	1.518727355566322E-4	9.914597912938916E-4	1.9791861883253683E-4	5.8046989714493975	2.3420429310339
69	9.694592754385667E-4	1.830592705118761E-4	9.850398596427112E-4	1.7070896389046348E-4	9.712885912449565E-4	2.1461055961815044E-4	5.717566435399931	2.3220424778429356
70	9.560322723700665E-4	1.9201287788443247E-4	9.916101080307271E-4	1.6169154109715427E-4	9.412340514245443E-4	1.808934078639282E-4	5.621596357173985	2.2966860407780008
71	9.643350203987211E-4	1.818717080368515E-4	9.901500848172873E-4	1.82501672491829E-4	9.735250196172274E-4	1.9920686536636367E-4	5.533479758363683	2.180292252314815
72	9.16048426006455E-4	1.7954653867491288E-4	9.869120517578267E-4	1.7885022840649373E-4	9.985291576413147E-4	1.99364357324346E-4	5.439678371374612	2.1687462788629572
73	9.997773477152805E-4	1.8682945687942265E-4	9.922475073835813E-4	1.6376641883653065E-4	9.710281392472098E-4	1.711136797646621E-4	5.349203637561004	2.193417128166274
74	9.850778405962046E-4	1.9043630209125695E-4	9.95577408502868E-4	1.7031088495849346E-4	9.694979544292437E-4	1.9115418164882255E-4	5.257297111864318	2.1069742098078854
75	9.402869181940332E-4	1.8533565958023246E-4	9.91390483250143E-4	1.9711909284742893E-4	9.87213683401933E-4	1.9491439774068758E-4	5.17278283288033	2.1149899686346143
76	9.916220888044336E-4	1.9074854283947693E-4	9.944095190803637E-4	1.6344644619721295E-4	9.560404400872358E-4	1.8674279325436006E-4	5.07107419645763	2.0629196548192117
77	9.251436767954146E-4	1.8562088015035746E-4	9.982379770008265E-4	1.7640441517055718E-4	9.690799488453194E-4	2.0794739439340066E-4	4.98013757145236	1.9484805355349202
78	9.658901253715158E-4	1.873607798188459E-4	9.870797921394114E-4	1.5591519619599574E-4	0.0011084792563451629	1.689151250671691E-4	4.893793903524056	1.9211037126842263
79	9.969883212761488E-4	1.755208628916686E-4	9.930894229910336E-4	1.7285693565241531E-4	9.685929217084777E-4	1.9869183074956414E-4	4.804501320992131	1.9189458404391972
80	9.990474054575316E-4	1.808106316426953E-4	9.691739978734404E-4	1.698526699813859E-4	9.806900961848442E-4	1.93453722271186E-4	4.722604006456095	1.8790844612112512
81	9.82060427304532E-4	1.8724116322725118E-4	9.780724758456927E-4	1.5748210951561662E-4	9.92088629573118E-4	1.886745736454175E-4	4.629745367856231	1.8569849140629817
82	9.593103823135607E-4	2.1321329237859268E-4	9.991408192036033E-4	1.7358100151982516E-4	9.685870390967466E-4	1.984045924922312E-4	4.543736787549278	1.8418548508470338
83	9.641392280173022E-4	2.1753714607560445E-4	9.922835920406214E-4	1.80227401311971E-4	9.880427833195427E-4	1.9731037102384925E-4	4.458276715115062	1.8262796482677004
84	9.592014757799916E-4	1.7760504222981885E-4	9.858798075583763E-4	1.8018306026665174E-4	9.803961002035066E-4	1.955658786680689E-4	4.373601073151804	1.750949486358835
85	9.838545738602988E-4	1.9154900921118193E-4	9.92231220152462E-4	1.5745556208174378E-4	9.694072177808266E-4	1.9601213321680124E-4	4.290238861969556	1.7676898169215138
86	9.931369731930317E-4	1.9866848250179223E-4	9.890934525174089E-4	1.63902446614317E-4	9.991469596570823E-4	1.9322735828633062E-4	4.207979175640503	1.7223070040902848
87	9.113835112657398E-4	1.7576406730768213E-4	9.697250497993082E-4	2.2374139259203444E-4	9.956313124348526E-4	2.1761115188287237E-4	4.126877375536424	1.6269084821476487
88	9.70799446804449E-4	1.8748954274390903E-4	9.957657930499408E-4	2.262917603729875E-4	9.558089368510991E-4	1.903289604453489E-4	4.0437420327434666	1.614192844674532
89	9.510005020274548E-4	1.8392757222803388E-4	9.674013217590982E-4	2.3635866945201806E-4	9.546157534714439E-4	1.9095647734260798E-4	3.9676968474668683	1.5987126650152563
90	9.969322854885831E-4	2.0154535756470673E-4	9.9686021621892E-4	1.972513222578224E-4	9.379037110193167E-4	2.0474545495792546E-4	3.895256131683709	1.571488076690531
91	9.732931503094733E-4	2.12751374419895E-4	9.932550469784474E-4	1.9470758487337612E-4	9.911175475281198E-4	1.9805456178956823E-4	3.8113918723756797	1.533046688444429
92	9.631399807403795E-4	2.1882995633859537E-4	9.855763946688967E-4	2.0555821168019537E-4	9.721451315272134E-4	1.8239237180331166E-4	3.7365991727710934	1.5676443624615064
93	9.274334297515452E-4	2.0430487901042701E-4	9.865838355835876E-4	2.016562387920063E-4	9.633665949877468E-4	1.9902523284782818E-4	3.661745731893461	1.5186195229209178
94	9.283185063395649E-4	2.046024960691284E-4	9.845130284702464E-4	2.15685715741832E-4	9.665152588240744E-4	1.867274902422604E-4	3.588764238105796	1.4237504396256175
95	9.85622968073585E-4	2.288089974626928E-4	9.835390528678545E-4	2.0458689536888798E-4	9.846805537563341E-4	2.0348210631336537E-4	3.5246400637479383	1.408408307094601
96	9.679823833721457E-4	1.8771383126174138E-4	9.496388984189252E-4	1.849800834089652E-4	9.983695417759009E-4	1.8777563297306472E-4	3.4550704821158433	1.3961927145981028
97	9.56400396717072E-4	1.782585205395056E-4	9.907833627949003E-4	2.0492575079403388E-4	9.417048618161061E-4	1.785914256373644E-4	3.387387504299113	1.3578667871480594
98	9.302763910454814E-4	1.8079333972309541E-4	9.839540284701798E-4	2.0924147669301084E-4	9.767187493707752E-4	1.876246702050384E-4	3.320265164395096	1.349450404558024
99	9.93693138298113E-4	1.8725491243761402E-4	9.813966589717893E-4	1.6219628697641223E-4	9.723797338665463E-4	1.8983219573840416E-4	3.2547086988051888	1.4040729655136868
100	9.887351598081295E-4	1.8890984271517178E-4	9.914318507071584E-4	1.8050776598614338E-4	9.580248770362232E-4	1.737630744150632E-4	3.18318778702087	1.408043512713648
101	9.93939740510541E-4	2.0587282233464066E-4	9.785738875507377E-4	1.633210694906242E-4	9.747994336066768E-4	2.071214770452358E-4	3.118502826517215	1.3669559444038966
102	9.984818016164354E-4	2.1327367016965582E-4	9.838691853474302E-4	1.5523902969992017E-4	9.831366678554332E-4	1.8998979128975242E-4	3.055100408688304	1.356959370183022
103	9.728885379445273E-4	1.8813603431529677E-4	9.881956566459849E-4	1.559471432951146E-4	9.935328585015668E-4	1.721252443058592E-4	2.9931308234808967	1.300482625694076
104	9.970295795938E-4	1.981728245633955E-4	9.699948941488401E-4	1.5429208090995104E-4	9.648620707594091E-4	1.9966251134419154E-4	2.9314863537001656	1.307663630775196
105	9.202956280205399E-4	2.0829079016948526E-4	9.768424397407216E-4	1.872003060504489E-4	9.955265313692507E-4	1.86218889363469E-4	2.872664813679876	1.2683405563755181
106	9.269710863009095E-4	2.0436119977299919E-4	9.946973823389271E-4	1.6360444088301543E-4	9.993729399866425E-4	1.9559447518811515E-4	2.813389164133696	1.2676270549547575
107	9.523451471977751E-4	1.9762866653157593E-4	9.899731612676987E-4	1.987593564148055E-4	9.677407979324926E-4	1.970711449081663E-4	2.7567477820048225	1.1550294625993751
108	9.23786879866384E-4	1.8746871630052434E-4	9.657427071942948E-4	1.7305324950465958E-4	9.877339980448596E-4	1.90629315901398E-4	2.7065310686884914	1.2269335805730477
109	9.919697340592393E-4	2.0026298852826585E-4	9.945399397111032E-4	1.6657890512786406E-4	9.794392312869604E-4	1.8167683440065287E-4	2.6462934792943997	1.1701569924582245
110	9.645984173403122E-4	1.783138763281992E-4	9.908889151120093E-4	1.9176036085860994E-4	9.715518535813317E-4	1.9608294710881614E-4	2.5915224568743724	1.1543672152820137
111	9.684518372523598E-4	2.1512038779292197E-4	9.925157683028374E-4	2.1467111591909493E-4	9.88321223303501E-4	1.78828338215154E-4	2.539532029746624	1.142788757162039
112	9.635546884965152E-4	2.2287698167626027E-4	9.862023980531376E-4	1.697775271117684E-4	9.655570611357689E-4	1.7718368112403033E-4	2.487496134461253	1.1092115426623705
113	9.903552054311149E-4	2.3188165422046345E-4	9.759522581589408E-4	1.8071407153444043E-4	9.774539721547626E-4	1.805306959291507E-4	2.4365226280497154	1.09453163984129
114	9.190855944325449E-4	2.017095763828062E-4	9.84265443548793E-4	1.7640650024027495E-4	9.591961470505339E-4	1.7217772546916277E-4	2.3863890225911746	1.0768272112317343
115	9.841522260103375E-4	2.3218900453988076E-4	9.94843634089193E-4	2.0330692541392636E-4	9.992119194066618E-4	1.8634526514991497E-4	2.3374668233445846	1.0614017445564128
116	9.402356527061784E-4	2.229535805327032E-4	9.89197375929507E-4	1.7093636507933547E-4	9.672198539192323E-4	1.6898856044259732E-4	2.2887214538786793	1.0188062723306879
117	9.036241317517124E-4	2.1391755899458076E-4	9.960041361409822E-4	2.326712951932731E-4	9.869187779258937E-4	1.7501981558983685E-4	2.243745304804179	1.0033620938701522
118	9.714287543829414E-4	2.1838312560854925E-4	9.998504028772004E-4	1.9728634834550844E-4	9.89363958069589E-4	1.7036378372454355E-4	2.1981117155592074	0.9941671323954678
119	9.673237800598145E-4	1.9340288569461941E-4	9.930417290888727E-4	2.2984258326714017E-4	9.725072886794806E-4	1.6608062903800694E-4	2.153111734885897	0.9617655752766296
120	9.455861436435953E-4	1.8607502208093743E-4	9.787323560885852E-4	2.3549474421239816E-4	9.851279137365054E-4	1.8109293057776946E-4	2.1094370420541964	0.938744962503058
121	9.347402865387267E-4	1.809892916450432E-4	9.894308659568196E-4	1.8253204512168878E-4	9.45900414535572E-4	1.6032912967483228E-4	2.0665221163799288	0.938766242633335
122	9.508714792900719E-4	1.8775323330070629E-4	9.946675090759527E-4	1.9958618625106752E-4	9.881324476737063E-4	1.8266605282310353E-4	2.0245331541227642	0.8958284219098424
123	9.28898349229712E-4	1.875968901761856E-4	9.79151694536995E-4	1.7417981656401882E-4	9.93477147858357E-4	1.6621014297130916E-4	1.9831312122259988	0.8858065166487918
124	8.92400712473318E-4	1.7889463667112673E-4	9.954610532076913E-4	2.0754754200095414E-4	9.808922404772602E-4	1.6496208710249665E-4	1.9427743217602256	0.890789767616671
125	9.143985744231031E-4	2.0655887374232407E-4	9.820627055887599E-4	1.9695554720130249E-4	9.358794104628032E-4	1.5125976370033146E-4	1.9032676606730092	0.8687478609669861
126	9.794109291760833E-4	1.9534130410647776E-4	9.703733903734246E-4	1.803432252690191E-4	9.729891016831971E-4	1.6237658252941424E-4	1.8643314165092306	0.8575612161908582
127	9.158464263236965E-4	1.8263961032971565E-4	9.807405913306866E-4	1.981488551106283E-4	9.98019128019223E-4	1.7704535003723812E-4	1.8261832022180897	0.8345105234591215
128	9.85013866738882E-4	1.9870701544277836E-4	9.550676622893661E-4	1.871773958542048E-4	9.877752986540145E-4	1.7544679990528315E-4	1.7890975862246705	0.8010393927733598
129	9.606671665096655E-4	2.0492157909757225E-4	9.587863642082084E-4	1.852202884185103E-4	9.983645904867444E-4	1.7902329324944079E-4	1.752648305890034	0.7959872806489604
130	9.696868582977913E-4	2.1249666701805836E-4	9.935761900123907E-4	1.9742788772285114E-4	9.907945423037745E-4	1.674972949890966E-4	1.7167341355016106	0.787916329474381
131	9.407383595316787E-4	2.5358992964659893E-4	9.98928039734892E-4	1.9138881925621665E-4	9.626027203921694E-4	1.666268041551316E-4	1.6819598046713509	0.7639036044619043
132	9.902100646286272E-4	2.1261021144406791E-4	9.915449863910908E-4	1.9386670884336153E-4	9.991862134484109E-4	1.7944957564566266E-4	1.6473291375732515	0.7386145652295592
133	9.662387892603874E-4	2.5722679962806677E-4	9.937259355865535E-4	2.0278556289266656E-4	9.832941832428332E-4	1.8185400131778216E-4	1.613989692144969	0.738072920655624
134	9.764577362147975E-4	2.1523712287792782E-4	9.428083749298821E-4	1.971279459098696E-4	9.574553146194376E-4	1.769280999566875E-4	1.5808665775184636	0.7305211033768529
135	9.68393826042302E-4	1.911888700002843E-4	9.789236482902197E-4	1.9503550619565826E-4	9.798328501346987E-4	1.8224933173827687E-4	1.5484465706686024	0.7152435341477634
136	9.405624223290943E-4	2.058068196978032E-4	9.89384589047404E-4	2.0493830597909918E-4	9.975503271562047E-4	1.8629621312508485E-4	1.5169584397299332	0.7028647924503144
137	9.517571816104464E-4	2.2445123712107792E-4	9.895639905153075E-4	1.919151166800605E-4	9.912161003740039E-4	1.7876498467126695E-4	1.486132457604981	0.6957310660490944
138	8.880934765329584E-4	2.114416204221925E-4	9.587855056452099E-4	2.0455843692241828E-4	9.959790077118669E-4	1.7774681297154317E-4	1.4558162089451798	0.671521477464646
139	8.932935024859034E-4	1.8037826240894597E-4	9.689455555417226E-4	1.9196572991438473E-4	9.653036322561093E-4	1.955723309169786E-4	1.4260149655092391	0.6474896567535653
140	9.710817830637097E-4	2.1634291730758073E-4	9.618763851904077E-4	2.0110346236253753E-4	9.620080709282774E-4	1.8348621168635354E-4	1.3969429335775203	0.6452599802035096
141	9.900942895910703E-4	2.169493698147562E-4	9.618695112294517E-4	1.9973038584859232E-4	9.974072891054675E-4	1.9326286667933345E-4	1.36851695432415	0.6353523328319702
142	9.248344140360132E-4	2.3238591999567385E-4	9.405765986230108E-4	1.848269308420245E-4	9.957655493053608E-4	1.8151044896288192E-4	1.3404714755597524	0.6275298438432546
143	9.137150555034168E-4	2.232897829041273E-4	9.48958904700703E-4	2.2160796299885988E-4	9.974893546313979E-4	1.7997581679808235E-4	1.3131088256559451	0.6128915940890594
144	9.841799528658157E-4	2.0174142059659061E-4	9.178365435218439E-4	1.8920687687916463E-4	9.896679439407308E-4	1.9630904325940602E-4	1.2861504311586032	0.6051108213609455
145	9.900829754769802E-4	2.118430437955491E-4	9.643777993915137E-4	2.343055206899931E-4	9.77469371719053E-4	1.7001987805820025E-4	1.259980712653487	0.585812052103168
146	9.725030395202339E-4	2.0766434886354546E-4	9.762406807567459E-4	2.4636211604488244E-4	9.748106203915086E-4	1.8783150677324412E-4	1.2343763862008927	0.5686570776858744
147	9.91166826679546E-4	2.141007546470064E-4	9.911906254274072E-4	2.4080446521359343E-4	9.746005598572083E-4	1.770190664099293E-4	1.2091280390013708	0.5605247074575233
148	9.200677595799789E-4	2.022567810702943E-4	9.599793811503332E-4	2.3858291218182399E-4	9.817598092922708E-4	1.8001757071144266E-4	1.1845147679487127	0.5378419239538479
149	9.357893868582323E-4	2.177139297903826E-4	9.999833873735042E-4	2.487911586198981E-4	9.917398710967973E-4	1.807724727314053E-4	1.1604457325156545	0.5483793978743109
150	9.216309917974286E-4	2.1676289982982175E-4	9.606908388377633E-4	2.3407714235525098E-4	9.905621518555563E-4	1.8647589665586286E-4	1.1366639517946169	0.5436820146572
151	9.549747337587178E-4	2.3214448575951488E-4	9.659799225119059E-4	2.3249499196770722E-4	9.923047146003228E-4	1.8258806612490695E-4	1.1136089269566583	0.5172543235003014
152	9.699945949250832E-4	2.3100389292570375E-4	9.9821337062167E-4	2.025152441687029E-4	9.907324565574527E-4	2.0345325730886544E-4	1.0909301756837522	0.4964194129781134
153	9.479349537286907E-4	2.2095818091353672E-4	9.389258739247452E-4	2.1668803258538557E-4	9.965350436687004E-4	2.0113493919899682E-4	1.0687657274393132	0.49971989781783516
154	9.380549672641791E-4	2.0701954789122587E-4	9.527940201223828E-4	2.2555980502846174E-4	9.942414967554214E-4	2.055737649532768E-4	1.0468221234186785	0.49318812756354574
155	9.829468672251096E-4	2.3033450725051807E-4	9.719528352434281E-4	2.495982650251885E-4	9.732228245411534E-4	2.039392853194649E-4	1.0254630314739188	0.47707765797280977
156	9.320509125245735E-4	2.1682993580422286E-4	9.572186463628896E-4	2.312435813834874E-4	9.974721933758701E-4	2.1486446437241587E-4	1.004664432563004	0.47751465580751057
157	9.913871099342941E-4	2.4291127359295692E-4	9.975372486223932E-4	2.555653977108691E-4	9.609591143089347E-4	2.005741508529862E-4	0.9842969980891212	0.4630459342476366
158	9.558024485158967E-4	2.2623326117354736E-4	9.930813685059547E-4	2.6053942883663694E-4	9.93727306195069E-4	1.805946305296402E-4	0.9640696691785706	0.44584684059375435
159	9.880922953016125E-4	2.330446152427612E-4	9.930784945026971E-4	2.5479344136233997E-4	9.832455011746788E-4	2.2012884195838093E-4	0.9444742397608934	0.4469379090670994
160	9.657153277657926E-4	2.2771071417082567E-4	9.894746253849007E-4	2.657086232292468E-4	9.653318111304543E-4	2.110539427229397E-4	0.9253463883942459	0.43361777468840956
161	9.63093145401217E-4	2.2278237058041364E-4	9.776940423762426E-4	2.5860350866532285E-4	9.801493674785888E-4	2.1414638249732314E-4	0.9064881730155321	0.43009176268254007
162	9.47909363276267E-4	2.245566707491283E-4	9.494806108705234E-4	2.425488943177858E-4	9.816911078814883E-4	1.8033283227945408E-4	0.8879705908984761	0.4193761280345031
163	9.202672517858446E-4	2.1792689472022175E-4	9.990266516979318E-4	2.6441572940511296E-4	9.939797910192283E-4	2.282674170358708E-4	0.8699773842818104	0.4054713062889331
164	9.651378204580396E-4	2.4414834365416027E-4	9.977082672776305E-4	2.3067947425722617E-4	9.769854768819641E-4	2.0554377535195032E-4	0.8522797500918387	0.4012575358067858
165	9.954997167369584E-4	2.3531276383437216E-4	9.843122520578618E-4	2.6528571519615504E-4	9.894974105009169E-4	2.1499215709809506E-4	0.834787183739536	0.3948786839615847
166	9.966904108296148E-4	2.34898307022983E-4	9.998992777582316E-4	2.2519551685239893E-4	9.974535432775156E-4	2.1934507382662845E-4	0.8179835523405927	0.3860256740449002
167	9.241526095138397E-4	2.3404798829081605E-4	9.726523639983498E-4	2.448757561048853E-4	9.604437300367863E-4	2.0504417470515603E-4	0.8014036614113138	0.3787523529918506
168	8.795635076239705E-4	2.220775118075835E-4	9.827715293795336E-4	2.5993386042731556E-4	9.854071295194444E-4	2.1888454617092557E-4	0.7850162855611416	0.3694098989709184
169	9.854978852672502E-4	2.307791994553554E-4	9.84696343948599E-4	2.521102153657333E-4	9.301640275225509E-4	1.8961974315527931E-4	0.7691200279805344	0.36446552125393417
170	9.529945673421025E-4	2.2260856129226644E-4	9.818928247113945E-4	2.606172898330401E-4	9.984203820749826E-4	1.990464656556297E-4	0.7534970930282725	0.35546194294063954
171	9.630409176679677E-4	2.3904273060300815E-4	9.659619763624505E-4	2.2474530165557857E-4	9.790418889679131E-4	2.1880531566595792E-4	0.7382996130472748	0.34462567662038396
172	9.404958054801682E-4	2.344995048133569E-4	9.715928936202545E-4	2.5501682530171927E-4	9.547743320581503E-4	2.165538081849386E-4	0.7238737370498711	0.339014934148928
173	9.77177435743215E-4	2.3686928163139478E-4	9.656586653363775E-4	2.4820170167900025E-4	9.930863184308691E-4	2.2000842327543068E-4	0.7093068682443118	0.3385748234245619
174	9.562457253196044E-4	2.3160668191242925E-4	9.820518189371796E-4	2.59558508709396E-4	9.301775535277557E-4	1.8484800620904203E-4	0.6948465094028506	0.31937242394446985
175	9.175657032756135E-4	2.2754352994525107E-4	9.28111564462597E-4	2.2746621826367377E-4	9.733742904245446E-4	1.9710164152407693E-4	0.6807765823759837	0.3276220731512939
176	9.443229209864512E-4	2.2374711746427542E-4	9.921812306856737E-4	2.492866535996135E-4	9.506502260592242E-4	2.160848900673531E-4	0.6673577932087937	0.32260127476972533
177	9.267097475458286E-4	2.2716979780549687E-4	9.943687327904627E-4	2.5022033199374E-4	9.928119202413654E-4	2.1998969122238564E-4	0.6538418620621087	0.31386544835941865
178	9.9690149363596E-4	2.539243823017993E-4	9.889672455756227E-4	2.4495357857696424E-4	9.418944955541519E-4	2.0667550640680857E-4	0.6407067305335659	0.3133080529203169
179	9.42487247812096E-4	2.399741944524673E-4	9.804393848753534E-4	2.529278672194567E-4	9.911407100844372E-4	2.036476230202695E-4	0.6277944335815846	0.2947653610787063
180	9.457071791985072E-4	2.2907848195548772E-4	9.888069098451524E-4	2.300069673758705E-4	9.94596028704109E-4	2.1538939259281087E-4	0.6148499285627622	0.29269610489508596
181	9.593357535777614E-4	2.358627302783134E-4	9.740405439515598E-4	2.507712229682669E-4	9.675530518507003E-4	2.089822842769025E-4	0.6025347306276672	0.28982024149917246
182	8.865730633260682E-4	2.196638893110503E-4	9.860112113528885E-4	2.4297058293059844E-4	9.707674985293124E-4	2.094786420730088E-4	0.5905777503721765	0.2840876895096502
183	8.995573189167771E-4	2.1674395240249092E-4	9.497348910372239E-4	2.4567641893929033E-4	9.803979191929102E-4	1.8582119208986113E-4	0.5785901635172195	0.2786898621490542
184	9.83964346232824E-4	2.216459549041853E-4	9.810101219045464E-4	2.537706857912567E-4	9.209176359945559E-4	1.9593733404505925E-4	0.5671002644230612	0.26867456234119813
185	9.609987537260167E-4	2.16795606775122E-4	9.949104287443333E-4	2.5501074334750444E-4	9.856458736976492E-4	2.1850313002281886E-4	0.5555827155112638	0.265934867867505
186	9.78097354163765E-4	2.3208781074875637E-4	9.69643084317795E-4	2.4213574236956197E-4	9.635909882490523E-4	2.1380652137973025E-4	0.5443653156762593	0.26546784604877455
187	9.583071441738866E-4	2.3030477306444178E-4	9.974321328627411E-4	2.496044215129533E-4	9.63440419127437E-4	2.1091353421156414E-4	0.5335628497123253	0.2588897984476254
188	9.732397957122885E-4	2.432377327750146E-4	9.913861867971718E-4	2.543746916283935E-4	9.916752346725843E-4	2.0924116965133715E-4	0.5229031894195941	0.25185786565898277
189	9.962543144865776E-4	2.567389094565442E-4	9.592636251909425E-4	2.4274198417054097E-4	9.948583756340668E-4	2.4245849832565196E-4	0.5123337595359772	0.24769052696927052
190	9.824197768466547E-4	2.3336560381418772E-4	9.942432570824167E-4	2.652861038456391E-4	9.783477726159617E-4	2.460573426019805E-4	0.5020124717339058	0.23883198950408518
191	9.724179908516817E-4	2.249232942782934E-4	9.67580170254223E-4	2.301033309977891E-4	9.937854447343852E-4	2.4282854526578185E-4	0.49181880691321567	0.23526748367377498
192	9.580641417414881E-4	2.1649706059179152E-4	9.822846677707275E-4	2.4636764161681745E-4	9.488700379733928E-4	2.54538138682013E-4	0.4819238787458744	0.23116731416920663
193	9.512958731647814E-4	2.443118125180869E-4	9.9174044225947E-4	2.613567576324439E-4	9.938834045897238E-4	2.5817243803430754E-4	0.47248460371338297	0.22715036237727074
194	9.294801857322454E-4	2.406046610303747E-4	9.917315055645304E-4	2.3991265838757873E-4	9.814752365855384E-4	2.651398537845789E-4	0.46303687803447247	0.22047490435246508
195	9.085283672902733E-4	2.310090642367868E-4	9.837364123086445E-4	2.2935031435120917E-4	9.93091757663933E-4	2.375204922981385E-4	0.45363096969231265	0.21964940296257737
196	9.96043105260469E-4	2.4000605086863894E-4	9.616242887204862E-4	2.4403513565551333E-4	9.736559854900406E-4	2.3709961761573164E-4	0.4445519414439332	0.2145768232766005
197	9.657723257987527E-4	2.6876555314932676E-4	9.860003228823189E-4	2.486280013430508E-4	9.957453912647907E-4	2.5656288886392604E-4	0.43574194356187945	0.21242446350178093
198	9.613824786356417E-4	2.631799202390539E-4	9.550806262268452E-4	2.4928340611923513E-4	9.878198097794666E-4	2.5080556934809514E-4	0.4269245758987381	0.20797158961589574
199	9.510689087619539E-4	2.5720654745479504E-4	9.8786918897531E-4	2.578246017171349E-4	9.885435611067805E-4	2.461940146198079E-4	0.4183188877723296	0.20229643609905673
200	9.546422443236224E-4	2.482496120895424E-4	9.652351013755833E-4	2.4789001129621295E-4	9.9461198260542E-4	2.4592189573001644E-4	0.4100366931670578	0.20064756548164325
201	9.63159793172963E-4	2.5705716931649175E-4	9.901347766572144E-4	2.5679708473876756E-4	9.647980123190791E-4	2.3746049577347058E-4	0.40172069869731786	0.19120257091183795
202	9.409172344021499E-4	2.513607737455459E-4	9.535288495499117E-4	2.1349136900294135E-4	9.65476218425465E-4	2.2969196610775523E-4	0.3937904656850151	0.19337104639496114
203	9.650073043303564E-4	2.484387233986733E-4	9.391634857820463E-4	2.0797816963360154E-4	9.994141519200639E-4	2.3176911539931925E-4	0.3857046529155923	0.1893198462335735
204	9.253476155208773E-4	2.2928462522031623E-4	9.590223999111913E-4	2.4309153884912252E-4	9.720255911815912E-4	2.3259467170115008E-4	0.37790738303010585	0.18368377863155452
205	9.987121593439952E-4	2.5778807662391046E-4	9.690959959698375E-4	2.365758452177553E-4	9.686043927104038E-4	2.2977457393907674E-4	0.370490538123704	0.17727211654722108
206	9.930549249475007E-4	2.4388050913633683E-4	9.632828114263248E-4	2.2831870914806262E-4	9.905327165142808E-4	2.3257599133690355E-4	0.36312222147535067	0.17771599515524983
207	9.92546089037205E-4	2.4906439489313925E-4	9.84501743914734E-4	2.3365641340790586E-4	9.726895082167175E-4	2.295688135868309E-4	0.35579824557498796	0.17405654434965792
208	9.810339097384713E-4	2.560899333730049E-4	9.982082119677216E-4	2.610099218993888E-4	9.980513741538743E-4	2.2109022207530415E-4	0.3486177805461921	0.16518179601228772
209	9.254147298634052E-4	2.397134781707185E-4	9.943015938915778E-4	2.584690704978455E-4	9.882765511974867E-4	2.349573142256776E-4	0.34223198923427844	0.16137609488211355
210	9.244478060281835E-4	2.3784563722983876E-4	9.864256180662778E-4	2.485791248341559E-4	9.532176118227653E-4	2.2959791146051799E-4	0.3351118356149527	0.15946825320319086
211	9.280188824050128E-4	2.2976600515297227E-4	9.410317807123647E-4	2.3296137959839732E-4	9.501800304860808E-4	2.344314990480172E-4	0.3285517585609341	0.15837773088294504
212	9.142445705947466E-4	2.2732419036704718E-4	9.772825687832665E-4	2.433054499386558E-4	9.918549644680752E-4	2.213951666104594E-4	0.3218581410328625	0.1570530721896247
213	9.802168051464832E-4	2.590421487790688E-4	9.858551211436861E-4	2.5043696390938166E-4	9.834925294853747E-4	2.2274144133405116E-4	0.31544075839337893	0.14853571048283826
214	9.406657773070037E-4	2.473745309240864E-4	9.905728002195247E-4	2.3541860673815303E-4	9.995416385208955E-4	2.3303088140938264E-4	0.30958020947582554	0.1542179063084216
215	9.462897469347809E-4	2.464524196360192E-4	9.734741802276403E-4	2.2610810723173408E-4	9.890201145026367E-4	2.305782978016684E-4	0.3029721781858825	0.14732980305966184
216	9.74917601524794E-4	2.411833100571433E-4	9.936038809428283E-4	2.419275833845217E-4	9.694247028164682E-4	2.163838991472639E-4	0.2968436650990043	0.14094063756802905
217	9.554765492794104E-4	2.4369124010566642E-4	9.944406237991643E-4	2.3079410783978255E-4	9.984245371015277E-4	2.209896372811654E-4	0.29099309984303545	0.13944054797686672
218	9.974179847631603E-4	2.4833527398489724E-4	9.163740214717109E-4	2.2744947106427085E-4	9.879122753773117E-4	2.2838809847103853E-4	0.28516094868246	0.13928983151537136
219	9.830886774579994E-4	2.3713817381576519E-4	9.642349741625367E-4	2.410213189535564E-4	9.970562573471398E-4	2.3157443385421578E-4	0.2794605345407035	0.13359527019074507
220	9.094766282942146E-4	2.2229366618375934E-4	9.606547300791135E-4	2.2781458489307753E-4	9.944390403688885E-4	2.3482433368394884E-4	0.27423605555668473	0.1325398550855564
221	9.189874253934249E-4	2.525430601660143E-4	9.781394137462485E-4	2.2369493682227975E-4	9.984990233533608E-4	2.217599843604574E-4	0.2685378583628335	0.12860252326071125
222	8.957206373452209E-4	2.1758678788804295E-4	9.856743690761505E-4	2.431430570193671E-4	9.991655338126293E-4	2.305003176303444E-4	0.26317453887168085	0.12679136467786462
223	9.723762059365981E-4	2.5159756940714334E-4	9.051573406395619E-4	2.256640747669155E-4	9.96586702967761E-4	2.1165404450023485E-4	0.2583199502696516	0.12687228651916035
224	9.9085033434676E-4	2.518261031430787E-4	9.522480322630145E-4	2.1977368575223238E-4	9.875491341517773E-4	2.473106041492201E-4	0.2529871599836042	0.12265879820187693
225	9.93658893094107E-4	2.639212299679154E-4	9.994501342589501E-4	2.2506813710541402E-4	9.878335113171488E-4	2.3379504897071102E-4	0.24776686061522923	0.12060633248062438
226	9.637142502469942E-4	2.409415854648008E-4	9.83276852821291E-4	2.1094765089452574E-4	9.666043206379982E-4	2.0714165541781633E-4	0.2429098301072372	0.12148360305889577
227	9.472655219724402E-4	2.3443637413341398E-4	9.97554982859583E-4	2.314700534466091E-4	9.920882548613008E-4	2.259094598429101E-4	0.23820408765459433	0.11533914354141805
228	9.898749403873808E-4	2.467870679083717E-4	9.910728422255488E-4	2.515738153887368E-4	9.550184113322757E-4	2.1417313261152252E-4	0.2333583567669848	0.11582580144392832
229	9.919013509716024E-4	2.4951537254006934E-4	9.918992582242936E-4	2.3638839683306806E-4	9.96374375972664E-4	2.3186878631804576E-4	0.2288631495903246	0.11228633413217991
230	9.903647878672928E-4	2.560076820069905E-4	9.285255928261904E-4	2.2981932465241493E-4	9.725238705868833E-4	2.239458192837481E-4	0.22430091771821026	0.11116341851748104
231	9.687935016700067E-4	2.5038197736648726E-4	9.732066437209141E-4	2.1524913019137286E-4	9.900347431539558E-4	2.2205416565270752E-4	0.21983276554965414	0.10795538879751472
232	9.45861596846953E-4	2.4276971172791187E-4	9.841343598964158E-4	2.2746389135469322E-4	9.79605569227715E-4	2.3348766029225254E-4	0.21559540898306295	0.10500382945293744
233	9.359921532450244E-4	2.2925256015090176E-4	9.764965202521125E-4	2.241954702774717E-4	9.97379876935156E-4	2.1938315339981802E-4	0.21127272950252518	0.10300023623564296
234	9.259234793717042E-4	2.243194350436776E-4	9.472581305089989E-4	2.3784143448777456E-4	9.754819839145057E-4	2.101485985662066E-4	0.20699563134257914	0.09985096054618685
235	8.784269230091013E-4	2.187726254305744E-4	9.891933041217271E-4	2.3234296709558424E-4	9.476375416852534E-4	2.052163170105814E-4	0.2029961535372422	0.09889355925872316
236	9.94794423604617E-4	2.52693778217387E-4	9.8164230803377E-4	2.419098330514615E-4	9.892606644825719E-4	2.299754444557505E-4	0.1988778504455695	0.09548455453695712
237	9.731684704092913E-4	2.5485186915830127E-4	9.75349479176657E-4	2.4214318103116491E-4	9.889578432193957E-4	2.2149609734469777E-4	0.19532011885894462	0.09421500116749341
238	9.203140480167349E-4	2.556671598388978E-4	9.83557736617513E-4	2.4457800758034565E-4	9.917663523992815E-4	2.173697705950838E-4	0.19141034170024795	0.09550119176522574
239	9.743173577589914E-4	2.6686340174819634E-4	9.436234877284733E-4	2.5422095559999593E-4	9.87507055469905E-4	2.1460954571575944E-4	0.18752523788134567	0.09157819424887573
240	9.808219701881171E-4	2.647207988199322E-4	9.77574155513139E-4	2.4239982481249708E-4	9.581036256349762E-4	2.1604221822461205E-4	0.1839726902981056	0.08968612714989677
241	9.779878455447033E-4	2.5415669309343986E-4	9.811683994485065E-4	2.2436301744619414E-4	9.628077987144934E-4	2.0680960397155025E-4	0.18009577316843206	0.08774367673707145
242	9.440450576221338E-4	2.607993127791512E-4	9.839697304414585E-4	2.3596491934662535E-4	9.866483542282367E-4	2.0509282190871574E-4	0.17662734426994575	0.08645676445094813
243	9.991348342737183E-4	2.613840670164791E-4	9.604580118320882E-4	2.3760698929088583E-4	9.701986218715319E-4	2.1530161527866595E-4	0.1734264488259214	0.08405178384992838
244	8.982283625300624E-4	2.4357458096346818E-4	9.985159995267168E-4	2.2266265464492918E-4	9.612055191610125E-4	2.215744435183803E-4	0.16988841447164305	0.08242135539522032
245	9.077689683181234E-4	2.476725245135943E-4	9.81400816272071E-4	2.257328452839959E-4	9.878415853563638E-4	2.271367963061266E-4	0.1665324995701667	0.08148657637376769
246	9.236116529791616E-4	2.3939989614518709E-4	9.975185130315367E-4	2.5624646141423767E-4	9.867012668109965E-4	2.2023759724627934E-4	0.16329280098580057	0.0807720994826657
247	9.091328392969444E-4	2.37947880577849E-4	9.66463383520022E-4	2.4234312147622194E-4	9.791502025109367E-4	2.1941708488763348E-4	0.16015990763844457	0.07888431094731156
248	8.881817338988185E-4	2.3264474604426746E-4	9.540234300402517E-4	2.474064530248881E-4	9.776716392480012E-4	2.0439085536918917E-4	0.15698753196920734	0.07589546238790053
249	9.857217664830387E-4	2.3965760487953958E-4	9.304031127612689E-4	2.308211166122496E-4	9.809808398131281E-4	2.1485034973522943E-4	0.15403158580011223	0.07448022439390993
250	9.649081230236334E-4	2.74726065147964E-4	9.521596412014333E-4	2.4234609937333777E-4	9.82244819169864E-4	2.301544997166436E-4	0.15094327017868636	0.07254900330155407
251	9.428081248188391E-4	2.2987552203327746E-4	9.754422972036991E-4	2.530409898781727E-4	9.660131108830683E-4	2.141282804957343E-4	0.14805776940193027	0.07140571430896267
252	9.392402143930667E-4	2.6156928462720924E-4	9.797311336114944E-4	2.509246214945701E-4	9.556803634040989E-4	2.2461965575359955E-4	0.14517175834771479	0.07035113520355597
253	9.609344269847497E-4	2.632167493175075E-4	9.65530110988766E-4	2.659309224359926E-4	9.908487409120426E-4	2.327916356074339E-4	0.14242296857992187	0.06845092631042418
254	9.409136719114031E-4	2.5754984744708054E-4	9.766358225533622E-4	2.593848381593489E-4	9.97089129214146E-4	2.225603227319049E-4	0.13957400440995116	0.06747829458581749
255	9.206395479850471E-4	2.5169372376391647E-4	9.996395565394778E-4	2.6319139938745396E-4	9.691368468338624E-4	2.218264521928859E-4	0.13686043713823892	0.06636341903235134
256	9.062121662282152E-4	2.4718096801734646E-4	9.951052434189478E-4	2.073291628619245E-4	9.99591662093735E-4	2.122805301723929E-4	0.13415406542480923	0.06626160948228232
257	9.906495834002271E-4	2.692109770426517E-4	9.995493755923235E-4	2.383344992689461E-4	9.802024869713932E-4	2.3016751142849784E-4	0.13166784587519942	0.06275414542514958
258	9.45029329159297E-4	2.5790473205233866E-4	9.244669181498466E-4	2.297246252055629E-4	9.916651470120996E-4	2.2307521819325474E-4	0.1291466762922937	0.06341413871087437
259	9.761557230376638E-4	2.658646096733719E-4	9.932228385878261E-4	2.6845146598069344E-4	9.944012635969557E-4	2.2428479593732454E-4	0.12632175721228123	0.060926551189176864
260	9.243316653737566E-4	2.4842435368555016E-4	9.502628818154335E-4	2.2070866370743007E-4	9.597853045306692E-4	2.094464412787406E-4	0.1240073872031644	0.06088260365644549
261	8.989356938400306E-4	2.44871289017586E-4	9.717830362205859E-4	2.3278272093052755E-4	9.924363380378054E-4	2.0150258294791002E-4	0.12153082886652555	0.058851562794760476
262	8.879738234099932E-4	2.4320589955095784E-4	9.517395519651473E-4	2.1970452826280962E-4	9.95431029878091E-4	2.1130846519352216E-4	0.11925674889062066	0.05941846353862584
263	9.832316645770334E-4	2.5009636222724413E-4	9.765857857928495E-4	2.2619974108945625E-4	9.825887900660746E-4	2.0750723758169442E-4	0.11693893870688044	0.05782083239574263
264	8.932970013120212E-4	2.4416487409932114E-4	9.650492852415482E-4	2.56185443866844E-4	9.816397177928593E-4	2.1040100691662678E-4	0.11461861422867514	0.056085852874278454
265	9.875935793388635E-4	2.4670421028834727E-4	9.96849285911594E-4	2.7536899118047955E-4	9.718517121655168E-4	2.1895185719350357E-4	0.11255961853748886	0.05461889113311876
266	9.84195282399014E-4	2.701449470047616E-4	9.9503797628131E-4	2.646513144165932E-4	9.493215193288052E-4	2.062587209250903E-4	0.11022068942111218	0.05272761701161132
267	9.881766936814529E-4	2.66867921557908E-4	9.84685776529659E-4	2.5406692260990634E-4	9.658023882366251E-4	1.9965154663421144E-4	0.10803903642954538	0.053042817811800765
268	9.136794697042205E-4	2.527023626347121E-4	9.683207040325215E-4	2.2666823160003938E-4	9.970969877031166E-4	2.144731440638017E-4	0.10601724730804563	0.05292943016911382
269	8.86121291841846E-4	2.4768181932207273E-4	9.98636558506405E-4	2.3486010225266435E-4	9.959203307516873E-4	1.9978298039120547E-4	0.10388843339751475	0.0509635049165493
270	9.912624736898579E-4	2.653174853245825E-4	9.881221631076187E-4	2.6266303367654994E-4	9.985824085561035E-4	2.130098737295641E-4	0.10184880681481445	0.04997397966908225
271	9.709566074889153E-4	2.5974454926351126E-4	9.810480951273348E-4	2.50345101673182E-4	9.502386756139458E-4	2.0509351192907698E-4	0.10001554443442728	0.04848411750836848
272	9.496986531303264E-4	2.520406327069698E-4	9.727433825901244E-4	2.4188046455307904E-4	9.619113725420902E-4	2.1354101911900307E-4	0.09816901355225127	0.04695741511795562
273	9.79202838607307E-4	2.6626112723230716E-4	9.766045941432822E-4	2.8846685323066817E-4	9.955131081369473E-4	1.9581450100659135E-4	0.096320005657617	0.04659687821059336
274	9.930781188813853E-4	2.653893407871995E-4	9.96703377495578E-4	2.9013032402925063E-4	9.759327103893156E-4	2.029587347976758E-4	0.09420628302177647	0.0450120606017645
275	9.537168916722294E-4	2.626605938379119E-4	9.623618961995817E-4	2.503120487939928E-4	9.689232720120344E-4	1.904403858222905E-4	0.0924158975831233	0.04530064498773222
276	9.16322762350319E-4	2.490467134824333E-4	9.940639774868032E-4	2.4603425434374264E-4	9.934024137692177E-4	2.1886083664249338E-4	0.09086868310987484	0.044454196118062304
277	9.543392225168645E-4	2.594947872391155E-4	9.707318531582132E-4	2.7526670989072295E-4	9.964458804461174E-4	2.119818762110981E-4	0.08901446835807292	0.04383299786393043
278	8.901063765733852E-4	2.4741851060146775E-4	9.975192879210226E-4	2.4522693221505116E-4	9.972895222745137E-4	2.0667442627484434E-4	0.087080435390817	0.042536102710067636
279	9.198929474223405E-4	2.5507107883034524E-4	9.884482792585914E-4	2.894019954490669E-4	9.814678705879487E-4	2.1075204166019047E-4	0.08537552438065177	0.04097404343787085
280	9.151714912150055E-4	2.456860174788744E-4	9.914028378261719E-4	2.968414790594969E-4	9.826865807553986E-4	2.067230181567608E-4	0.08375118153344374	0.04103058643730216
281	9.844434125625412E-4	2.566228673307099E-4	9.733682418300305E-4	2.315790096125576E-4	9.715240485093091E-4	2.063820670249091E-4	0.08219230108807096	0.04031627060644181
282	9.483335697950679E-4	2.6530640244952036E-4	9.944449639078812E-4	2.520587136494715E-4	9.79517440100608E-4	2.2046443995676757E-4	0.0806818763812771	0.038400766359457224
283	9.666524856584147E-4	2.658572160877763E-4	9.585917005097144E-4	2.6672165007203405E-4	9.744420185597846E-4	2.0353076355377197E-4	0.07904889046039898	0.038515595704732744
284	9.434178355149925E-4	2.6224485426003713E-4	9.541754648125789E-4	2.4380414833363568E-4	9.91630760836415E-4	2.1956882689026954E-4	0.07768033382308204	0.03779442554989752
285	9.273406467400491E-4	2.4587784272019536E-4	9.344066811536322E-4	2.7218336545970027E-4	9.778158200788312E-4	2.1703652468938974E-4	0.07621252007083967	0.03699632583706261
286	9.149412580882199E-4	2.475606908471188E-4	9.34984164814523E-4	2.9024850225051896E-4	9.903049212880433E-4	2.0741428161622584E-4	0.07450875269569224	0.03696221121327398
287	8.897680672816932E-4	2.476035983818292E-4	9.252800000467687E-4	2.782104831669745E-4	9.892475500237197E-4	2.144555961766132E-4	0.0732348958554212	0.036306472905297135
288	8.73621873324737E-4	2.421972181612849E-4	9.737708969623782E-4	2.752717996998768E-4	9.94785765215056E-4	2.2424765945626673E-4	0.07179043118958361	0.0341742153701765
289	8.490848413202912E-4	2.2781177168932723E-4	9.691674567875452E-4	2.888534975617014E-4	9.768245868144732E-4	2.0509823365827263E-4	0.07033934355422389	0.0338669790691675
290	9.981625626096502E-4	2.896973331492821E-4	9.653256056481041E-4	2.8387839455003164E-4	9.859317542577628E-4	2.0138452103992676E-4	0.06907507155119674	0.03372887431580447
291	9.775139178600512E-4	2.890754626605485E-4	9.880554280243814E-4	2.7840931789212064E-4	9.79271499090828E-4	1.9759119093330148E-4	0.06773261419584742	0.03296043388469116
292	9.628478564991383E-4	2.7847370726400794E-4	9.210611169692129E-4	2.6643407057275436E-4	9.907453286359669E-4	2.0946502277960152E-4	0.06662044989934657	0.03236222220192186
