<NUMBER OF ZONES> 98											
<NUMBER OF NODES> 975											
<FIRST THRU NODE> 99											
<NUMBER OF LINKS> 2184											
<END OF METADATA> 											
											
											
~ 	Init node 	Term node 	Capacity 	Length 	Free Flow Time 	B 	Power 	Speed limit 	Toll 	Type 	; 
 	1	817	999999	0	0.0001	0	4	0	0	0	; 
 	1	818	999999	0	0.0001	0	4	0	0	0	; 
 	1	821	999999	0	0.0001	0	4	0	0	0	; 
 	1	822	999999	0	0.0001	0	4	0	0	0	; 
 	2	751	999999	0	0.0001	0	4	0	0	0	; 
 	2	753	999999	0	0.0001	0	4	0	0	0	; 
 	2	754	999999	0	0.0001	0	4	0	0	0	; 
 	2	781	999999	0	0.0001	0	4	0	0	0	; 
 	3	756	999999	0	0.0001	0	4	0	0	0	; 
 	3	757	999999	0	0.0001	0	4	0	0	0	; 
 	3	758	999999	0	0.0001	0	4	0	0	0	; 
 	3	759	999999	0	0.0001	0	4	0	0	0	; 
 	4	719	999999	0	0.0001	0	4	0	0	0	; 
 	4	724	999999	0	0.0001	0	4	0	0	0	; 
 	4	725	999999	0	0.0001	0	4	0	0	0	; 
 	4	761	999999	0	0.0001	0	4	0	0	0	; 
 	5	752	999999	0	0.0001	0	4	0	0	0	; 
 	5	753	999999	0	0.0001	0	4	0	0	0	; 
 	5	892	999999	0	0.0001	0	4	0	0	0	; 
 	5	893	999999	0	0.0001	0	4	0	0	0	; 
 	6	679	999999	0	0.0001	0	4	0	0	0	; 
 	6	707	999999	0	0.0001	0	4	0	0	0	; 
 	6	762	999999	0	0.0001	0	4	0	0	0	; 
 	6	809	999999	0	0.0001	0	4	0	0	0	; 
 	7	222	999999	0	0.0001	0	4	0	0	0	; 
 	7	223	999999	0	0.0001	0	4	0	0	0	; 
 	7	232	999999	0	0.0001	0	4	0	0	0	; 
 	7	241	999999	0	0.0001	0	4	0	0	0	; 
 	8	899	999999	0	0.0001	0	4	0	0	0	; 
 	8	900	999999	0	0.0001	0	4	0	0	0	; 
 	8	901	999999	0	0.0001	0	4	0	0	0	; 
 	8	904	999999	0	0.0001	0	4	0	0	0	; 
 	9	588	999999	0	0.0001	0	4	0	0	0	; 
 	9	651	999999	0	0.0001	0	4	0	0	0	; 
 	9	659	999999	0	0.0001	0	4	0	0	0	; 
 	9	902	999999	0	0.0001	0	4	0	0	0	; 
 	10	564	999999	0	0.0001	0	4	0	0	0	; 
 	10	566	999999	0	0.0001	0	4	0	0	0	; 
 	10	568	999999	0	0.0001	0	4	0	0	0	; 
 	10	570	999999	0	0.0001	0	4	0	0	0	; 
 	11	258	999999	0	0.0001	0	4	0	0	0	; 
 	11	784	999999	0	0.0001	0	4	0	0	0	; 
 	11	788	999999	0	0.0001	0	4	0	0	0	; 
 	11	792	999999	0	0.0001	0	4	0	0	0	; 
 	12	433	999999	0	0.0001	0	4	0	0	0	; 
 	12	437	999999	0	0.0001	0	4	0	0	0	; 
 	12	443	999999	0	0.0001	0	4	0	0	0	; 
 	12	444	999999	0	0.0001	0	4	0	0	0	; 
 	13	649	999999	0	0.0001	0	4	0	0	0	; 
 	13	684	999999	0	0.0001	0	4	0	0	0	; 
 	13	686	999999	0	0.0001	0	4	0	0	0	; 
 	13	974	999999	0	0.0001	0	4	0	0	0	; 
 	14	462	999999	0	0.0001	0	4	0	0	0	; 
 	14	463	999999	0	0.0001	0	4	0	0	0	; 
 	14	464	999999	0	0.0001	0	4	0	0	0	; 
 	14	467	999999	0	0.0001	0	4	0	0	0	; 
 	15	648	999999	0	0.0001	0	4	0	0	0	; 
 	15	658	999999	0	0.0001	0	4	0	0	0	; 
 	15	660	999999	0	0.0001	0	4	0	0	0	; 
 	15	674	999999	0	0.0001	0	4	0	0	0	; 
 	16	366	999999	0	0.0001	0	4	0	0	0	; 
 	16	767	999999	0	0.0001	0	4	0	0	0	; 
 	16	769	999999	0	0.0001	0	4	0	0	0	; 
 	16	770	999999	0	0.0001	0	4	0	0	0	; 
 	17	370	999999	0	0.0001	0	4	0	0	0	; 
 	17	471	999999	0	0.0001	0	4	0	0	0	; 
 	17	472	999999	0	0.0001	0	4	0	0	0	; 
 	17	474	999999	0	0.0001	0	4	0	0	0	; 
 	18	395	999999	0	0.0001	0	4	0	0	0	; 
 	18	454	999999	0	0.0001	0	4	0	0	0	; 
 	18	868	999999	0	0.0001	0	4	0	0	0	; 
 	18	870	999999	0	0.0001	0	4	0	0	0	; 
 	19	143	999999	0	0.0001	0	4	0	0	0	; 
 	19	286	999999	0	0.0001	0	4	0	0	0	; 
 	19	290	999999	0	0.0001	0	4	0	0	0	; 
 	19	804	999999	0	0.0001	0	4	0	0	0	; 
 	20	334	999999	0	0.0001	0	4	0	0	0	; 
 	20	335	999999	0	0.0001	0	4	0	0	0	; 
 	20	364	999999	0	0.0001	0	4	0	0	0	; 
 	20	367	999999	0	0.0001	0	4	0	0	0	; 
 	21	353	999999	0	0.0001	0	4	0	0	0	; 
 	21	360	999999	0	0.0001	0	4	0	0	0	; 
 	21	920	999999	0	0.0001	0	4	0	0	0	; 
 	21	922	999999	0	0.0001	0	4	0	0	0	; 
 	22	639	999999	0	0.0001	0	4	0	0	0	; 
 	22	641	999999	0	0.0001	0	4	0	0	0	; 
 	22	642	999999	0	0.0001	0	4	0	0	0	; 
 	22	938	999999	0	0.0001	0	4	0	0	0	; 
 	23	278	999999	0	0.0001	0	4	0	0	0	; 
 	23	875	999999	0	0.0001	0	4	0	0	0	; 
 	23	877	999999	0	0.0001	0	4	0	0	0	; 
 	23	878	999999	0	0.0001	0	4	0	0	0	; 
 	24	456	999999	0	0.0001	0	4	0	0	0	; 
 	24	733	999999	0	0.0001	0	4	0	0	0	; 
 	24	734	999999	0	0.0001	0	4	0	0	0	; 
 	24	735	999999	0	0.0001	0	4	0	0	0	; 
 	25	768	999999	0	0.0001	0	4	0	0	0	; 
 	25	772	999999	0	0.0001	0	4	0	0	0	; 
 	25	773	999999	0	0.0001	0	4	0	0	0	; 
 	25	775	999999	0	0.0001	0	4	0	0	0	; 
 	26	455	999999	0	0.0001	0	4	0	0	0	; 
 	26	768	999999	0	0.0001	0	4	0	0	0	; 
 	26	774	999999	0	0.0001	0	4	0	0	0	; 
 	26	826	999999	0	0.0001	0	4	0	0	0	; 
 	27	132	999999	0	0.0001	0	4	0	0	0	; 
 	27	200	999999	0	0.0001	0	4	0	0	0	; 
 	27	203	999999	0	0.0001	0	4	0	0	0	; 
 	27	268	999999	0	0.0001	0	4	0	0	0	; 
 	28	153	999999	0	0.0001	0	4	0	0	0	; 
 	28	158	999999	0	0.0001	0	4	0	0	0	; 
 	28	164	999999	0	0.0001	0	4	0	0	0	; 
 	28	167	999999	0	0.0001	0	4	0	0	0	; 
 	29	151	999999	0	0.0001	0	4	0	0	0	; 
 	29	152	999999	0	0.0001	0	4	0	0	0	; 
 	29	546	999999	0	0.0001	0	4	0	0	0	; 
 	29	549	999999	0	0.0001	0	4	0	0	0	; 
 	30	151	999999	0	0.0001	0	4	0	0	0	; 
 	30	152	999999	0	0.0001	0	4	0	0	0	; 
 	30	160	999999	0	0.0001	0	4	0	0	0	; 
 	30	953	999999	0	0.0001	0	4	0	0	0	; 
 	31	169	999999	0	0.0001	0	4	0	0	0	; 
 	31	171	999999	0	0.0001	0	4	0	0	0	; 
 	31	216	999999	0	0.0001	0	4	0	0	0	; 
 	31	217	999999	0	0.0001	0	4	0	0	0	; 
 	32	340	999999	0	0.0001	0	4	0	0	0	; 
 	32	341	999999	0	0.0001	0	4	0	0	0	; 
 	32	345	999999	0	0.0001	0	4	0	0	0	; 
 	32	352	999999	0	0.0001	0	4	0	0	0	; 
 	33	343	999999	0	0.0001	0	4	0	0	0	; 
 	33	347	999999	0	0.0001	0	4	0	0	0	; 
 	33	348	999999	0	0.0001	0	4	0	0	0	; 
 	33	476	999999	0	0.0001	0	4	0	0	0	; 
 	34	632	999999	0	0.0001	0	4	0	0	0	; 
 	34	633	999999	0	0.0001	0	4	0	0	0	; 
 	34	634	999999	0	0.0001	0	4	0	0	0	; 
 	34	637	999999	0	0.0001	0	4	0	0	0	; 
 	35	597	999999	0	0.0001	0	4	0	0	0	; 
 	35	710	999999	0	0.0001	0	4	0	0	0	; 
 	35	711	999999	0	0.0001	0	4	0	0	0	; 
 	35	712	999999	0	0.0001	0	4	0	0	0	; 
 	36	479	999999	0	0.0001	0	4	0	0	0	; 
 	36	493	999999	0	0.0001	0	4	0	0	0	; 
 	36	494	999999	0	0.0001	0	4	0	0	0	; 
 	36	497	999999	0	0.0001	0	4	0	0	0	; 
 	37	299	999999	0	0.0001	0	4	0	0	0	; 
 	37	739	999999	0	0.0001	0	4	0	0	0	; 
 	37	744	999999	0	0.0001	0	4	0	0	0	; 
 	37	846	999999	0	0.0001	0	4	0	0	0	; 
 	38	294	999999	0	0.0001	0	4	0	0	0	; 
 	38	749	999999	0	0.0001	0	4	0	0	0	; 
 	38	779	999999	0	0.0001	0	4	0	0	0	; 
 	38	782	999999	0	0.0001	0	4	0	0	0	; 
 	39	294	999999	0	0.0001	0	4	0	0	0	; 
 	39	297	999999	0	0.0001	0	4	0	0	0	; 
 	39	299	999999	0	0.0001	0	4	0	0	0	; 
 	39	739	999999	0	0.0001	0	4	0	0	0	; 
 	40	796	999999	0	0.0001	0	4	0	0	0	; 
 	40	800	999999	0	0.0001	0	4	0	0	0	; 
 	40	801	999999	0	0.0001	0	4	0	0	0	; 
 	40	897	999999	0	0.0001	0	4	0	0	0	; 
 	41	701	999999	0	0.0001	0	4	0	0	0	; 
 	41	704	999999	0	0.0001	0	4	0	0	0	; 
 	41	705	999999	0	0.0001	0	4	0	0	0	; 
 	41	736	999999	0	0.0001	0	4	0	0	0	; 
 	42	830	999999	0	0.0001	0	4	0	0	0	; 
 	42	912	999999	0	0.0001	0	4	0	0	0	; 
 	42	913	999999	0	0.0001	0	4	0	0	0	; 
 	42	915	999999	0	0.0001	0	4	0	0	0	; 
 	43	721	999999	0	0.0001	0	4	0	0	0	; 
 	43	794	999999	0	0.0001	0	4	0	0	0	; 
 	43	795	999999	0	0.0001	0	4	0	0	0	; 
 	43	796	999999	0	0.0001	0	4	0	0	0	; 
 	44	706	999999	0	0.0001	0	4	0	0	0	; 
 	44	708	999999	0	0.0001	0	4	0	0	0	; 
 	44	719	999999	0	0.0001	0	4	0	0	0	; 
 	44	724	999999	0	0.0001	0	4	0	0	0	; 
 	45	846	999999	0	0.0001	0	4	0	0	0	; 
 	45	930	999999	0	0.0001	0	4	0	0	0	; 
 	45	934	999999	0	0.0001	0	4	0	0	0	; 
 	45	936	999999	0	0.0001	0	4	0	0	0	; 
 	46	844	999999	0	0.0001	0	4	0	0	0	; 
 	46	860	999999	0	0.0001	0	4	0	0	0	; 
 	46	861	999999	0	0.0001	0	4	0	0	0	; 
 	46	863	999999	0	0.0001	0	4	0	0	0	; 
 	47	856	999999	0	0.0001	0	4	0	0	0	; 
 	47	857	999999	0	0.0001	0	4	0	0	0	; 
 	47	861	999999	0	0.0001	0	4	0	0	0	; 
 	47	864	999999	0	0.0001	0	4	0	0	0	; 
 	48	292	999999	0	0.0001	0	4	0	0	0	; 
 	48	302	999999	0	0.0001	0	4	0	0	0	; 
 	48	785	999999	0	0.0001	0	4	0	0	0	; 
 	48	789	999999	0	0.0001	0	4	0	0	0	; 
 	49	693	999999	0	0.0001	0	4	0	0	0	; 
 	49	696	999999	0	0.0001	0	4	0	0	0	; 
 	49	697	999999	0	0.0001	0	4	0	0	0	; 
 	49	698	999999	0	0.0001	0	4	0	0	0	; 
 	50	139	999999	0	0.0001	0	4	0	0	0	; 
 	50	584	999999	0	0.0001	0	4	0	0	0	; 
 	50	586	999999	0	0.0001	0	4	0	0	0	; 
 	50	587	999999	0	0.0001	0	4	0	0	0	; 
 	51	529	999999	0	0.0001	0	4	0	0	0	; 
 	51	530	999999	0	0.0001	0	4	0	0	0	; 
 	51	531	999999	0	0.0001	0	4	0	0	0	; 
 	51	951	999999	0	0.0001	0	4	0	0	0	; 
 	52	247	999999	0	0.0001	0	4	0	0	0	; 
 	52	248	999999	0	0.0001	0	4	0	0	0	; 
 	52	369	999999	0	0.0001	0	4	0	0	0	; 
 	52	370	999999	0	0.0001	0	4	0	0	0	; 
 	53	247	999999	0	0.0001	0	4	0	0	0	; 
 	53	248	999999	0	0.0001	0	4	0	0	0	; 
 	53	249	999999	0	0.0001	0	4	0	0	0	; 
 	53	250	999999	0	0.0001	0	4	0	0	0	; 
 	54	209	999999	0	0.0001	0	4	0	0	0	; 
 	54	211	999999	0	0.0001	0	4	0	0	0	; 
 	54	213	999999	0	0.0001	0	4	0	0	0	; 
 	54	218	999999	0	0.0001	0	4	0	0	0	; 
 	55	420	999999	0	0.0001	0	4	0	0	0	; 
 	55	421	999999	0	0.0001	0	4	0	0	0	; 
 	55	425	999999	0	0.0001	0	4	0	0	0	; 
 	55	426	999999	0	0.0001	0	4	0	0	0	; 
 	56	121	999999	0	0.0001	0	4	0	0	0	; 
 	56	122	999999	0	0.0001	0	4	0	0	0	; 
 	56	129	999999	0	0.0001	0	4	0	0	0	; 
 	56	449	999999	0	0.0001	0	4	0	0	0	; 
 	57	276	999999	0	0.0001	0	4	0	0	0	; 
 	57	354	999999	0	0.0001	0	4	0	0	0	; 
 	57	356	999999	0	0.0001	0	4	0	0	0	; 
 	57	358	999999	0	0.0001	0	4	0	0	0	; 
 	58	124	999999	0	0.0001	0	4	0	0	0	; 
 	58	125	999999	0	0.0001	0	4	0	0	0	; 
 	58	277	999999	0	0.0001	0	4	0	0	0	; 
 	58	285	999999	0	0.0001	0	4	0	0	0	; 
 	59	264	999999	0	0.0001	0	4	0	0	0	; 
 	59	269	999999	0	0.0001	0	4	0	0	0	; 
 	59	457	999999	0	0.0001	0	4	0	0	0	; 
 	59	700	999999	0	0.0001	0	4	0	0	0	; 
 	60	263	999999	0	0.0001	0	4	0	0	0	; 
 	60	265	999999	0	0.0001	0	4	0	0	0	; 
 	60	267	999999	0	0.0001	0	4	0	0	0	; 
 	60	272	999999	0	0.0001	0	4	0	0	0	; 
 	61	264	999999	0	0.0001	0	4	0	0	0	; 
 	61	269	999999	0	0.0001	0	4	0	0	0	; 
 	61	270	999999	0	0.0001	0	4	0	0	0	; 
 	61	700	999999	0	0.0001	0	4	0	0	0	; 
 	62	204	999999	0	0.0001	0	4	0	0	0	; 
 	62	206	999999	0	0.0001	0	4	0	0	0	; 
 	62	264	999999	0	0.0001	0	4	0	0	0	; 
 	62	266	999999	0	0.0001	0	4	0	0	0	; 
 	63	268	999999	0	0.0001	0	4	0	0	0	; 
 	63	272	999999	0	0.0001	0	4	0	0	0	; 
 	63	273	999999	0	0.0001	0	4	0	0	0	; 
 	63	323	999999	0	0.0001	0	4	0	0	0	; 
 	64	545	999999	0	0.0001	0	4	0	0	0	; 
 	64	551	999999	0	0.0001	0	4	0	0	0	; 
 	64	554	999999	0	0.0001	0	4	0	0	0	; 
 	64	644	999999	0	0.0001	0	4	0	0	0	; 
 	65	144	999999	0	0.0001	0	4	0	0	0	; 
 	65	184	999999	0	0.0001	0	4	0	0	0	; 
 	65	551	999999	0	0.0001	0	4	0	0	0	; 
 	65	555	999999	0	0.0001	0	4	0	0	0	; 
 	66	144	999999	0	0.0001	0	4	0	0	0	; 
 	66	145	999999	0	0.0001	0	4	0	0	0	; 
 	66	146	999999	0	0.0001	0	4	0	0	0	; 
 	66	219	999999	0	0.0001	0	4	0	0	0	; 
 	67	552	999999	0	0.0001	0	4	0	0	0	; 
 	67	583	999999	0	0.0001	0	4	0	0	0	; 
 	67	584	999999	0	0.0001	0	4	0	0	0	; 
 	67	617	999999	0	0.0001	0	4	0	0	0	; 
 	68	602	999999	0	0.0001	0	4	0	0	0	; 
 	68	609	999999	0	0.0001	0	4	0	0	0	; 
 	68	612	999999	0	0.0001	0	4	0	0	0	; 
 	68	941	999999	0	0.0001	0	4	0	0	0	; 
 	69	602	999999	0	0.0001	0	4	0	0	0	; 
 	69	604	999999	0	0.0001	0	4	0	0	0	; 
 	69	612	999999	0	0.0001	0	4	0	0	0	; 
 	69	939	999999	0	0.0001	0	4	0	0	0	; 
 	70	147	999999	0	0.0001	0	4	0	0	0	; 
 	70	163	999999	0	0.0001	0	4	0	0	0	; 
 	70	175	999999	0	0.0001	0	4	0	0	0	; 
 	70	522	999999	0	0.0001	0	4	0	0	0	; 
 	71	344	999999	0	0.0001	0	4	0	0	0	; 
 	71	346	999999	0	0.0001	0	4	0	0	0	; 
 	71	349	999999	0	0.0001	0	4	0	0	0	; 
 	71	350	999999	0	0.0001	0	4	0	0	0	; 
 	72	515	999999	0	0.0001	0	4	0	0	0	; 
 	72	524	999999	0	0.0001	0	4	0	0	0	; 
 	72	526	999999	0	0.0001	0	4	0	0	0	; 
 	72	527	999999	0	0.0001	0	4	0	0	0	; 
 	73	435	999999	0	0.0001	0	4	0	0	0	; 
 	73	445	999999	0	0.0001	0	4	0	0	0	; 
 	73	507	999999	0	0.0001	0	4	0	0	0	; 
 	73	508	999999	0	0.0001	0	4	0	0	0	; 
 	74	338	999999	0	0.0001	0	4	0	0	0	; 
 	74	342	999999	0	0.0001	0	4	0	0	0	; 
 	74	509	999999	0	0.0001	0	4	0	0	0	; 
 	74	957	999999	0	0.0001	0	4	0	0	0	; 
 	75	558	999999	0	0.0001	0	4	0	0	0	; 
 	75	559	999999	0	0.0001	0	4	0	0	0	; 
 	75	585	999999	0	0.0001	0	4	0	0	0	; 
 	75	608	999999	0	0.0001	0	4	0	0	0	; 
 	76	534	999999	0	0.0001	0	4	0	0	0	; 
 	76	543	999999	0	0.0001	0	4	0	0	0	; 
 	76	601	999999	0	0.0001	0	4	0	0	0	; 
 	76	603	999999	0	0.0001	0	4	0	0	0	; 
 	77	479	999999	0	0.0001	0	4	0	0	0	; 
 	77	480	999999	0	0.0001	0	4	0	0	0	; 
 	77	483	999999	0	0.0001	0	4	0	0	0	; 
 	77	484	999999	0	0.0001	0	4	0	0	0	; 
 	78	771	999999	0	0.0001	0	4	0	0	0	; 
 	78	776	999999	0	0.0001	0	4	0	0	0	; 
 	78	777	999999	0	0.0001	0	4	0	0	0	; 
 	78	778	999999	0	0.0001	0	4	0	0	0	; 
 	79	303	999999	0	0.0001	0	4	0	0	0	; 
 	79	738	999999	0	0.0001	0	4	0	0	0	; 
 	79	742	999999	0	0.0001	0	4	0	0	0	; 
 	79	779	999999	0	0.0001	0	4	0	0	0	; 
 	80	102	999999	0	0.0001	0	4	0	0	0	; 
 	80	776	999999	0	0.0001	0	4	0	0	0	; 
 	80	777	999999	0	0.0001	0	4	0	0	0	; 
 	80	959	999999	0	0.0001	0	4	0	0	0	; 
 	81	322	999999	0	0.0001	0	4	0	0	0	; 
 	81	324	999999	0	0.0001	0	4	0	0	0	; 
 	81	374	999999	0	0.0001	0	4	0	0	0	; 
 	81	378	999999	0	0.0001	0	4	0	0	0	; 
 	82	571	999999	0	0.0001	0	4	0	0	0	; 
 	82	574	999999	0	0.0001	0	4	0	0	0	; 
 	82	575	999999	0	0.0001	0	4	0	0	0	; 
 	82	579	999999	0	0.0001	0	4	0	0	0	; 
 	83	224	999999	0	0.0001	0	4	0	0	0	; 
 	83	225	999999	0	0.0001	0	4	0	0	0	; 
 	83	238	999999	0	0.0001	0	4	0	0	0	; 
 	83	274	999999	0	0.0001	0	4	0	0	0	; 
 	84	209	999999	0	0.0001	0	4	0	0	0	; 
 	84	307	999999	0	0.0001	0	4	0	0	0	; 
 	84	308	999999	0	0.0001	0	4	0	0	0	; 
 	84	309	999999	0	0.0001	0	4	0	0	0	; 
 	85	110	999999	0	0.0001	0	4	0	0	0	; 
 	85	355	999999	0	0.0001	0	4	0	0	0	; 
 	85	361	999999	0	0.0001	0	4	0	0	0	; 
 	85	625	999999	0	0.0001	0	4	0	0	0	; 
 	86	272	999999	0	0.0001	0	4	0	0	0	; 
 	86	273	999999	0	0.0001	0	4	0	0	0	; 
 	86	310	999999	0	0.0001	0	4	0	0	0	; 
 	86	323	999999	0	0.0001	0	4	0	0	0	; 
 	87	620	999999	0	0.0001	0	4	0	0	0	; 
 	87	643	999999	0	0.0001	0	4	0	0	0	; 
 	87	924	999999	0	0.0001	0	4	0	0	0	; 
 	87	925	999999	0	0.0001	0	4	0	0	0	; 
 	88	401	999999	0	0.0001	0	4	0	0	0	; 
 	88	402	999999	0	0.0001	0	4	0	0	0	; 
 	88	546	999999	0	0.0001	0	4	0	0	0	; 
 	88	548	999999	0	0.0001	0	4	0	0	0	; 
 	89	147	999999	0	0.0001	0	4	0	0	0	; 
 	89	148	999999	0	0.0001	0	4	0	0	0	; 
 	89	163	999999	0	0.0001	0	4	0	0	0	; 
 	89	175	999999	0	0.0001	0	4	0	0	0	; 
 	90	108	999999	0	0.0001	0	4	0	0	0	; 
 	90	518	999999	0	0.0001	0	4	0	0	0	; 
 	90	520	999999	0	0.0001	0	4	0	0	0	; 
 	90	521	999999	0	0.0001	0	4	0	0	0	; 
 	91	187	999999	0	0.0001	0	4	0	0	0	; 
 	91	188	999999	0	0.0001	0	4	0	0	0	; 
 	91	215	999999	0	0.0001	0	4	0	0	0	; 
 	91	611	999999	0	0.0001	0	4	0	0	0	; 
 	92	257	999999	0	0.0001	0	4	0	0	0	; 
 	92	611	999999	0	0.0001	0	4	0	0	0	; 
 	92	711	999999	0	0.0001	0	4	0	0	0	; 
 	92	839	999999	0	0.0001	0	4	0	0	0	; 
 	93	597	999999	0	0.0001	0	4	0	0	0	; 
 	93	611	999999	0	0.0001	0	4	0	0	0	; 
 	93	710	999999	0	0.0001	0	4	0	0	0	; 
 	93	716	999999	0	0.0001	0	4	0	0	0	; 
 	94	311	999999	0	0.0001	0	4	0	0	0	; 
 	94	312	999999	0	0.0001	0	4	0	0	0	; 
 	94	764	999999	0	0.0001	0	4	0	0	0	; 
 	94	765	999999	0	0.0001	0	4	0	0	0	; 
 	95	190	999999	0	0.0001	0	4	0	0	0	; 
 	95	199	999999	0	0.0001	0	4	0	0	0	; 
 	95	517	999999	0	0.0001	0	4	0	0	0	; 
 	95	967	999999	0	0.0001	0	4	0	0	0	; 
 	96	738	999999	0	0.0001	0	4	0	0	0	; 
 	96	745	999999	0	0.0001	0	4	0	0	0	; 
 	96	777	999999	0	0.0001	0	4	0	0	0	; 
 	96	894	999999	0	0.0001	0	4	0	0	0	; 
 	97	835	999999	0	0.0001	0	4	0	0	0	; 
 	98	518	999999	0	0.0001	0	4	0	0	0	; 
 	98	519	999999	0	0.0001	0	4	0	0	0	; 
 	102	80	999999	0	0.0001	0	4	0	0	0	; 
 	108	90	999999	0	0.0001	0	4	0	0	0	; 
 	110	85	999999	0	0.0001	0	4	0	0	0	; 
 	121	56	999999	0	0.0001	0	4	0	0	0	; 
 	122	56	999999	0	0.0001	0	4	0	0	0	; 
 	124	58	999999	0	0.0001	0	4	0	0	0	; 
 	125	58	999999	0	0.0001	0	4	0	0	0	; 
 	129	56	999999	0	0.0001	0	4	0	0	0	; 
 	132	27	999999	0	0.0001	0	4	0	0	0	; 
 	139	50	999999	0	0.0001	0	4	0	0	0	; 
 	143	19	999999	0	0.0001	0	4	0	0	0	; 
 	144	65	999999	0	0.0001	0	4	0	0	0	; 
 	144	66	999999	0	0.0001	0	4	0	0	0	; 
 	145	66	999999	0	0.0001	0	4	0	0	0	; 
 	146	66	999999	0	0.0001	0	4	0	0	0	; 
 	147	70	999999	0	0.0001	0	4	0	0	0	; 
 	147	89	999999	0	0.0001	0	4	0	0	0	; 
 	148	89	999999	0	0.0001	0	4	0	0	0	; 
 	151	29	999999	0	0.0001	0	4	0	0	0	; 
 	151	30	999999	0	0.0001	0	4	0	0	0	; 
 	152	29	999999	0	0.0001	0	4	0	0	0	; 
 	152	30	999999	0	0.0001	0	4	0	0	0	; 
 	153	28	999999	0	0.0001	0	4	0	0	0	; 
 	158	28	999999	0	0.0001	0	4	0	0	0	; 
 	160	30	999999	0	0.0001	0	4	0	0	0	; 
 	163	70	999999	0	0.0001	0	4	0	0	0	; 
 	163	89	999999	0	0.0001	0	4	0	0	0	; 
 	164	28	999999	0	0.0001	0	4	0	0	0	; 
 	167	28	999999	0	0.0001	0	4	0	0	0	; 
 	169	31	999999	0	0.0001	0	4	0	0	0	; 
 	171	31	999999	0	0.0001	0	4	0	0	0	; 
 	175	70	999999	0	0.0001	0	4	0	0	0	; 
 	175	89	999999	0	0.0001	0	4	0	0	0	; 
 	184	65	999999	0	0.0001	0	4	0	0	0	; 
 	187	91	999999	0	0.0001	0	4	0	0	0	; 
 	188	91	999999	0	0.0001	0	4	0	0	0	; 
 	190	95	999999	0	0.0001	0	4	0	0	0	; 
 	199	95	999999	0	0.0001	0	4	0	0	0	; 
 	200	27	999999	0	0.0001	0	4	0	0	0	; 
 	203	27	999999	0	0.0001	0	4	0	0	0	; 
 	204	62	999999	0	0.0001	0	4	0	0	0	; 
 	206	62	999999	0	0.0001	0	4	0	0	0	; 
 	209	54	999999	0	0.0001	0	4	0	0	0	; 
 	209	84	999999	0	0.0001	0	4	0	0	0	; 
 	211	54	999999	0	0.0001	0	4	0	0	0	; 
 	213	54	999999	0	0.0001	0	4	0	0	0	; 
 	215	91	999999	0	0.0001	0	4	0	0	0	; 
 	216	31	999999	0	0.0001	0	4	0	0	0	; 
 	217	31	999999	0	0.0001	0	4	0	0	0	; 
 	218	54	999999	0	0.0001	0	4	0	0	0	; 
 	219	66	999999	0	0.0001	0	4	0	0	0	; 
 	222	7	999999	0	0.0001	0	4	0	0	0	; 
 	223	7	999999	0	0.0001	0	4	0	0	0	; 
 	224	83	999999	0	0.0001	0	4	0	0	0	; 
 	225	83	999999	0	0.0001	0	4	0	0	0	; 
 	232	7	999999	0	0.0001	0	4	0	0	0	; 
 	238	83	999999	0	0.0001	0	4	0	0	0	; 
 	241	7	999999	0	0.0001	0	4	0	0	0	; 
 	247	52	999999	0	0.0001	0	4	0	0	0	; 
 	247	53	999999	0	0.0001	0	4	0	0	0	; 
 	248	52	999999	0	0.0001	0	4	0	0	0	; 
 	248	53	999999	0	0.0001	0	4	0	0	0	; 
 	249	53	999999	0	0.0001	0	4	0	0	0	; 
 	250	53	999999	0	0.0001	0	4	0	0	0	; 
 	257	92	999999	0	0.0001	0	4	0	0	0	; 
 	258	11	999999	0	0.0001	0	4	0	0	0	; 
 	263	60	999999	0	0.0001	0	4	0	0	0	; 
 	264	59	999999	0	0.0001	0	4	0	0	0	; 
 	264	61	999999	0	0.0001	0	4	0	0	0	; 
 	264	62	999999	0	0.0001	0	4	0	0	0	; 
 	265	60	999999	0	0.0001	0	4	0	0	0	; 
 	266	62	999999	0	0.0001	0	4	0	0	0	; 
 	267	60	999999	0	0.0001	0	4	0	0	0	; 
 	268	27	999999	0	0.0001	0	4	0	0	0	; 
 	268	63	999999	0	0.0001	0	4	0	0	0	; 
 	269	59	999999	0	0.0001	0	4	0	0	0	; 
 	269	61	999999	0	0.0001	0	4	0	0	0	; 
 	270	61	999999	0	0.0001	0	4	0	0	0	; 
 	272	60	999999	0	0.0001	0	4	0	0	0	; 
 	272	63	999999	0	0.0001	0	4	0	0	0	; 
 	272	86	999999	0	0.0001	0	4	0	0	0	; 
 	273	63	999999	0	0.0001	0	4	0	0	0	; 
 	273	86	999999	0	0.0001	0	4	0	0	0	; 
 	274	83	999999	0	0.0001	0	4	0	0	0	; 
 	276	57	999999	0	0.0001	0	4	0	0	0	; 
 	277	58	999999	0	0.0001	0	4	0	0	0	; 
 	278	23	999999	0	0.0001	0	4	0	0	0	; 
 	285	58	999999	0	0.0001	0	4	0	0	0	; 
 	286	19	999999	0	0.0001	0	4	0	0	0	; 
 	290	19	999999	0	0.0001	0	4	0	0	0	; 
 	292	48	999999	0	0.0001	0	4	0	0	0	; 
 	294	38	999999	0	0.0001	0	4	0	0	0	; 
 	294	39	999999	0	0.0001	0	4	0	0	0	; 
 	297	39	999999	0	0.0001	0	4	0	0	0	; 
 	299	37	999999	0	0.0001	0	4	0	0	0	; 
 	299	39	999999	0	0.0001	0	4	0	0	0	; 
 	302	48	999999	0	0.0001	0	4	0	0	0	; 
 	303	79	999999	0	0.0001	0	4	0	0	0	; 
 	307	84	999999	0	0.0001	0	4	0	0	0	; 
 	308	84	999999	0	0.0001	0	4	0	0	0	; 
 	309	84	999999	0	0.0001	0	4	0	0	0	; 
 	310	86	999999	0	0.0001	0	4	0	0	0	; 
 	311	94	999999	0	0.0001	0	4	0	0	0	; 
 	312	94	999999	0	0.0001	0	4	0	0	0	; 
 	322	81	999999	0	0.0001	0	4	0	0	0	; 
 	323	63	999999	0	0.0001	0	4	0	0	0	; 
 	323	86	999999	0	0.0001	0	4	0	0	0	; 
 	324	81	999999	0	0.0001	0	4	0	0	0	; 
 	334	20	999999	0	0.0001	0	4	0	0	0	; 
 	335	20	999999	0	0.0001	0	4	0	0	0	; 
 	338	74	999999	0	0.0001	0	4	0	0	0	; 
 	340	32	999999	0	0.0001	0	4	0	0	0	; 
 	341	32	999999	0	0.0001	0	4	0	0	0	; 
 	342	74	999999	0	0.0001	0	4	0	0	0	; 
 	343	33	999999	0	0.0001	0	4	0	0	0	; 
 	344	71	999999	0	0.0001	0	4	0	0	0	; 
 	345	32	999999	0	0.0001	0	4	0	0	0	; 
 	346	71	999999	0	0.0001	0	4	0	0	0	; 
 	347	33	999999	0	0.0001	0	4	0	0	0	; 
 	348	33	999999	0	0.0001	0	4	0	0	0	; 
 	349	71	999999	0	0.0001	0	4	0	0	0	; 
 	350	71	999999	0	0.0001	0	4	0	0	0	; 
 	352	32	999999	0	0.0001	0	4	0	0	0	; 
 	353	21	999999	0	0.0001	0	4	0	0	0	; 
 	354	57	999999	0	0.0001	0	4	0	0	0	; 
 	355	85	999999	0	0.0001	0	4	0	0	0	; 
 	356	57	999999	0	0.0001	0	4	0	0	0	; 
 	358	57	999999	0	0.0001	0	4	0	0	0	; 
 	360	21	999999	0	0.0001	0	4	0	0	0	; 
 	361	85	999999	0	0.0001	0	4	0	0	0	; 
 	364	20	999999	0	0.0001	0	4	0	0	0	; 
 	366	16	999999	0	0.0001	0	4	0	0	0	; 
 	367	20	999999	0	0.0001	0	4	0	0	0	; 
 	369	52	999999	0	0.0001	0	4	0	0	0	; 
 	370	17	999999	0	0.0001	0	4	0	0	0	; 
 	370	52	999999	0	0.0001	0	4	0	0	0	; 
 	374	81	999999	0	0.0001	0	4	0	0	0	; 
 	378	81	999999	0	0.0001	0	4	0	0	0	; 
 	395	18	999999	0	0.0001	0	4	0	0	0	; 
 	401	88	999999	0	0.0001	0	4	0	0	0	; 
 	402	88	999999	0	0.0001	0	4	0	0	0	; 
 	420	55	999999	0	0.0001	0	4	0	0	0	; 
 	421	55	999999	0	0.0001	0	4	0	0	0	; 
 	425	55	999999	0	0.0001	0	4	0	0	0	; 
 	426	55	999999	0	0.0001	0	4	0	0	0	; 
 	433	12	999999	0	0.0001	0	4	0	0	0	; 
 	435	73	999999	0	0.0001	0	4	0	0	0	; 
 	437	12	999999	0	0.0001	0	4	0	0	0	; 
 	443	12	999999	0	0.0001	0	4	0	0	0	; 
 	444	12	999999	0	0.0001	0	4	0	0	0	; 
 	445	73	999999	0	0.0001	0	4	0	0	0	; 
 	449	56	999999	0	0.0001	0	4	0	0	0	; 
 	454	18	999999	0	0.0001	0	4	0	0	0	; 
 	455	26	999999	0	0.0001	0	4	0	0	0	; 
 	456	24	999999	0	0.0001	0	4	0	0	0	; 
 	457	59	999999	0	0.0001	0	4	0	0	0	; 
 	462	14	999999	0	0.0001	0	4	0	0	0	; 
 	463	14	999999	0	0.0001	0	4	0	0	0	; 
 	464	14	999999	0	0.0001	0	4	0	0	0	; 
 	467	14	999999	0	0.0001	0	4	0	0	0	; 
 	471	17	999999	0	0.0001	0	4	0	0	0	; 
 	472	17	999999	0	0.0001	0	4	0	0	0	; 
 	474	17	999999	0	0.0001	0	4	0	0	0	; 
 	476	33	999999	0	0.0001	0	4	0	0	0	; 
 	479	36	999999	0	0.0001	0	4	0	0	0	; 
 	479	77	999999	0	0.0001	0	4	0	0	0	; 
 	480	77	999999	0	0.0001	0	4	0	0	0	; 
 	483	77	999999	0	0.0001	0	4	0	0	0	; 
 	484	77	999999	0	0.0001	0	4	0	0	0	; 
 	493	36	999999	0	0.0001	0	4	0	0	0	; 
 	494	36	999999	0	0.0001	0	4	0	0	0	; 
 	497	36	999999	0	0.0001	0	4	0	0	0	; 
 	507	73	999999	0	0.0001	0	4	0	0	0	; 
 	508	73	999999	0	0.0001	0	4	0	0	0	; 
 	509	74	999999	0	0.0001	0	4	0	0	0	; 
 	515	72	999999	0	0.0001	0	4	0	0	0	; 
 	517	95	999999	0	0.0001	0	4	0	0	0	; 
 	518	90	999999	0	0.0001	0	4	0	0	0	; 
 	518	98	999999	0	0.0001	0	4	0	0	0	; 
 	519	98	999999	0	0.0001	0	4	0	0	0	; 
 	520	90	999999	0	0.0001	0	4	0	0	0	; 
 	521	90	999999	0	0.0001	0	4	0	0	0	; 
 	522	70	999999	0	0.0001	0	4	0	0	0	; 
 	524	72	999999	0	0.0001	0	4	0	0	0	; 
 	526	72	999999	0	0.0001	0	4	0	0	0	; 
 	527	72	999999	0	0.0001	0	4	0	0	0	; 
 	529	51	999999	0	0.0001	0	4	0	0	0	; 
 	530	51	999999	0	0.0001	0	4	0	0	0	; 
 	531	51	999999	0	0.0001	0	4	0	0	0	; 
 	534	76	999999	0	0.0001	0	4	0	0	0	; 
 	543	76	999999	0	0.0001	0	4	0	0	0	; 
 	545	64	999999	0	0.0001	0	4	0	0	0	; 
 	546	29	999999	0	0.0001	0	4	0	0	0	; 
 	546	88	999999	0	0.0001	0	4	0	0	0	; 
 	548	88	999999	0	0.0001	0	4	0	0	0	; 
 	549	29	999999	0	0.0001	0	4	0	0	0	; 
 	551	64	999999	0	0.0001	0	4	0	0	0	; 
 	551	65	999999	0	0.0001	0	4	0	0	0	; 
 	552	67	999999	0	0.0001	0	4	0	0	0	; 
 	554	64	999999	0	0.0001	0	4	0	0	0	; 
 	555	65	999999	0	0.0001	0	4	0	0	0	; 
 	558	75	999999	0	0.0001	0	4	0	0	0	; 
 	559	75	999999	0	0.0001	0	4	0	0	0	; 
 	564	10	999999	0	0.0001	0	4	0	0	0	; 
 	566	10	999999	0	0.0001	0	4	0	0	0	; 
 	568	10	999999	0	0.0001	0	4	0	0	0	; 
 	570	10	999999	0	0.0001	0	4	0	0	0	; 
 	571	82	999999	0	0.0001	0	4	0	0	0	; 
 	574	82	999999	0	0.0001	0	4	0	0	0	; 
 	575	82	999999	0	0.0001	0	4	0	0	0	; 
 	579	82	999999	0	0.0001	0	4	0	0	0	; 
 	583	67	999999	0	0.0001	0	4	0	0	0	; 
 	584	50	999999	0	0.0001	0	4	0	0	0	; 
 	584	67	999999	0	0.0001	0	4	0	0	0	; 
 	585	75	999999	0	0.0001	0	4	0	0	0	; 
 	586	50	999999	0	0.0001	0	4	0	0	0	; 
 	587	50	999999	0	0.0001	0	4	0	0	0	; 
 	588	9	999999	0	0.0001	0	4	0	0	0	; 
 	597	35	999999	0	0.0001	0	4	0	0	0	; 
 	597	93	999999	0	0.0001	0	4	0	0	0	; 
 	601	76	999999	0	0.0001	0	4	0	0	0	; 
 	602	68	999999	0	0.0001	0	4	0	0	0	; 
 	602	69	999999	0	0.0001	0	4	0	0	0	; 
 	603	76	999999	0	0.0001	0	4	0	0	0	; 
 	604	69	999999	0	0.0001	0	4	0	0	0	; 
 	608	75	999999	0	0.0001	0	4	0	0	0	; 
 	609	68	999999	0	0.0001	0	4	0	0	0	; 
 	611	91	999999	0	0.0001	0	4	0	0	0	; 
 	611	92	999999	0	0.0001	0	4	0	0	0	; 
 	611	93	999999	0	0.0001	0	4	0	0	0	; 
 	612	68	999999	0	0.0001	0	4	0	0	0	; 
 	612	69	999999	0	0.0001	0	4	0	0	0	; 
 	617	67	999999	0	0.0001	0	4	0	0	0	; 
 	620	87	999999	0	0.0001	0	4	0	0	0	; 
 	625	85	999999	0	0.0001	0	4	0	0	0	; 
 	632	34	999999	0	0.0001	0	4	0	0	0	; 
 	633	34	999999	0	0.0001	0	4	0	0	0	; 
 	634	34	999999	0	0.0001	0	4	0	0	0	; 
 	637	34	999999	0	0.0001	0	4	0	0	0	; 
 	639	22	999999	0	0.0001	0	4	0	0	0	; 
 	641	22	999999	0	0.0001	0	4	0	0	0	; 
 	642	22	999999	0	0.0001	0	4	0	0	0	; 
 	643	87	999999	0	0.0001	0	4	0	0	0	; 
 	644	64	999999	0	0.0001	0	4	0	0	0	; 
 	648	15	999999	0	0.0001	0	4	0	0	0	; 
 	649	13	999999	0	0.0001	0	4	0	0	0	; 
 	651	9	999999	0	0.0001	0	4	0	0	0	; 
 	658	15	999999	0	0.0001	0	4	0	0	0	; 
 	659	9	999999	0	0.0001	0	4	0	0	0	; 
 	660	15	999999	0	0.0001	0	4	0	0	0	; 
 	674	15	999999	0	0.0001	0	4	0	0	0	; 
 	679	6	999999	0	0.0001	0	4	0	0	0	; 
 	684	13	999999	0	0.0001	0	4	0	0	0	; 
 	686	13	999999	0	0.0001	0	4	0	0	0	; 
 	693	49	999999	0	0.0001	0	4	0	0	0	; 
 	696	49	999999	0	0.0001	0	4	0	0	0	; 
 	697	49	999999	0	0.0001	0	4	0	0	0	; 
 	698	49	999999	0	0.0001	0	4	0	0	0	; 
 	700	59	999999	0	0.0001	0	4	0	0	0	; 
 	700	61	999999	0	0.0001	0	4	0	0	0	; 
 	701	41	999999	0	0.0001	0	4	0	0	0	; 
 	704	41	999999	0	0.0001	0	4	0	0	0	; 
 	705	41	999999	0	0.0001	0	4	0	0	0	; 
 	706	44	999999	0	0.0001	0	4	0	0	0	; 
 	707	6	999999	0	0.0001	0	4	0	0	0	; 
 	708	44	999999	0	0.0001	0	4	0	0	0	; 
 	710	35	999999	0	0.0001	0	4	0	0	0	; 
 	710	93	999999	0	0.0001	0	4	0	0	0	; 
 	711	35	999999	0	0.0001	0	4	0	0	0	; 
 	711	92	999999	0	0.0001	0	4	0	0	0	; 
 	712	35	999999	0	0.0001	0	4	0	0	0	; 
 	716	93	999999	0	0.0001	0	4	0	0	0	; 
 	719	4	999999	0	0.0001	0	4	0	0	0	; 
 	719	44	999999	0	0.0001	0	4	0	0	0	; 
 	721	43	999999	0	0.0001	0	4	0	0	0	; 
 	724	4	999999	0	0.0001	0	4	0	0	0	; 
 	724	44	999999	0	0.0001	0	4	0	0	0	; 
 	725	4	999999	0	0.0001	0	4	0	0	0	; 
 	733	24	999999	0	0.0001	0	4	0	0	0	; 
 	734	24	999999	0	0.0001	0	4	0	0	0	; 
 	735	24	999999	0	0.0001	0	4	0	0	0	; 
 	736	41	999999	0	0.0001	0	4	0	0	0	; 
 	738	79	999999	0	0.0001	0	4	0	0	0	; 
 	738	96	999999	0	0.0001	0	4	0	0	0	; 
 	739	37	999999	0	0.0001	0	4	0	0	0	; 
 	739	39	999999	0	0.0001	0	4	0	0	0	; 
 	742	79	999999	0	0.0001	0	4	0	0	0	; 
 	744	37	999999	0	0.0001	0	4	0	0	0	; 
 	745	96	999999	0	0.0001	0	4	0	0	0	; 
 	749	38	999999	0	0.0001	0	4	0	0	0	; 
 	751	2	999999	0	0.0001	0	4	0	0	0	; 
 	752	5	999999	0	0.0001	0	4	0	0	0	; 
 	753	2	999999	0	0.0001	0	4	0	0	0	; 
 	753	5	999999	0	0.0001	0	4	0	0	0	; 
 	754	2	999999	0	0.0001	0	4	0	0	0	; 
 	756	3	999999	0	0.0001	0	4	0	0	0	; 
 	757	3	999999	0	0.0001	0	4	0	0	0	; 
 	758	3	999999	0	0.0001	0	4	0	0	0	; 
 	759	3	999999	0	0.0001	0	4	0	0	0	; 
 	761	4	999999	0	0.0001	0	4	0	0	0	; 
 	762	6	999999	0	0.0001	0	4	0	0	0	; 
 	764	94	999999	0	0.0001	0	4	0	0	0	; 
 	765	94	999999	0	0.0001	0	4	0	0	0	; 
 	767	16	999999	0	0.0001	0	4	0	0	0	; 
 	768	25	999999	0	0.0001	0	4	0	0	0	; 
 	768	26	999999	0	0.0001	0	4	0	0	0	; 
 	769	16	999999	0	0.0001	0	4	0	0	0	; 
 	770	16	999999	0	0.0001	0	4	0	0	0	; 
 	771	78	999999	0	0.0001	0	4	0	0	0	; 
 	772	25	999999	0	0.0001	0	4	0	0	0	; 
 	773	25	999999	0	0.0001	0	4	0	0	0	; 
 	774	26	999999	0	0.0001	0	4	0	0	0	; 
 	775	25	999999	0	0.0001	0	4	0	0	0	; 
 	776	78	999999	0	0.0001	0	4	0	0	0	; 
 	776	80	999999	0	0.0001	0	4	0	0	0	; 
 	777	78	999999	0	0.0001	0	4	0	0	0	; 
 	777	80	999999	0	0.0001	0	4	0	0	0	; 
 	777	96	999999	0	0.0001	0	4	0	0	0	; 
 	778	78	999999	0	0.0001	0	4	0	0	0	; 
 	779	38	999999	0	0.0001	0	4	0	0	0	; 
 	779	79	999999	0	0.0001	0	4	0	0	0	; 
 	781	2	999999	0	0.0001	0	4	0	0	0	; 
 	782	38	999999	0	0.0001	0	4	0	0	0	; 
 	784	11	999999	0	0.0001	0	4	0	0	0	; 
 	785	48	999999	0	0.0001	0	4	0	0	0	; 
 	788	11	999999	0	0.0001	0	4	0	0	0	; 
 	789	48	999999	0	0.0001	0	4	0	0	0	; 
 	792	11	999999	0	0.0001	0	4	0	0	0	; 
 	794	43	999999	0	0.0001	0	4	0	0	0	; 
 	795	43	999999	0	0.0001	0	4	0	0	0	; 
 	796	40	999999	0	0.0001	0	4	0	0	0	; 
 	796	43	999999	0	0.0001	0	4	0	0	0	; 
 	800	40	999999	0	0.0001	0	4	0	0	0	; 
 	801	40	999999	0	0.0001	0	4	0	0	0	; 
 	804	19	999999	0	0.0001	0	4	0	0	0	; 
 	809	6	999999	0	0.0001	0	4	0	0	0	; 
 	817	1	999999	0	0.0001	0	4	0	0	0	; 
 	818	1	999999	0	0.0001	0	4	0	0	0	; 
 	821	1	999999	0	0.0001	0	4	0	0	0	; 
 	822	1	999999	0	0.0001	0	4	0	0	0	; 
 	826	26	999999	0	0.0001	0	4	0	0	0	; 
 	830	42	999999	0	0.0001	0	4	0	0	0	; 
 	835	97	999999	0	0.0001	0	4	0	0	0	; 
 	839	92	999999	0	0.0001	0	4	0	0	0	; 
 	844	46	999999	0	0.0001	0	4	0	0	0	; 
 	846	37	999999	0	0.0001	0	4	0	0	0	; 
 	846	45	999999	0	0.0001	0	4	0	0	0	; 
 	856	47	999999	0	0.0001	0	4	0	0	0	; 
 	857	47	999999	0	0.0001	0	4	0	0	0	; 
 	860	46	999999	0	0.0001	0	4	0	0	0	; 
 	861	46	999999	0	0.0001	0	4	0	0	0	; 
 	861	47	999999	0	0.0001	0	4	0	0	0	; 
 	863	46	999999	0	0.0001	0	4	0	0	0	; 
 	864	47	999999	0	0.0001	0	4	0	0	0	; 
 	868	18	999999	0	0.0001	0	4	0	0	0	; 
 	870	18	999999	0	0.0001	0	4	0	0	0	; 
 	875	23	999999	0	0.0001	0	4	0	0	0	; 
 	877	23	999999	0	0.0001	0	4	0	0	0	; 
 	878	23	999999	0	0.0001	0	4	0	0	0	; 
 	892	5	999999	0	0.0001	0	4	0	0	0	; 
 	893	5	999999	0	0.0001	0	4	0	0	0	; 
 	894	96	999999	0	0.0001	0	4	0	0	0	; 
 	897	40	999999	0	0.0001	0	4	0	0	0	; 
 	899	8	999999	0	0.0001	0	4	0	0	0	; 
 	900	8	999999	0	0.0001	0	4	0	0	0	; 
 	901	8	999999	0	0.0001	0	4	0	0	0	; 
 	902	9	999999	0	0.0001	0	4	0	0	0	; 
 	904	8	999999	0	0.0001	0	4	0	0	0	; 
 	912	42	999999	0	0.0001	0	4	0	0	0	; 
 	913	42	999999	0	0.0001	0	4	0	0	0	; 
 	915	42	999999	0	0.0001	0	4	0	0	0	; 
 	920	21	999999	0	0.0001	0	4	0	0	0	; 
 	922	21	999999	0	0.0001	0	4	0	0	0	; 
 	924	87	999999	0	0.0001	0	4	0	0	0	; 
 	925	87	999999	0	0.0001	0	4	0	0	0	; 
 	930	45	999999	0	0.0001	0	4	0	0	0	; 
 	934	45	999999	0	0.0001	0	4	0	0	0	; 
 	936	45	999999	0	0.0001	0	4	0	0	0	; 
 	938	22	999999	0	0.0001	0	4	0	0	0	; 
 	939	69	999999	0	0.0001	0	4	0	0	0	; 
 	941	68	999999	0	0.0001	0	4	0	0	0	; 
 	951	51	999999	0	0.0001	0	4	0	0	0	; 
 	953	30	999999	0	0.0001	0	4	0	0	0	; 
 	957	74	999999	0	0.0001	0	4	0	0	0	; 
 	959	80	999999	0	0.0001	0	4	0	0	0	; 
 	967	95	999999	0	0.0001	0	4	0	0	0	; 
 	974	13	999999	0	0.0001	0	4	0	0	0	; 
 	99	100	2400	1	0.333333	1	4	0	0	1	; 
 	100	99	2400	1	0.333333	1	4	0	0	1	; 
 	149	615	2400	13	0.333333	1	4	0	0	1	; 
 	165	155	2800	18	0.333333	1	4	0	0	1	; 
 	256	260	2800	14	0.333333	1	4	0	0	1	; 
 	280	627	2400	18	0.333333	1	4	0	0	1	; 
 	281	282	900	20	0.333333	1	4	0	0	1	; 
 	283	280	900	14	0.333333	1	4	0	0	1	; 
 	289	287	600	19	0.333333	1	4	0	0	1	; 
 	338	339	900	11	0.333333	1	4	0	0	1	; 
 	339	338	900	11	0.333333	1	4	0	0	1	; 
 	340	345	900	18	0.333333	1	4	0	0	1	; 
 	345	340	900	18	0.333333	1	4	0	0	1	; 
 	347	348	2400	16	0.333333	1	4	0	0	1	; 
 	349	350	900	19	0.333333	1	4	0	0	1	; 
 	350	349	900	19	0.333333	1	4	0	0	1	; 
 	353	360	900	18	0.333333	1	4	0	0	1	; 
 	354	971	2400	11	0.333333	1	4	0	0	1	; 
 	356	358	900	16	0.333333	1	4	0	0	1	; 
 	358	356	900	16	0.333333	1	4	0	0	1	; 
 	359	362	900	16	0.333333	1	4	0	0	1	; 
 	360	353	900	18	0.333333	1	4	0	0	1	; 
 	401	402	900	20	0.333333	1	4	0	0	1	; 
 	476	477	900	16	0.333333	1	4	0	0	1	; 
 	477	476	900	16	0.333333	1	4	0	0	1	; 
 	496	283	2400	18	0.333333	1	4	0	0	1	; 
 	522	956	900	15	0.333333	1	4	0	0	1	; 
 	530	942	2800	10	0.333333	1	4	0	0	1	; 
 	578	576	2400	13	0.333333	1	4	0	0	1	; 
 	580	579	2400	19	0.333333	1	4	0	0	1	; 
 	594	595	900	18	0.333333	1	4	0	0	1	; 
 	595	594	900	18	0.333333	1	4	0	0	1	; 
 	597	712	900	14	0.333333	1	4	0	0	1	; 
 	600	599	2400	19	0.333333	1	4	0	0	1	; 
 	628	629	2400	14	0.333333	1	4	0	0	1	; 
 	637	633	900	22	0.333333	1	4	0	0	1	; 
 	638	636	2400	12	0.333333	1	4	0	0	1	; 
 	646	654	900	7	0.333333	1	4	0	0	1	; 
 	677	687	2400	10	0.333333	1	4	0	0	1	; 
 	706	737	600	20	0.333333	1	4	0	0	1	; 
 	713	717	900	7	0.333333	1	4	0	0	1	; 
 	737	706	600	20	0.333333	1	4	0	0	1	; 
 	780	791	600	16	0.333333	1	4	0	0	1	; 
 	791	780	600	16	0.333333	1	4	0	0	1	; 
 	825	973	900	1	0.333333	1	4	0	0	1	; 
 	842	840	600	14	0.333333	1	4	0	0	1	; 
 	858	859	900	17	0.333333	1	4	0	0	1	; 
 	862	865	900	14	0.333333	1	4	0	0	1	; 
 	865	862	900	14	0.333333	1	4	0	0	1	; 
 	881	882	600	6	0.333333	1	4	0	0	1	; 
 	882	881	600	6	0.333333	1	4	0	0	1	; 
 	899	901	900	10	0.333333	1	4	0	0	1	; 
 	918	919	900	15	0.333333	1	4	0	0	1	; 
 	919	918	900	15	0.333333	1	4	0	0	1	; 
 	102	959	2400	24	0.666667	1	4	0	0	1	; 
 	109	106	900	25	0.666667	1	4	0	0	1	; 
 	110	111	900	32	0.666667	1	4	0	0	1	; 
 	111	114	2800	19	0.666667	1	4	0	0	1	; 
 	116	117	2400	28	0.666667	1	4	0	0	1	; 
 	118	123	2400	29	0.666667	1	4	0	0	1	; 
 	121	122	900	30	0.666667	1	4	0	0	1	; 
 	122	121	900	30	0.666667	1	4	0	0	1	; 
 	131	430	2800	18	0.666667	1	4	0	0	1	; 
 	138	286	2800	39	0.666667	1	4	0	0	1	; 
 	142	288	2800	23	0.666667	1	4	0	0	1	; 
 	155	156	2400	34	0.666667	1	4	0	0	1	; 
 	156	166	2800	17	0.666667	1	4	0	0	1	; 
 	166	165	2400	34	0.666667	1	4	0	0	1	; 
 	175	176	2800	34	0.666667	1	4	0	0	1	; 
 	178	179	2800	21	0.666667	1	4	0	0	1	; 
 	180	181	2800	21	0.666667	1	4	0	0	1	; 
 	182	175	2800	37	0.666667	1	4	0	0	1	; 
 	188	187	900	33	0.666667	1	4	0	0	1	; 
 	206	212	600	32	0.666667	1	4	0	0	1	; 
 	212	206	600	32	0.666667	1	4	0	0	1	; 
 	214	219	2800	33	0.666667	1	4	0	0	1	; 
 	217	216	2800	12	0.666667	1	4	0	0	1	; 
 	219	214	2800	33	0.666667	1	4	0	0	1	; 
 	225	238	2800	24	0.666667	1	4	0	0	1	; 
 	227	237	2400	18	0.666667	1	4	0	0	1	; 
 	228	225	900	23	0.666667	1	4	0	0	1	; 
 	234	228	2800	24	0.666667	1	4	0	0	1	; 
 	236	226	2400	18	0.666667	1	4	0	0	1	; 
 	258	261	2800	23	0.666667	1	4	0	0	1	; 
 	261	262	2800	16	0.666667	1	4	0	0	1	; 
 	269	270	900	24	0.666667	1	4	0	0	1	; 
 	270	269	900	24	0.666667	1	4	0	0	1	; 
 	273	272	2400	27	0.666667	1	4	0	0	1	; 
 	274	275	900	23	0.666667	1	4	0	0	1	; 
 	278	284	900	16	0.666667	1	4	0	0	1	; 
 	280	876	900	25	0.666667	1	4	0	0	1	; 
 	282	838	900	30	0.666667	1	4	0	0	1	; 
 	291	135	2800	22	0.666667	1	4	0	0	1	; 
 	307	308	900	26	0.666667	1	4	0	0	1	; 
 	325	318	2400	31	0.666667	1	4	0	0	1	; 
 	350	351	2400	24	0.666667	1	4	0	0	1	; 
 	362	278	2400	22	0.666667	1	4	0	0	1	; 
 	398	397	900	23	0.666667	1	4	0	0	1	; 
 	403	260	900	29	0.666667	1	4	0	0	1	; 
 	420	421	2400	32	0.666667	1	4	0	0	1	; 
 	423	424	900	27	0.666667	1	4	0	0	1	; 
 	429	130	2800	19	0.666667	1	4	0	0	1	; 
 	444	460	900	22	0.666667	1	4	0	0	1	; 
 	468	315	900	20	0.666667	1	4	0	0	1	; 
 	483	479	900	29	0.666667	1	4	0	0	1	; 
 	529	531	2800	27	0.666667	1	4	0	0	1	; 
 	531	529	2800	27	0.666667	1	4	0	0	1	; 
 	537	542	900	31	0.666667	1	4	0	0	1	; 
 	542	537	900	31	0.666667	1	4	0	0	1	; 
 	544	529	2800	44	0.666667	1	4	0	0	1	; 
 	544	532	2800	28	0.666667	1	4	0	0	1	; 
 	557	553	2400	22	0.666667	1	4	0	0	1	; 
 	571	575	2400	25	0.666667	1	4	0	0	1	; 
 	575	571	2400	25	0.666667	1	4	0	0	1	; 
 	576	577	900	24	0.666667	1	4	0	0	1	; 
 	577	578	900	25	0.666667	1	4	0	0	1	; 
 	579	582	2400	16	0.666667	1	4	0	0	1	; 
 	601	603	900	23	0.666667	1	4	0	0	1	; 
 	603	601	900	23	0.666667	1	4	0	0	1	; 
 	633	637	900	22	0.666667	1	4	0	0	1	; 
 	652	664	2400	32	0.666667	1	4	0	0	1	; 
 	687	726	2400	22	0.666667	1	4	0	0	1	; 
 	694	688	600	30	0.666667	1	4	0	0	1	; 
 	695	691	2800	33	0.666667	1	4	0	0	1	; 
 	744	739	900	32	0.666667	1	4	0	0	1	; 
 	759	760	600	32	0.666667	1	4	0	0	1	; 
 	760	759	600	32	0.666667	1	4	0	0	1	; 
 	772	773	2400	24	0.666667	1	4	0	0	1	; 
 	773	772	2400	24	0.666667	1	4	0	0	1	; 
 	783	564	600	18	0.666667	1	4	0	0	1	; 
 	795	797	2800	12	0.666667	1	4	0	0	1	; 
 	797	795	2800	12	0.666667	1	4	0	0	1	; 
 	806	802	2800	22	0.666667	1	4	0	0	1	; 
 	816	907	2400	37	0.666667	1	4	0	0	1	; 
 	847	567	2400	29	0.666667	1	4	0	0	1	; 
 	885	935	2400	32	0.666667	1	4	0	0	1	; 
 	888	889	900	23	0.666667	1	4	0	0	1	; 
 	895	896	900	17	0.666667	1	4	0	0	1	; 
 	907	816	2400	37	0.666667	1	4	0	0	1	; 
 	931	867	900	16	0.666667	1	4	0	0	1	; 
 	941	612	900	26	0.666667	1	4	0	0	1	; 
 	951	669	2800	22	0.666667	1	4	0	0	1	; 
 	106	109	900	25	1	1	4	0	0	1	; 
 	113	110	2800	20	1	1	4	0	0	1	; 
 	114	113	900	32	1	1	4	0	0	1	; 
 	125	126	600	34	1	1	4	0	0	1	; 
 	126	125	600	34	1	1	4	0	0	1	; 
 	143	138	2400	30	1	1	4	0	0	1	; 
 	147	163	2800	43	1	1	4	0	0	1	; 
 	155	162	2800	12	1	1	4	0	0	1	; 
 	159	161	600	35	1	1	4	0	0	1	; 
 	161	159	600	35	1	1	4	0	0	1	; 
 	168	157	2800	34	1	1	4	0	0	1	; 
 	173	172	900	33	1	1	4	0	0	1	; 
 	181	183	900	36	1	1	4	0	0	1	; 
 	183	180	900	37	1	1	4	0	0	1	; 
 	185	186	2800	25	1	1	4	0	0	1	; 
 	186	171	2800	33	1	1	4	0	0	1	; 
 	197	168	2800	32	1	1	4	0	0	1	; 
 	204	205	600	34	1	1	4	0	0	1	; 
 	205	204	600	34	1	1	4	0	0	1	; 
 	208	215	900	37	1	1	4	0	0	1	; 
 	210	218	900	37	1	1	4	0	0	1	; 
 	215	208	900	37	1	1	4	0	0	1	; 
 	218	210	900	37	1	1	4	0	0	1	; 
 	223	231	2400	30	1	1	4	0	0	1	; 
 	235	230	2800	46	1	1	4	0	0	1	; 
 	241	243	2800	48	1	1	4	0	0	1	; 
 	259	256	900	26	1	1	4	0	0	1	; 
 	272	273	2400	27	1	1	4	0	0	1	; 
 	284	359	2400	27	1	1	4	0	0	1	; 
 	287	289	600	19	1	1	4	0	0	1	; 
 	291	909	2800	43	1	1	4	0	0	1	; 
 	306	304	900	34	1	1	4	0	0	1	; 
 	336	337	900	39	1	1	4	0	0	1	; 
 	364	335	900	22	1	1	4	0	0	1	; 
 	402	401	900	20	1	1	4	0	0	1	; 
 	414	419	2400	37	1	1	4	0	0	1	; 
 	415	416	2800	44	1	1	4	0	0	1	; 
 	419	414	2400	37	1	1	4	0	0	1	; 
 	419	428	2400	37	1	1	4	0	0	1	; 
 	434	104	600	44	1	1	4	0	0	1	; 
 	454	870	900	38	1	1	4	0	0	1	; 
 	465	908	2400	22	1	1	4	0	0	1	; 
 	529	530	2800	43	1	1	4	0	0	1	; 
 	534	536	2800	43	1	1	4	0	0	1	; 
 	536	543	2800	44	1	1	4	0	0	1	; 
 	540	541	2800	35	1	1	4	0	0	1	; 
 	541	544	2800	39	1	1	4	0	0	1	; 
 	543	539	2800	31	1	1	4	0	0	1	; 
 	561	560	900	31	1	1	4	0	0	1	; 
 	567	847	2400	29	1	1	4	0	0	1	; 
 	576	574	2400	21	1	1	4	0	0	1	; 
 	582	661	2400	19	1	1	4	0	0	1	; 
 	599	600	2400	19	1	1	4	0	0	1	; 
 	609	927	2400	37	1	1	4	0	0	1	; 
 	615	149	2400	13	1	1	4	0	0	1	; 
 	620	621	900	36	1	1	4	0	0	1	; 
 	651	668	2800	34	1	1	4	0	0	1	; 
 	659	651	2800	40	1	1	4	0	0	1	; 
 	666	591	2800	24	1	1	4	0	0	1	; 
 	666	667	2800	27	1	1	4	0	0	1	; 
 	670	673	2400	49	1	1	4	0	0	1	; 
 	671	672	2800	39	1	1	4	0	0	1	; 
 	681	683	2400	39	1	1	4	0	0	1	; 
 	687	681	2400	19	1	1	4	0	0	1	; 
 	702	703	900	42	1	1	4	0	0	1	; 
 	729	726	2400	20	1	1	4	0	0	1	; 
 	809	707	2400	25	1	1	4	0	0	1	; 
 	810	900	900	39	1	1	4	0	0	1	; 
 	815	898	2800	28	1	1	4	0	0	1	; 
 	818	822	600	43	1	1	4	0	0	1	; 
 	838	282	900	30	1	1	4	0	0	1	; 
 	838	836	900	39	1	1	4	0	0	1	; 
 	852	932	2400	29	1	1	4	0	0	1	; 
 	870	454	900	38	1	1	4	0	0	1	; 
 	907	902	2400	29	1	1	4	0	0	1	; 
 	909	908	2400	15	1	1	4	0	0	1	; 
 	945	950	2800	27	1	1	4	0	0	1	; 
 	946	947	2400	50	1	1	4	0	0	1	; 
 	950	557	900	27	1	1	4	0	0	1	; 
 	110	120	2800	52	1.333333	1	4	0	0	1	; 
 	117	118	2800	44	1.333333	1	4	0	0	1	; 
 	132	139	2800	44	1.333333	1	4	0	0	1	; 
 	135	142	2800	39	1.333333	1	4	0	0	1	; 
 	139	177	2800	35	1.333333	1	4	0	0	1	; 
 	149	150	2400	30	1.333333	1	4	0	0	1	; 
 	166	154	2800	37	1.333333	1	4	0	0	1	; 
 	172	173	900	33	1.333333	1	4	0	0	1	; 
 	190	191	900	26	1.333333	1	4	0	0	1	; 
 	201	202	2800	29	1.333333	1	4	0	0	1	; 
 	243	244	2800	56	1.333333	1	4	0	0	1	; 
 	262	258	2800	19	1.333333	1	4	0	0	1	; 
 	304	306	900	34	1.333333	1	4	0	0	1	; 
 	306	722	900	43	1.333333	1	4	0	0	1	; 
 	313	314	2800	38	1.333333	1	4	0	0	1	; 
 	316	331	2400	65	1.333333	1	4	0	0	1	; 
 	318	325	2400	31	1.333333	1	4	0	0	1	; 
 	319	320	600	31	1.333333	1	4	0	0	1	; 
 	320	319	600	31	1.333333	1	4	0	0	1	; 
 	391	452	2800	25	1.333333	1	4	0	0	1	; 
 	430	429	2400	35	1.333333	1	4	0	0	1	; 
 	432	442	900	51	1.333333	1	4	0	0	1	; 
 	437	444	900	51	1.333333	1	4	0	0	1	; 
 	438	103	600	40	1.333333	1	4	0	0	1	; 
 	448	466	900	43	1.333333	1	4	0	0	1	; 
 	497	494	900	38	1.333333	1	4	0	0	1	; 
 	534	535	900	60	1.333333	1	4	0	0	1	; 
 	539	540	2800	50	1.333333	1	4	0	0	1	; 
 	560	561	900	31	1.333333	1	4	0	0	1	; 
 	564	783	600	18	1.333333	1	4	0	0	1	; 
 	620	622	2400	56	1.333333	1	4	0	0	1	; 
 	621	622	900	52	1.333333	1	4	0	0	1	; 
 	625	121	600	56	1.333333	1	4	0	0	1	; 
 	629	279	2400	65	1.333333	1	4	0	0	1	; 
 	652	718	2800	37	1.333333	1	4	0	0	1	; 
 	658	660	2400	53	1.333333	1	4	0	0	1	; 
 	661	580	2400	15	1.333333	1	4	0	0	1	; 
 	664	670	2400	49	1.333333	1	4	0	0	1	; 
 	669	591	600	44	1.333333	1	4	0	0	1	; 
 	688	464	600	52	1.333333	1	4	0	0	1	; 
 	704	705	900	53	1.333333	1	4	0	0	1	; 
 	705	704	900	53	1.333333	1	4	0	0	1	; 
 	722	306	900	43	1.333333	1	4	0	0	1	; 
 	728	731	2400	61	1.333333	1	4	0	0	1	; 
 	774	768	600	33	1.333333	1	4	0	0	1	; 
 	833	837	900	34	1.333333	1	4	0	0	1	; 
 	836	837	900	43	1.333333	1	4	0	0	1	; 
 	856	857	900	47	1.333333	1	4	0	0	1	; 
 	859	858	900	17	1.333333	1	4	0	0	1	; 
 	915	913	2400	23	1.333333	1	4	0	0	1	; 
 	932	852	2400	29	1.333333	1	4	0	0	1	; 
 	123	116	2800	44	1.666667	1	4	0	0	1	; 
 	130	131	2400	34	1.666667	1	4	0	0	1	; 
 	140	141	2800	58	1.666667	1	4	0	0	1	; 
 	150	149	2400	30	1.666667	1	4	0	0	1	; 
 	152	151	600	35	1.666667	1	4	0	0	1	; 
 	157	189	2800	32	1.666667	1	4	0	0	1	; 
 	169	185	2800	35	1.666667	1	4	0	0	1	; 
 	171	169	2800	24	1.666667	1	4	0	0	1	; 
 	174	132	2800	37	1.666667	1	4	0	0	1	; 
 	191	190	900	26	1.666667	1	4	0	0	1	; 
 	192	193	2800	30	1.666667	1	4	0	0	1	; 
 	223	240	2800	51	1.666667	1	4	0	0	1	; 
 	225	274	900	70	1.666667	1	4	0	0	1	; 
 	226	227	2800	39	1.666667	1	4	0	0	1	; 
 	231	223	2800	30	1.666667	1	4	0	0	1	; 
 	240	239	2800	64	1.666667	1	4	0	0	1	; 
 	248	247	600	73	1.666667	1	4	0	0	1	; 
 	250	252	2800	39	1.666667	1	4	0	0	1	; 
 	275	274	900	23	1.666667	1	4	0	0	1	; 
 	288	291	2800	36	1.666667	1	4	0	0	1	; 
 	314	315	2800	55	1.666667	1	4	0	0	1	; 
 	314	468	900	54	1.666667	1	4	0	0	1	; 
 	328	329	900	38	1.666667	1	4	0	0	1	; 
 	331	325	2400	72	1.666667	1	4	0	0	1	; 
 	335	364	900	22	1.666667	1	4	0	0	1	; 
 	360	919	2400	51	1.666667	1	4	0	0	1	; 
 	368	366	900	35	1.666667	1	4	0	0	1	; 
 	379	440	900	38	1.666667	1	4	0	0	1	; 
 	401	404	900	49	1.666667	1	4	0	0	1	; 
 	407	410	900	47	1.666667	1	4	0	0	1	; 
 	410	407	900	47	1.666667	1	4	0	0	1	; 
 	443	460	900	61	1.666667	1	4	0	0	1	; 
 	452	806	900	34	1.666667	1	4	0	0	1	; 
 	455	824	2800	39	1.666667	1	4	0	0	1	; 
 	502	501	600	60	1.666667	1	4	0	0	1	; 
 	531	532	2800	47	1.666667	1	4	0	0	1	; 
 	532	534	2800	45	1.666667	1	4	0	0	1	; 
 	540	610	900	61	1.666667	1	4	0	0	1	; 
 	572	578	2400	50	1.666667	1	4	0	0	1	; 
 	587	586	2400	69	1.666667	1	4	0	0	1	; 
 	588	659	2800	33	1.666667	1	4	0	0	1	; 
 	615	616	900	48	1.666667	1	4	0	0	1	; 
 	616	619	900	18	1.666667	1	4	0	0	1	; 
 	627	496	900	14	1.666667	1	4	0	0	1	; 
 	631	635	2800	82	1.666667	1	4	0	0	1	; 
 	645	670	2400	55	1.666667	1	4	0	0	1	; 
 	659	907	2800	69	1.666667	1	4	0	0	1	; 
 	668	672	2800	60	1.666667	1	4	0	0	1	; 
 	669	667	2800	60	1.666667	1	4	0	0	1	; 
 	677	730	2400	43	1.666667	1	4	0	0	1	; 
 	689	694	600	63	1.666667	1	4	0	0	1	; 
 	707	809	2400	25	1.666667	1	4	0	0	1	; 
 	732	812	2400	45	1.666667	1	4	0	0	1	; 
 	739	299	900	73	1.666667	1	4	0	0	1	; 
 	797	794	2400	37	1.666667	1	4	0	0	1	; 
 	800	796	600	70	1.666667	1	4	0	0	1	; 
 	832	833	900	40	1.666667	1	4	0	0	1	; 
 	841	842	600	38	1.666667	1	4	0	0	1	; 
 	898	906	2800	30	1.666667	1	4	0	0	1	; 
 	906	814	2800	23	1.666667	1	4	0	0	1	; 
 	918	353	2400	46	1.666667	1	4	0	0	1	; 
 	927	928	900	24	1.666667	1	4	0	0	1	; 
 	944	949	900	70	1.666667	1	4	0	0	1	; 
 	975	958	2400	60	1.666667	1	4	0	0	1	; 
 	139	695	2800	82	2	1	4	0	0	1	; 
 	189	197	2800	34	2	1	4	0	0	1	; 
 	193	271	2400	68	2	1	4	0	0	1	; 
 	202	192	2800	21	2	1	4	0	0	1	; 
 	290	143	2800	36	2	1	4	0	0	1	; 
 	294	743	900	77	2	1	4	0	0	1	; 
 	314	313	2800	38	2	1	4	0	0	1	; 
 	329	328	900	38	2	1	4	0	0	1	; 
 	337	336	900	39	2	1	4	0	0	1	; 
 	346	349	2400	89	2	1	4	0	0	1	; 
 	366	368	900	35	2	1	4	0	0	1	; 
 	375	376	2400	102	2	1	4	0	0	1	; 
 	376	316	2400	96	2	1	4	0	0	1	; 
 	384	383	600	74	2	1	4	0	0	1	; 
 	385	324	2400	83	2	1	4	0	0	1	; 
 	392	393	2400	80	2	1	4	0	0	1	; 
 	393	869	2400	82	2	1	4	0	0	1	; 
 	396	392	2400	80	2	1	4	0	0	1	; 
 	397	398	900	23	2	1	4	0	0	1	; 
 	455	819	900	44	2	1	4	0	0	1	; 
 	460	461	900	24	2	1	4	0	0	1	; 
 	470	471	600	86	2	1	4	0	0	1	; 
 	471	470	600	86	2	1	4	0	0	1	; 
 	493	483	900	68	2	1	4	0	0	1	; 
 	524	481	900	73	2	1	4	0	0	1	; 
 	553	945	2800	28	2	1	4	0	0	1	; 
 	574	575	2400	74	2	1	4	0	0	1	; 
 	578	573	900	26	2	1	4	0	0	1	; 
 	594	593	2400	77	2	1	4	0	0	1	; 
 	612	941	900	26	2	1	4	0	0	1	; 
 	622	620	2400	56	2	1	4	0	0	1	; 
 	627	628	2400	88	2	1	4	0	0	1	; 
 	693	698	900	77	2	1	4	0	0	1	; 
 	726	728	2400	84	2	1	4	0	0	1	; 
 	741	296	900	58	2	1	4	0	0	1	; 
 	814	815	2800	26	2	1	4	0	0	1	; 
 	837	832	900	74	2	1	4	0	0	1	; 
 	837	836	900	43	2	1	4	0	0	1	; 
 	847	855	600	86	2	1	4	0	0	1	; 
 	855	847	600	86	2	1	4	0	0	1	; 
 	867	931	900	16	2	1	4	0	0	1	; 
 	908	905	2400	75	2	1	4	0	0	1	; 
 	910	810	900	37	2	1	4	0	0	1	; 
 	913	912	2400	55	2	1	4	0	0	1	; 
 	921	430	2400	85	2	1	4	0	0	1	; 
 	928	623	2400	57	2	1	4	0	0	1	; 
 	934	930	900	85	2	1	4	0	0	1	; 
 	136	138	2800	115	2.333333	1	4	0	0	1	; 
 	237	236	2800	39	2.333333	1	4	0	0	1	; 
 	238	234	900	23	2.333333	1	4	0	0	1	; 
 	260	259	900	25	2.333333	1	4	0	0	1	; 
 	273	323	2400	75	2.333333	1	4	0	0	1	; 
 	351	344	2400	90	2.333333	1	4	0	0	1	; 
 	379	542	900	78	2.333333	1	4	0	0	1	; 
 	383	320	600	100	2.333333	1	4	0	0	1	; 
 	388	387	2400	80	2.333333	1	4	0	0	1	; 
 	437	443	900	53	2.333333	1	4	0	0	1	; 
 	440	379	900	38	2.333333	1	4	0	0	1	; 
 	464	463	600	100	2.333333	1	4	0	0	1	; 
 	472	469	900	84	2.333333	1	4	0	0	1	; 
 	478	488	600	88	2.333333	1	4	0	0	1	; 
 	479	490	900	90	2.333333	1	4	0	0	1	; 
 	484	497	900	96	2.333333	1	4	0	0	1	; 
 	487	482	600	55	2.333333	1	4	0	0	1	; 
 	492	511	600	97	2.333333	1	4	0	0	1	; 
 	501	502	600	60	2.333333	1	4	0	0	1	; 
 	504	505	900	100	2.333333	1	4	0	0	1	; 
 	505	504	900	100	2.333333	1	4	0	0	1	; 
 	509	508	900	100	2.333333	1	4	0	0	1	; 
 	512	513	600	92	2.333333	1	4	0	0	1	; 
 	514	513	900	91	2.333333	1	4	0	0	1	; 
 	520	521	900	80	2.333333	1	4	0	0	1	; 
 	538	542	900	87	2.333333	1	4	0	0	1	; 
 	542	538	900	87	2.333333	1	4	0	0	1	; 
 	545	644	2400	95	2.333333	1	4	0	0	1	; 
 	615	619	2400	50	2.333333	1	4	0	0	1	; 
 	622	621	900	52	2.333333	1	4	0	0	1	; 
 	641	642	2400	91	2.333333	1	4	0	0	1	; 
 	643	923	2400	101	2.333333	1	4	0	0	1	; 
 	653	678	900	94	2.333333	1	4	0	0	1	; 
 	673	648	2400	95	2.333333	1	4	0	0	1	; 
 	686	974	900	71	2.333333	1	4	0	0	1	; 
 	695	699	2800	84	2.333333	1	4	0	0	1	; 
 	703	704	900	90	2.333333	1	4	0	0	1	; 
 	704	703	900	90	2.333333	1	4	0	0	1	; 
 	714	605	900	76	2.333333	1	4	0	0	1	; 
 	748	972	900	57	2.333333	1	4	0	0	1	; 
 	785	789	600	25	2.333333	1	4	0	0	1	; 
 	789	302	600	85	2.333333	1	4	0	0	1	; 
 	815	813	2800	75	2.333333	1	4	0	0	1	; 
 	817	818	600	100	2.333333	1	4	0	0	1	; 
 	820	830	600	97	2.333333	1	4	0	0	1	; 
 	841	711	900	93	2.333333	1	4	0	0	1	; 
 	853	866	2800	64	2.333333	1	4	0	0	1	; 
 	894	895	900	72	2.333333	1	4	0	0	1	; 
 	910	900	900	44	2.333333	1	4	0	0	1	; 
 	935	885	2400	32	2.333333	1	4	0	0	1	; 
 	970	968	900	78	2.333333	1	4	0	0	1	; 
 	113	361	900	102	2.666667	1	4	0	0	1	; 
 	143	140	2800	75	2.666667	1	4	0	0	1	; 
 	169	170	2800	39	2.666667	1	4	0	0	1	; 
 	183	555	900	93	2.666667	1	4	0	0	1	; 
 	193	201	2800	21	2.666667	1	4	0	0	1	; 
 	210	211	2800	95	2.666667	1	4	0	0	1	; 
 	228	245	2800	55	2.666667	1	4	0	0	1	; 
 	244	962	2800	106	2.666667	1	4	0	0	1	; 
 	246	235	2800	132	2.666667	1	4	0	0	1	; 
 	258	888	900	90	2.666667	1	4	0	0	1	; 
 	259	839	900	85	2.666667	1	4	0	0	1	; 
 	302	789	600	85	2.666667	1	4	0	0	1	; 
 	322	380	2400	86	2.666667	1	4	0	0	1	; 
 	338	957	900	112	2.666667	1	4	0	0	1	; 
 	344	340	2400	128	2.666667	1	4	0	0	1	; 
 	345	346	2400	128	2.666667	1	4	0	0	1	; 
 	345	504	900	107	2.666667	1	4	0	0	1	; 
 	356	354	2400	104	2.666667	1	4	0	0	1	; 
 	364	365	900	110	2.666667	1	4	0	0	1	; 
 	371	372	2800	84	2.666667	1	4	0	0	1	; 
 	408	410	900	61	2.666667	1	4	0	0	1	; 
 	410	453	900	99	2.666667	1	4	0	0	1	; 
 	413	473	600	47	2.666667	1	4	0	0	1	; 
 	416	417	2800	102	2.666667	1	4	0	0	1	; 
 	424	423	900	27	2.666667	1	4	0	0	1	; 
 	428	420	2400	113	2.666667	1	4	0	0	1	; 
 	491	478	600	101	2.666667	1	4	0	0	1	; 
 	507	508	900	110	2.666667	1	4	0	0	1	; 
 	508	507	900	110	2.666667	1	4	0	0	1	; 
 	515	525	900	113	2.666667	1	4	0	0	1	; 
 	528	526	900	78	2.666667	1	4	0	0	1	; 
 	537	538	900	102	2.666667	1	4	0	0	1	; 
 	572	573	900	55	2.666667	1	4	0	0	1	; 
 	577	970	900	85	2.666667	1	4	0	0	1	; 
 	582	675	2400	99	2.666667	1	4	0	0	1	; 
 	586	946	2400	124	2.666667	1	4	0	0	1	; 
 	592	594	900	106	2.666667	1	4	0	0	1	; 
 	594	592	900	106	2.666667	1	4	0	0	1	; 
 	596	600	2400	120	2.666667	1	4	0	0	1	; 
 	640	116	2400	104	2.666667	1	4	0	0	1	; 
 	649	650	600	101	2.666667	1	4	0	0	1	; 
 	664	663	2800	31	2.666667	1	4	0	0	1	; 
 	683	682	2400	112	2.666667	1	4	0	0	1	; 
 	691	692	2800	97	2.666667	1	4	0	0	1	; 
 	735	733	2400	93	2.666667	1	4	0	0	1	; 
 	743	294	900	77	2.666667	1	4	0	0	1	; 
 	743	741	900	105	2.666667	1	4	0	0	1	; 
 	751	781	900	66	2.666667	1	4	0	0	1	; 
 	757	758	600	60	2.666667	1	4	0	0	1	; 
 	792	788	900	114	2.666667	1	4	0	0	1	; 
 	795	721	900	81	2.666667	1	4	0	0	1	; 
 	802	805	2800	77	2.666667	1	4	0	0	1	; 
 	843	848	2400	104	2.666667	1	4	0	0	1	; 
 	845	844	600	107	2.666667	1	4	0	0	1	; 
 	851	865	900	83	2.666667	1	4	0	0	1	; 
 	912	99	2400	64	2.666667	1	4	0	0	1	; 
 	919	920	900	84	2.666667	1	4	0	0	1	; 
 	957	338	900	112	2.666667	1	4	0	0	1	; 
 	137	136	2800	138	3	1	4	0	0	1	; 
 	141	133	2800	121	3	1	4	0	0	1	; 
 	157	184	2800	116	3	1	4	0	0	1	; 
 	161	550	600	85	3	1	4	0	0	1	; 
 	209	213	2800	110	3	1	4	0	0	1	; 
 	231	646	900	105	3	1	4	0	0	1	; 
 	277	276	900	117	3	1	4	0	0	1	; 
 	289	411	600	90	3	1	4	0	0	1	; 
 	304	741	900	66	3	1	4	0	0	1	; 
 	311	312	2800	78	3	1	4	0	0	1	; 
 	313	455	2800	62	3	1	4	0	0	1	; 
 	377	961	600	122	3	1	4	0	0	1	; 
 	413	415	2800	43	3	1	4	0	0	1	; 
 	463	464	600	100	3	1	4	0	0	1	; 
 	495	489	600	115	3	1	4	0	0	1	; 
 	498	500	2800	123	3	1	4	0	0	1	; 
 	510	504	900	93	3	1	4	0	0	1	; 
 	513	516	900	104	3	1	4	0	0	1	; 
 	525	515	900	113	3	1	4	0	0	1	; 
 	526	528	900	78	3	1	4	0	0	1	; 
 	528	527	900	115	3	1	4	0	0	1	; 
 	538	537	900	102	3	1	4	0	0	1	; 
 	610	943	900	132	3	1	4	0	0	1	; 
 	681	903	900	90	3	1	4	0	0	1	; 
 	700	270	900	125	3	1	4	0	0	1	; 
 	742	894	900	113	3	1	4	0	0	1	; 
 	758	760	600	70	3	1	4	0	0	1	; 
 	771	778	600	123	3	1	4	0	0	1	; 
 	783	720	2800	82	3	1	4	0	0	1	; 
 	805	803	2800	74	3	1	4	0	0	1	; 
 	822	829	600	114	3	1	4	0	0	1	; 
 	845	855	600	121	3	1	4	0	0	1	; 
 	855	845	600	121	3	1	4	0	0	1	; 
 	874	627	900	124	3	1	4	0	0	1	; 
 	895	894	900	72	3	1	4	0	0	1	; 
 	919	921	2400	83	3	1	4	0	0	1	; 
 	960	854	2800	22	3	1	4	0	0	1	; 
 	972	747	900	70	3	1	4	0	0	1	; 
 	133	134	2800	106	3.333333	1	4	0	0	1	; 
 	163	182	2800	75	3.333333	1	4	0	0	1	; 
 	183	115	2800	122	3.333333	1	4	0	0	1	; 
 	198	194	2800	115	3.333333	1	4	0	0	1	; 
 	208	436	900	101	3.333333	1	4	0	0	1	; 
 	230	222	2800	114	3.333333	1	4	0	0	1	; 
 	232	241	2800	139	3.333333	1	4	0	0	1	; 
 	262	891	2800	115	3.333333	1	4	0	0	1	; 
 	263	267	2400	63	3.333333	1	4	0	0	1	; 
 	276	277	900	117	3.333333	1	4	0	0	1	; 
 	285	277	900	120	3.333333	1	4	0	0	1	; 
 	286	290	2400	32	3.333333	1	4	0	0	1	; 
 	339	342	2400	107	3.333333	1	4	0	0	1	; 
 	339	491	900	135	3.333333	1	4	0	0	1	; 
 	352	345	2400	152	3.333333	1	4	0	0	1	; 
 	395	454	900	136	3.333333	1	4	0	0	1	; 
 	418	414	2400	37	3.333333	1	4	0	0	1	; 
 	423	422	2800	86	3.333333	1	4	0	0	1	; 
 	461	458	900	93	3.333333	1	4	0	0	1	; 
 	466	459	900	109	3.333333	1	4	0	0	1	; 
 	526	524	900	108	3.333333	1	4	0	0	1	; 
 	546	592	900	113	3.333333	1	4	0	0	1	; 
 	548	556	600	101	3.333333	1	4	0	0	1	; 
 	595	596	2400	101	3.333333	1	4	0	0	1	; 
 	617	618	900	109	3.333333	1	4	0	0	1	; 
 	668	588	2800	38	3.333333	1	4	0	0	1	; 
 	738	895	900	113	3.333333	1	4	0	0	1	; 
 	741	743	900	105	3.333333	1	4	0	0	1	; 
 	787	385	2400	113	3.333333	1	4	0	0	1	; 
 	852	885	2400	128	3.333333	1	4	0	0	1	; 
 	869	868	2400	87	3.333333	1	4	0	0	1	; 
 	962	645	2800	45	3.333333	1	4	0	0	1	; 
 	118	129	2800	131	3.666667	1	4	0	0	1	; 
 	159	160	2800	123	3.666667	1	4	0	0	1	; 
 	231	232	2800	103	3.666667	1	4	0	0	1	; 
 	233	234	2800	92	3.666667	1	4	0	0	1	; 
 	243	963	2800	161	3.666667	1	4	0	0	1	; 
 	384	936	600	124	3.666667	1	4	0	0	1	; 
 	431	441	900	106	3.666667	1	4	0	0	1	; 
 	486	499	900	133	3.666667	1	4	0	0	1	; 
 	490	498	900	153	3.666667	1	4	0	0	1	; 
 	497	490	900	141	3.666667	1	4	0	0	1	; 
 	505	508	900	142	3.666667	1	4	0	0	1	; 
 	508	505	900	142	3.666667	1	4	0	0	1	; 
 	554	551	900	105	3.666667	1	4	0	0	1	; 
 	569	727	600	153	3.666667	1	4	0	0	1	; 
 	600	926	2400	102	3.666667	1	4	0	0	1	; 
 	644	925	2400	142	3.666667	1	4	0	0	1	; 
 	645	664	2800	41	3.666667	1	4	0	0	1	; 
 	648	658	2400	138	3.666667	1	4	0	0	1	; 
 	650	646	900	138	3.666667	1	4	0	0	1	; 
 	737	736	600	102	3.666667	1	4	0	0	1	; 
 	754	972	900	102	3.666667	1	4	0	0	1	; 
 	761	763	600	46	3.666667	1	4	0	0	1	; 
 	846	934	900	153	3.666667	1	4	0	0	1	; 
 	880	882	600	87	3.666667	1	4	0	0	1	; 
 	885	327	2400	84	3.666667	1	4	0	0	1	; 
 	925	924	2400	157	3.666667	1	4	0	0	1	; 
 	939	941	900	146	3.666667	1	4	0	0	1	; 
 	952	954	900	113	3.666667	1	4	0	0	1	; 
 	953	955	900	121	3.666667	1	4	0	0	1	; 
 	967	517	900	130	3.666667	1	4	0	0	1	; 
 	123	626	2400	118	4	1	4	0	0	1	; 
 	196	190	2800	70	4	1	4	0	0	1	; 
 	204	219	2800	105	4	1	4	0	0	1	; 
 	237	419	2400	133	4	1	4	0	0	1	; 
 	244	655	600	140	4	1	4	0	0	1	; 
 	253	254	2800	87	4	1	4	0	0	1	; 
 	286	389	2800	161	4	1	4	0	0	1	; 
 	294	297	900	103	4	1	4	0	0	1	; 
 	309	210	900	166	4	1	4	0	0	1	; 
 	328	317	2400	128	4	1	4	0	0	1	; 
 	330	321	2400	75	4	1	4	0	0	1	; 
 	400	399	2800	161	4	1	4	0	0	1	; 
 	434	459	900	128	4	1	4	0	0	1	; 
 	492	485	600	129	4	1	4	0	0	1	; 
 	518	520	900	127	4	1	4	0	0	1	; 
 	527	528	900	115	4	1	4	0	0	1	; 
 	562	563	600	105	4	1	4	0	0	1	; 
 	583	584	2400	160	4	1	4	0	0	1	; 
 	588	589	2800	154	4	1	4	0	0	1	; 
 	593	166	2400	190	4	1	4	0	0	1	; 
 	613	621	900	163	4	1	4	0	0	1	; 
 	647	650	600	156	4	1	4	0	0	1	; 
 	654	650	900	131	4	1	4	0	0	1	; 
 	655	656	600	54	4	1	4	0	0	1	; 
 	657	656	600	78	4	1	4	0	0	1	; 
 	693	697	600	156	4	1	4	0	0	1	; 
 	711	841	900	93	4	1	4	0	0	1	; 
 	746	755	2400	187	4	1	4	0	0	1	; 
 	756	757	600	109	4	1	4	0	0	1	; 
 	818	828	600	164	4	1	4	0	0	1	; 
 	828	818	600	164	4	1	4	0	0	1	; 
 	829	818	600	157	4	1	4	0	0	1	; 
 	832	835	900	160	4	1	4	0	0	1	; 
 	844	845	600	107	4	1	4	0	0	1	; 
 	844	850	600	103	4	1	4	0	0	1	; 
 	845	848	600	117	4	1	4	0	0	1	; 
 	848	847	2400	161	4	1	4	0	0	1	; 
 	865	858	900	99	4	1	4	0	0	1	; 
 	884	883	600	94	4	1	4	0	0	1	; 
 	903	904	900	118	4	1	4	0	0	1	; 
 	904	899	900	111	4	1	4	0	0	1	; 
 	916	917	900	134	4	1	4	0	0	1	; 
 	929	933	600	166	4	1	4	0	0	1	; 
 	932	934	900	165	4	1	4	0	0	1	; 
 	934	932	900	165	4	1	4	0	0	1	; 
 	189	210	2800	174	4.333333	1	4	0	0	1	; 
 	201	206	2800	162	4.333333	1	4	0	0	1	; 
 	271	264	2400	149	4.333333	1	4	0	0	1	; 
 	321	318	2400	100	4.333333	1	4	0	0	1	; 
 	365	373	900	175	4.333333	1	4	0	0	1	; 
 	376	382	600	130	4.333333	1	4	0	0	1	; 
 	397	395	900	175	4.333333	1	4	0	0	1	; 
 	407	450	900	135	4.333333	1	4	0	0	1	; 
 	421	426	2400	179	4.333333	1	4	0	0	1	; 
 	429	545	2400	189	4.333333	1	4	0	0	1	; 
 	433	434	900	178	4.333333	1	4	0	0	1	; 
 	447	448	900	147	4.333333	1	4	0	0	1	; 
 	450	412	900	176	4.333333	1	4	0	0	1	; 
 	480	486	900	168	4.333333	1	4	0	0	1	; 
 	488	344	600	162	4.333333	1	4	0	0	1	; 
 	491	481	900	173	4.333333	1	4	0	0	1	; 
 	506	507	900	171	4.333333	1	4	0	0	1	; 
 	506	965	600	176	4.333333	1	4	0	0	1	; 
 	507	506	900	171	4.333333	1	4	0	0	1	; 
 	526	199	600	178	4.333333	1	4	0	0	1	; 
 	527	191	900	178	4.333333	1	4	0	0	1	; 
 	614	622	2400	114	4.333333	1	4	0	0	1	; 
 	618	552	900	122	4.333333	1	4	0	0	1	; 
 	650	653	900	185	4.333333	1	4	0	0	1	; 
 	701	702	900	119	4.333333	1	4	0	0	1	; 
 	706	708	2400	125	4.333333	1	4	0	0	1	; 
 	711	710	900	156	4.333333	1	4	0	0	1	; 
 	729	687	2400	37	4.333333	1	4	0	0	1	; 
 	731	737	2400	132	4.333333	1	4	0	0	1	; 
 	733	729	2400	85	4.333333	1	4	0	0	1	; 
 	741	304	900	66	4.333333	1	4	0	0	1	; 
 	750	746	2400	208	4.333333	1	4	0	0	1	; 
 	781	754	900	93	4.333333	1	4	0	0	1	; 
 	788	784	900	162	4.333333	1	4	0	0	1	; 
 	821	817	600	179	4.333333	1	4	0	0	1	; 
 	827	828	600	176	4.333333	1	4	0	0	1	; 
 	836	838	900	39	4.333333	1	4	0	0	1	; 
 	843	563	2800	128	4.333333	1	4	0	0	1	; 
 	906	910	2800	107	4.333333	1	4	0	0	1	; 
 	922	919	900	175	4.333333	1	4	0	0	1	; 
 	99	915	2400	142	4.666667	1	4	0	0	1	; 
 	165	356	2400	215	4.666667	1	4	0	0	1	; 
 	172	606	900	176	4.666667	1	4	0	0	1	; 
 	174	203	2800	178	4.666667	1	4	0	0	1	; 
 	229	646	900	125	4.666667	1	4	0	0	1	; 
 	275	238	900	79	4.666667	1	4	0	0	1	; 
 	276	358	900	192	4.666667	1	4	0	0	1	; 
 	325	326	2400	128	4.666667	1	4	0	0	1	; 
 	349	504	900	185	4.666667	1	4	0	0	1	; 
 	358	155	2400	218	4.666667	1	4	0	0	1	; 
 	390	397	900	141	4.666667	1	4	0	0	1	; 
 	449	118	2400	185	4.666667	1	4	0	0	1	; 
 	464	689	600	136	4.666667	1	4	0	0	1	; 
 	481	526	900	181	4.666667	1	4	0	0	1	; 
 	500	498	2800	123	4.666667	1	4	0	0	1	; 
 	527	525	900	180	4.666667	1	4	0	0	1	; 
 	547	146	600	167	4.666667	1	4	0	0	1	; 
 	597	940	900	180	4.666667	1	4	0	0	1	; 
 	605	714	900	76	4.666667	1	4	0	0	1	; 
 	675	674	2400	172	4.666667	1	4	0	0	1	; 
 	686	693	900	180	4.666667	1	4	0	0	1	; 
 	727	761	2800	41	4.666667	1	4	0	0	1	; 
 	745	778	600	186	4.666667	1	4	0	0	1	; 
 	778	745	600	186	4.666667	1	4	0	0	1	; 
 	801	796	2400	131	4.666667	1	4	0	0	1	; 
 	816	651	2800	69	4.666667	1	4	0	0	1	; 
 	818	823	600	192	4.666667	1	4	0	0	1	; 
 	823	820	600	180	4.666667	1	4	0	0	1	; 
 	828	831	600	191	4.666667	1	4	0	0	1	; 
 	830	821	600	190	4.666667	1	4	0	0	1	; 
 	843	849	2400	96	4.666667	1	4	0	0	1	; 
 	850	881	600	98	4.666667	1	4	0	0	1	; 
 	859	862	900	109	4.666667	1	4	0	0	1	; 
 	945	944	900	200	4.666667	1	4	0	0	1	; 
 	961	103	600	193	4.666667	1	4	0	0	1	; 
 	104	103	600	196	5	1	4	0	0	1	; 
 	114	209	2800	198	5	1	4	0	0	1	; 
 	176	147	2800	90	5	1	4	0	0	1	; 
 	191	966	2800	145	5	1	4	0	0	1	; 
 	205	212	2800	184	5	1	4	0	0	1	; 
 	214	205	2800	103	5	1	4	0	0	1	; 
 	252	247	2800	61	5	1	4	0	0	1	; 
 	295	741	900	189	5	1	4	0	0	1	; 
 	308	309	900	194	5	1	4	0	0	1	; 
 	329	322	2400	165	5	1	4	0	0	1	; 
 	342	350	2400	166	5	1	4	0	0	1	; 
 	364	367	900	146	5	1	4	0	0	1	; 
 	381	302	600	202	5	1	4	0	0	1	; 
 	477	514	900	202	5	1	4	0	0	1	; 
 	490	479	900	90	5	1	4	0	0	1	; 
 	498	490	900	153	5	1	4	0	0	1	; 
 	500	399	2800	213	5	1	4	0	0	1	; 
 	500	497	600	200	5	1	4	0	0	1	; 
 	501	497	900	205	5	1	4	0	0	1	; 
 	605	608	900	150	5	1	4	0	0	1	; 
 	653	650	900	185	5	1	4	0	0	1	; 
 	656	244	600	194	5	1	4	0	0	1	; 
 	661	653	900	198	5	1	4	0	0	1	; 
 	684	686	600	206	5	1	4	0	0	1	; 
 	730	734	2400	124	5	1	4	0	0	1	; 
 	835	832	900	160	5	1	4	0	0	1	; 
 	849	843	2400	96	5	1	4	0	0	1	; 
 	898	911	2400	184	5	1	4	0	0	1	; 
 	926	709	2400	197	5	1	4	0	0	1	; 
 	955	952	900	123	5	1	4	0	0	1	; 
 	149	167	2800	197	5.333333	1	4	0	0	1	; 
 	150	268	600	142	5.333333	1	4	0	0	1	; 
 	177	174	2800	43	5.333333	1	4	0	0	1	; 
 	194	126	2800	123	5.333333	1	4	0	0	1	; 
 	210	309	900	166	5.333333	1	4	0	0	1	; 
 	283	281	2400	191	5.333333	1	4	0	0	1	; 
 	313	765	900	165	5.333333	1	4	0	0	1	; 
 	340	341	2400	260	5.333333	1	4	0	0	1	; 
 	373	370	900	140	5.333333	1	4	0	0	1	; 
 	379	377	600	213	5.333333	1	4	0	0	1	; 
 	399	500	2800	213	5.333333	1	4	0	0	1	; 
 	407	449	2400	216	5.333333	1	4	0	0	1	; 
 	432	431	900	150	5.333333	1	4	0	0	1	; 
 	458	459	900	87	5.333333	1	4	0	0	1	; 
 	479	480	900	217	5.333333	1	4	0	0	1	; 
 	481	491	900	173	5.333333	1	4	0	0	1	; 
 	485	487	600	218	5.333333	1	4	0	0	1	; 
 	489	495	600	115	5.333333	1	4	0	0	1	; 
 	516	515	900	207	5.333333	1	4	0	0	1	; 
 	557	618	900	186	5.333333	1	4	0	0	1	; 
 	558	572	2400	208	5.333333	1	4	0	0	1	; 
 	560	538	900	193	5.333333	1	4	0	0	1	; 
 	564	568	600	103	5.333333	1	4	0	0	1	; 
 	565	807	900	104	5.333333	1	4	0	0	1	; 
 	656	653	600	219	5.333333	1	4	0	0	1	; 
 	660	662	2400	108	5.333333	1	4	0	0	1	; 
 	776	102	2400	167	5.333333	1	4	0	0	1	; 
 	789	792	600	205	5.333333	1	4	0	0	1	; 
 	799	798	2400	111	5.333333	1	4	0	0	1	; 
 	803	804	2800	83	5.333333	1	4	0	0	1	; 
 	807	565	900	104	5.333333	1	4	0	0	1	; 
 	829	827	600	211	5.333333	1	4	0	0	1	; 
 	142	263	2400	115	5.666667	1	4	0	0	1	; 
 	168	144	2800	216	5.666667	1	4	0	0	1	; 
 	181	178	2800	234	5.666667	1	4	0	0	1	; 
 	197	214	2800	206	5.666667	1	4	0	0	1	; 
 	256	401	900	113	5.666667	1	4	0	0	1	; 
 	276	198	600	212	5.666667	1	4	0	0	1	; 
 	410	427	2400	221	5.666667	1	4	0	0	1	; 
 	426	407	2400	220	5.666667	1	4	0	0	1	; 
 	430	119	2800	232	5.666667	1	4	0	0	1	; 
 	445	188	900	227	5.666667	1	4	0	0	1	; 
 	467	463	900	74	5.666667	1	4	0	0	1	; 
 	477	343	2400	194	5.666667	1	4	0	0	1	; 
 	486	480	900	168	5.666667	1	4	0	0	1	; 
 	552	553	2800	70	5.666667	1	4	0	0	1	; 
 	702	701	900	119	5.666667	1	4	0	0	1	; 
 	716	841	900	228	5.666667	1	4	0	0	1	; 
 	740	722	900	203	5.666667	1	4	0	0	1	; 
 	780	786	2800	205	5.666667	1	4	0	0	1	; 
 	810	811	900	134	5.666667	1	4	0	0	1	; 
 	831	915	600	226	5.666667	1	4	0	0	1	; 
 	879	375	2400	100	5.666667	1	4	0	0	1	; 
 	887	883	600	100	5.666667	1	4	0	0	1	; 
 	917	914	900	119	5.666667	1	4	0	0	1	; 
 	924	620	2400	230	5.666667	1	4	0	0	1	; 
 	937	337	2400	138	5.666667	1	4	0	0	1	; 
 	942	951	2800	236	5.666667	1	4	0	0	1	; 
 	949	948	900	130	5.666667	1	4	0	0	1	; 
 	103	434	600	240	6	1	4	0	0	1	; 
 	119	180	2800	106	6	1	4	0	0	1	; 
 	129	122	2800	164	6	1	4	0	0	1	; 
 	138	394	2400	224	6	1	4	0	0	1	; 
 	145	158	2800	226	6	1	4	0	0	1	; 
 	192	424	2800	164	6	1	4	0	0	1	; 
 	220	233	2800	136	6	1	4	0	0	1	; 
 	224	225	2800	62	6	1	4	0	0	1	; 
 	302	380	600	236	6	1	4	0	0	1	; 
 	338	347	2400	223	6	1	4	0	0	1	; 
 	358	276	900	192	6	1	4	0	0	1	; 
 	452	371	2800	123	6	1	4	0	0	1	; 
 	519	518	900	234	6	1	4	0	0	1	; 
 	546	548	900	238	6	1	4	0	0	1	; 
 	571	577	2400	100	6	1	4	0	0	1	; 
 	611	607	900	154	6	1	4	0	0	1	; 
 	620	924	2400	230	6	1	4	0	0	1	; 
 	624	517	900	181	6	1	4	0	0	1	; 
 	680	677	900	48	6	1	4	0	0	1	; 
 	690	462	2400	136	6	1	4	0	0	1	; 
 	710	597	900	206	6	1	4	0	0	1	; 
 	727	565	900	73	6	1	4	0	0	1	; 
 	751	756	600	174	6	1	4	0	0	1	; 
 	781	751	900	66	6	1	4	0	0	1	; 
 	826	824	900	237	6	1	4	0	0	1	; 
 	834	641	2400	235	6	1	4	0	0	1	; 
 	848	562	600	128	6	1	4	0	0	1	; 
 	848	843	2400	104	6	1	4	0	0	1	; 
 	868	870	2400	84	6	1	4	0	0	1	; 
 	892	893	2400	74	6	1	4	0	0	1	; 
 	924	643	2400	203	6	1	4	0	0	1	; 
 	965	502	600	241	6	1	4	0	0	1	; 
 	153	146	2800	138	6.333333	1	4	0	0	1	; 
 	177	587	2400	251	6.333333	1	4	0	0	1	; 
 	318	750	2400	301	6.333333	1	4	0	0	1	; 
 	356	953	900	247	6.333333	1	4	0	0	1	; 
 	402	403	900	86	6.333333	1	4	0	0	1	; 
 	406	122	900	252	6.333333	1	4	0	0	1	; 
 	425	418	2400	112	6.333333	1	4	0	0	1	; 
 	459	434	900	128	6.333333	1	4	0	0	1	; 
 	469	468	900	260	6.333333	1	4	0	0	1	; 
 	479	494	900	150	6.333333	1	4	0	0	1	; 
 	480	479	900	217	6.333333	1	4	0	0	1	; 
 	501	399	900	252	6.333333	1	4	0	0	1	; 
 	553	583	2400	276	6.333333	1	4	0	0	1	; 
 	608	585	900	195	6.333333	1	4	0	0	1	; 
 	611	716	900	174	6.333333	1	4	0	0	1	; 
 	618	623	600	247	6.333333	1	4	0	0	1	; 
 	631	636	2400	277	6.333333	1	4	0	0	1	; 
 	651	652	2800	161	6.333333	1	4	0	0	1	; 
 	769	767	600	152	6.333333	1	4	0	0	1	; 
 	126	127	2800	235	6.666667	1	4	0	0	1	; 
 	158	164	2800	225	6.666667	1	4	0	0	1	; 
 	213	218	2800	190	6.666667	1	4	0	0	1	; 
 	245	251	2800	158	6.666667	1	4	0	0	1	; 
 	266	269	900	271	6.666667	1	4	0	0	1	; 
 	279	358	2400	324	6.666667	1	4	0	0	1	; 
 	303	305	2400	90	6.666667	1	4	0	0	1	; 
 	305	753	900	188	6.666667	1	4	0	0	1	; 
 	320	384	600	174	6.666667	1	4	0	0	1	; 
 	320	935	2400	216	6.666667	1	4	0	0	1	; 
 	412	289	600	265	6.666667	1	4	0	0	1	; 
 	424	475	2800	216	6.666667	1	4	0	0	1	; 
 	438	434	600	191	6.666667	1	4	0	0	1	; 
 	438	439	600	172	6.666667	1	4	0	0	1	; 
 	440	441	900	256	6.666667	1	4	0	0	1	; 
 	442	443	900	156	6.666667	1	4	0	0	1	; 
 	470	415	600	268	6.666667	1	4	0	0	1	; 
 	480	487	600	264	6.666667	1	4	0	0	1	; 
 	486	487	600	159	6.666667	1	4	0	0	1	; 
 	487	480	600	264	6.666667	1	4	0	0	1	; 
 	525	527	900	180	6.666667	1	4	0	0	1	; 
 	573	533	900	281	6.666667	1	4	0	0	1	; 
 	577	559	2400	269	6.666667	1	4	0	0	1	; 
 	639	938	2400	252	6.666667	1	4	0	0	1	; 
 	653	657	600	141	6.666667	1	4	0	0	1	; 
 	674	665	2400	239	6.666667	1	4	0	0	1	; 
 	755	305	2400	324	6.666667	1	4	0	0	1	; 
 	760	569	600	261	6.666667	1	4	0	0	1	; 
 	768	457	600	185	6.666667	1	4	0	0	1	; 
 	876	875	900	219	6.666667	1	4	0	0	1	; 
 	882	887	600	187	6.666667	1	4	0	0	1	; 
 	920	307	900	268	6.666667	1	4	0	0	1	; 
 	950	609	2400	227	6.666667	1	4	0	0	1	; 
 	170	175	2800	223	7	1	4	0	0	1	; 
 	249	250	2800	136	7	1	4	0	0	1	; 
 	266	145	900	265	7	1	4	0	0	1	; 
 	267	273	2400	198	7	1	4	0	0	1	; 
 	301	293	2800	137	7	1	4	0	0	1	; 
 	302	292	600	253	7	1	4	0	0	1	; 
 	314	415	2800	122	7	1	4	0	0	1	; 
 	341	216	2400	323	7	1	4	0	0	1	; 
 	389	391	2800	150	7	1	4	0	0	1	; 
 	394	396	2400	79	7	1	4	0	0	1	; 
 	422	193	2800	83	7	1	4	0	0	1	; 
 	435	208	900	286	7	1	4	0	0	1	; 
 	446	510	900	182	7	1	4	0	0	1	; 
 	447	696	900	195	7	1	4	0	0	1	; 
 	504	446	900	275	7	1	4	0	0	1	; 
 	506	435	900	280	7	1	4	0	0	1	; 
 	561	558	2400	265	7	1	4	0	0	1	; 
 	589	590	2800	126	7	1	4	0	0	1	; 
 	598	595	2400	131	7	1	4	0	0	1	; 
 	609	612	900	217	7	1	4	0	0	1	; 
 	616	615	900	48	7	1	4	0	0	1	; 
 	689	684	600	160	7	1	4	0	0	1	; 
 	788	785	600	294	7	1	4	0	0	1	; 
 	794	795	2800	40	7	1	4	0	0	1	; 
 	802	391	900	34	7	1	4	0	0	1	; 
 	854	851	900	154	7	1	4	0	0	1	; 
 	889	686	900	180	7	1	4	0	0	1	; 
 	972	754	900	102	7	1	4	0	0	1	; 
 	974	258	900	222	7	1	4	0	0	1	; 
 	144	145	2800	187	7.333333	1	4	0	0	1	; 
 	156	598	2400	138	7.333333	1	4	0	0	1	; 
 	199	526	600	178	7.333333	1	4	0	0	1	; 
 	260	604	2800	276	7.333333	1	4	0	0	1	; 
 	296	101	900	304	7.333333	1	4	0	0	1	; 
 	341	106	600	287	7.333333	1	4	0	0	1	; 
 	405	337	900	171	7.333333	1	4	0	0	1	; 
 	446	173	900	296	7.333333	1	4	0	0	1	; 
 	543	603	2800	257	7.333333	1	4	0	0	1	; 
 	592	546	900	113	7.333333	1	4	0	0	1	; 
 	604	601	2800	257	7.333333	1	4	0	0	1	; 
 	662	661	2800	87	7.333333	1	4	0	0	1	; 
 	696	693	900	200	7.333333	1	4	0	0	1	; 
 	709	928	2400	218	7.333333	1	4	0	0	1	; 
 	711	715	900	291	7.333333	1	4	0	0	1	; 
 	718	235	2800	254	7.333333	1	4	0	0	1	; 
 	772	456	2400	133	7.333333	1	4	0	0	1	; 
 	777	745	2400	202	7.333333	1	4	0	0	1	; 
 	804	290	2800	82	7.333333	1	4	0	0	1	; 
 	806	872	900	221	7.333333	1	4	0	0	1	; 
 	819	826	900	218	7.333333	1	4	0	0	1	; 
 	856	886	600	203	7.333333	1	4	0	0	1	; 
 	870	975	2400	294	7.333333	1	4	0	0	1	; 
 	936	934	600	219	7.333333	1	4	0	0	1	; 
 	957	509	900	291	7.333333	1	4	0	0	1	; 
 	207	208	2800	148	7.666667	1	4	0	0	1	; 
 	229	231	2800	92	7.666667	1	4	0	0	1	; 
 	234	333	900	236	7.666667	1	4	0	0	1	; 
 	365	364	900	110	7.666667	1	4	0	0	1	; 
 	504	349	900	185	7.666667	1	4	0	0	1	; 
 	667	671	2800	344	7.666667	1	4	0	0	1	; 
 	671	588	2800	62	7.666667	1	4	0	0	1	; 
 	721	724	900	233	7.666667	1	4	0	0	1	; 
 	761	725	900	118	7.666667	1	4	0	0	1	; 
 	790	793	2400	141	7.666667	1	4	0	0	1	; 
 	807	762	900	105	7.666667	1	4	0	0	1	; 
 	900	899	900	192	7.666667	1	4	0	0	1	; 
 	103	377	600	315	8	1	4	0	0	1	; 
 	179	189	2800	99	8	1	4	0	0	1	; 
 	185	255	2800	302	8	1	4	0	0	1	; 
 	293	843	2800	133	8	1	4	0	0	1	; 
 	465	135	2800	54	8	1	4	0	0	1	; 
 	487	486	600	159	8	1	4	0	0	1	; 
 	564	780	2800	247	8	1	4	0	0	1	; 
 	567	863	900	324	8	1	4	0	0	1	; 
 	599	594	2400	220	8	1	4	0	0	1	; 
 	634	638	2400	399	8	1	4	0	0	1	; 
 	698	447	900	318	8	1	4	0	0	1	; 
 	702	825	900	257	8	1	4	0	0	1	; 
 	830	915	2400	234	8	1	4	0	0	1	; 
 	854	853	2800	129	8	1	4	0	0	1	; 
 	902	898	2400	239	8	1	4	0	0	1	; 
 	109	523	900	212	8.333333	1	4	0	0	1	; 
 	111	289	900	318	8.333333	1	4	0	0	1	; 
 	152	161	2800	241	8.333333	1	4	0	0	1	; 
 	162	198	2800	157	8.333333	1	4	0	0	1	; 
 	167	153	2800	316	8.333333	1	4	0	0	1	; 
 	206	204	2800	181	8.333333	1	4	0	0	1	; 
 	326	329	2400	132	8.333333	1	4	0	0	1	; 
 	333	334	900	195	8.333333	1	4	0	0	1	; 
 	370	471	600	328	8.333333	1	4	0	0	1	; 
 	373	472	900	329	8.333333	1	4	0	0	1	; 
 	434	437	900	202	8.333333	1	4	0	0	1	; 
 	471	370	600	328	8.333333	1	4	0	0	1	; 
 	508	445	900	340	8.333333	1	4	0	0	1	; 
 	521	523	900	109	8.333333	1	4	0	0	1	; 
 	546	549	600	188	8.333333	1	4	0	0	1	; 
 	565	727	900	73	8.333333	1	4	0	0	1	; 
 	607	172	900	337	8.333333	1	4	0	0	1	; 
 	619	614	2400	257	8.333333	1	4	0	0	1	; 
 	623	618	600	247	8.333333	1	4	0	0	1	; 
 	637	634	2400	388	8.333333	1	4	0	0	1	; 
 	715	714	900	332	8.333333	1	4	0	0	1	; 
 	754	781	900	93	8.333333	1	4	0	0	1	; 
 	844	843	2800	168	8.333333	1	4	0	0	1	; 
 	883	880	600	100	8.333333	1	4	0	0	1	; 
 	884	319	600	137	8.333333	1	4	0	0	1	; 
 	886	884	600	114	8.333333	1	4	0	0	1	; 
 	891	791	2800	293	8.333333	1	4	0	0	1	; 
 	897	742	900	165	8.333333	1	4	0	0	1	; 
 	915	830	2400	234	8.333333	1	4	0	0	1	; 
 	969	577	900	149	8.333333	1	4	0	0	1	; 
 	973	826	900	327	8.333333	1	4	0	0	1	; 
 	108	109	2800	181	8.666667	1	4	0	0	1	; 
 	261	788	900	339	8.666667	1	4	0	0	1	; 
 	264	270	2400	197	8.666667	1	4	0	0	1	; 
 	288	676	2400	280	8.666667	1	4	0	0	1	; 
 	325	316	2400	137	8.666667	1	4	0	0	1	; 
 	343	339	2400	186	8.666667	1	4	0	0	1	; 
 	370	369	900	228	8.666667	1	4	0	0	1	; 
 	409	410	2400	215	8.666667	1	4	0	0	1	; 
 	432	969	900	291	8.666667	1	4	0	0	1	; 
 	456	735	2400	260	8.666667	1	4	0	0	1	; 
 	515	513	900	311	8.666667	1	4	0	0	1	; 
 	518	624	900	299	8.666667	1	4	0	0	1	; 
 	636	632	2400	418	8.666667	1	4	0	0	1	; 
 	665	663	2400	107	8.666667	1	4	0	0	1	; 
 	714	713	900	243	8.666667	1	4	0	0	1	; 
 	740	779	2400	255	8.666667	1	4	0	0	1	; 
 	752	751	900	165	8.666667	1	4	0	0	1	; 
 	795	706	2800	276	8.666667	1	4	0	0	1	; 
 	799	917	900	197	8.666667	1	4	0	0	1	; 
 	811	723	900	118	8.666667	1	4	0	0	1	; 
 	893	801	2400	236	8.666667	1	4	0	0	1	; 
 	933	931	900	175	8.666667	1	4	0	0	1	; 
 	120	121	2800	227	9	1	4	0	0	1	; 
 	173	217	2800	196	9	1	4	0	0	1	; 
 	184	183	2800	246	9	1	4	0	0	1	; 
 	202	249	2800	191	9	1	4	0	0	1	; 
 	217	352	2400	430	9	1	4	0	0	1	; 
 	222	223	2800	126	9	1	4	0	0	1	; 
 	254	192	2800	194	9	1	4	0	0	1	; 
 	348	476	2400	142	9	1	4	0	0	1	; 
 	376	883	600	201	9	1	4	0	0	1	; 
 	380	790	2400	196	9	1	4	0	0	1	; 
 	537	440	900	75	9	1	4	0	0	1	; 
 	550	548	600	178	9	1	4	0	0	1	; 
 	612	602	900	248	9	1	4	0	0	1	; 
 	635	400	2800	398	9	1	4	0	0	1	; 
 	686	689	600	366	9	1	4	0	0	1	; 
 	693	686	900	180	9	1	4	0	0	1	; 
 	719	725	900	154	9	1	4	0	0	1	; 
 	720	301	2800	200	9	1	4	0	0	1	; 
 	740	738	900	173	9	1	4	0	0	1	; 
 	794	796	2800	218	9	1	4	0	0	1	; 
 	208	188	2800	247	9.333333	1	4	0	0	1	; 
 	223	679	2400	194	9.333333	1	4	0	0	1	; 
 	367	363	900	196	9.333333	1	4	0	0	1	; 
 	369	370	900	228	9.333333	1	4	0	0	1	; 
 	372	368	2800	113	9.333333	1	4	0	0	1	; 
 	373	365	900	175	9.333333	1	4	0	0	1	; 
 	473	470	600	225	9.333333	1	4	0	0	1	; 
 	559	560	2400	268	9.333333	1	4	0	0	1	; 
 	580	690	2400	218	9.333333	1	4	0	0	1	; 
 	742	916	900	293	9.333333	1	4	0	0	1	; 
 	773	775	2400	234	9.333333	1	4	0	0	1	; 
 	849	879	2400	190	9.333333	1	4	0	0	1	; 
 	914	799	900	78	9.333333	1	4	0	0	1	; 
 	917	897	900	262	9.333333	1	4	0	0	1	; 
 	124	125	2800	108	9.666667	1	4	0	0	1	; 
 	130	124	2800	227	9.666667	1	4	0	0	1	; 
 	199	191	2800	184	9.666667	1	4	0	0	1	; 
 	239	261	2800	272	9.666667	1	4	0	0	1	; 
 	265	288	2400	176	9.666667	1	4	0	0	1	; 
 	284	355	900	385	9.666667	1	4	0	0	1	; 
 	317	318	2400	132	9.666667	1	4	0	0	1	; 
 	328	374	900	192	9.666667	1	4	0	0	1	; 
 	335	405	900	303	9.666667	1	4	0	0	1	; 
 	366	873	900	199	9.666667	1	4	0	0	1	; 
 	370	373	900	140	9.666667	1	4	0	0	1	; 
 	508	957	900	391	9.666667	1	4	0	0	1	; 
 	672	666	2800	350	9.666667	1	4	0	0	1	; 
 	724	719	900	106	9.666667	1	4	0	0	1	; 
 	725	761	900	118	9.666667	1	4	0	0	1	; 
 	759	756	600	241	9.666667	1	4	0	0	1	; 
 	767	368	600	234	9.666667	1	4	0	0	1	; 
 	828	829	600	387	9.666667	1	4	0	0	1	; 
 	956	952	900	225	9.666667	1	4	0	0	1	; 
 	122	111	2800	280	10	1	4	0	0	1	; 
 	131	918	2400	170	10	1	4	0	0	1	; 
 	148	159	2800	225	10	1	4	0	0	1	; 
 	188	173	2800	201	10	1	4	0	0	1	; 
 	303	892	2400	310	10	1	4	0	0	1	; 
 	309	922	900	397	10	1	4	0	0	1	; 
 	335	871	900	260	10	1	4	0	0	1	; 
 	417	423	2800	367	10	1	4	0	0	1	; 
 	549	152	600	80	10	1	4	0	0	1	; 
 	585	561	900	107	10	1	4	0	0	1	; 
 	616	617	900	393	10	1	4	0	0	1	; 
 	623	557	2400	194	10	1	4	0	0	1	; 
 	722	740	900	203	10	1	4	0	0	1	; 
 	786	258	2800	211	10	1	4	0	0	1	; 
 	809	807	900	283	10	1	4	0	0	1	; 
 	812	815	2800	198	10	1	4	0	0	1	; 
 	841	611	900	402	10	1	4	0	0	1	; 
 	883	376	600	201	10	1	4	0	0	1	; 
 	935	932	2400	130	10	1	4	0	0	1	; 
 	150	200	2800	265	10.333333	1	4	0	0	1	; 
 	221	242	2800	152	10.333333	1	4	0	0	1	; 
 	282	280	2400	205	10.333333	1	4	0	0	1	; 
 	324	328	2400	165	10.333333	1	4	0	0	1	; 
 	353	964	2400	384	10.333333	1	4	0	0	1	; 
 	475	413	2800	261	10.333333	1	4	0	0	1	; 
 	502	506	600	417	10.333333	1	4	0	0	1	; 
 	676	677	2400	157	10.333333	1	4	0	0	1	; 
 	747	378	900	224	10.333333	1	4	0	0	1	; 
 	843	844	2800	168	10.333333	1	4	0	0	1	; 
 	873	373	900	141	10.333333	1	4	0	0	1	; 
 	915	828	600	417	10.333333	1	4	0	0	1	; 
 	930	744	900	400	10.333333	1	4	0	0	1	; 
 	127	131	2800	104	10.666667	1	4	0	0	1	; 
 	173	446	900	296	10.666667	1	4	0	0	1	; 
 	272	265	2400	199	10.666667	1	4	0	0	1	; 
 	292	376	600	262	10.666667	1	4	0	0	1	; 
 	319	325	2400	198	10.666667	1	4	0	0	1	; 
 	447	890	2400	374	10.666667	1	4	0	0	1	; 
 	590	177	2800	88	10.666667	1	4	0	0	1	; 
 	633	597	900	321	10.666667	1	4	0	0	1	; 
 	763	759	600	210	10.666667	1	4	0	0	1	; 
 	799	830	2400	261	10.666667	1	4	0	0	1	; 
 	814	808	2400	271	10.666667	1	4	0	0	1	; 
 	878	278	900	178	10.666667	1	4	0	0	1	; 
 	948	541	2800	63	10.666667	1	4	0	0	1	; 
 	151	165	2800	239	11	1	4	0	0	1	; 
 	151	953	600	210	11	1	4	0	0	1	; 
 	299	846	900	445	11	1	4	0	0	1	; 
 	355	110	900	441	11	1	4	0	0	1	; 
 	382	302	600	385	11	1	4	0	0	1	; 
 	462	463	2400	165	11	1	4	0	0	1	; 
 	489	486	900	291	11	1	4	0	0	1	; 
 	601	539	2800	255	11	1	4	0	0	1	; 
 	603	714	900	307	11	1	4	0	0	1	; 
 	679	707	2400	231	11	1	4	0	0	1	; 
 	705	701	900	113	11	1	4	0	0	1	; 
 	707	732	2400	390	11	1	4	0	0	1	; 
 	813	816	2400	196	11	1	4	0	0	1	; 
 	824	774	2800	249	11	1	4	0	0	1	; 
 	852	856	2400	144	11	1	4	0	0	1	; 
 	859	863	900	436	11	1	4	0	0	1	; 
 	863	859	900	436	11	1	4	0	0	1	; 
 	112	199	2800	308	11.333333	1	4	0	0	1	; 
 	117	409	2400	202	11.333333	1	4	0	0	1	; 
 	161	163	2800	423	11.333333	1	4	0	0	1	; 
 	259	257	2800	401	11.333333	1	4	0	0	1	; 
 	278	834	2400	448	11.333333	1	4	0	0	1	; 
 	299	294	900	451	11.333333	1	4	0	0	1	; 
 	305	303	2400	90	11.333333	1	4	0	0	1	; 
 	334	335	900	146	11.333333	1	4	0	0	1	; 
 	362	877	900	430	11.333333	1	4	0	0	1	; 
 	441	440	900	256	11.333333	1	4	0	0	1	; 
 	723	719	900	222	11.333333	1	4	0	0	1	; 
 	740	745	2400	320	11.333333	1	4	0	0	1	; 
 	860	844	2800	219	11.333333	1	4	0	0	1	; 
 	867	864	900	170	11.333333	1	4	0	0	1	; 
 	884	316	600	198	11.333333	1	4	0	0	1	; 
 	893	752	900	219	11.333333	1	4	0	0	1	; 
 	911	465	2400	145	11.333333	1	4	0	0	1	; 
 	940	633	900	141	11.333333	1	4	0	0	1	; 
 	147	148	2800	182	11.666667	1	4	0	0	1	; 
 	267	268	600	293	11.666667	1	4	0	0	1	; 
 	357	359	900	158	11.666667	1	4	0	0	1	; 
 	386	454	2400	302	11.666667	1	4	0	0	1	; 
 	436	506	900	465	11.666667	1	4	0	0	1	; 
 	441	432	900	256	11.666667	1	4	0	0	1	; 
 	638	631	2400	276	11.666667	1	4	0	0	1	; 
 	685	223	2400	67	11.666667	1	4	0	0	1	; 
 	226	336	2400	448	12	1	4	0	0	1	; 
 	258	229	2800	301	12	1	4	0	0	1	; 
 	289	275	900	479	12	1	4	0	0	1	; 
 	303	782	2400	285	12	1	4	0	0	1	; 
 	457	416	600	255	12	1	4	0	0	1	; 
 	568	566	600	309	12	1	4	0	0	1	; 
 	581	579	2400	95	12	1	4	0	0	1	; 
 	606	611	900	315	12	1	4	0	0	1	; 
 	632	633	2400	366	12	1	4	0	0	1	; 
 	756	751	600	174	12	1	4	0	0	1	; 
 	775	768	2400	215	12	1	4	0	0	1	; 
 	952	953	900	244	12	1	4	0	0	1	; 
 	219	168	2800	201	12.333333	1	4	0	0	1	; 
 	268	150	600	142	12.333333	1	4	0	0	1	; 
 	274	287	900	482	12.333333	1	4	0	0	1	; 
 	316	376	2400	96	12.333333	1	4	0	0	1	; 
 	323	310	2400	343	12.333333	1	4	0	0	1	; 
 	361	357	900	512	12.333333	1	4	0	0	1	; 
 	427	425	2400	210	12.333333	1	4	0	0	1	; 
 	626	639	2400	417	12.333333	1	4	0	0	1	; 
 	796	794	2800	218	12.333333	1	4	0	0	1	; 
 	799	705	900	300	12.333333	1	4	0	0	1	; 
 	840	611	600	496	12.333333	1	4	0	0	1	; 
 	856	852	2400	144	12.333333	1	4	0	0	1	; 
 	953	356	900	247	12.333333	1	4	0	0	1	; 
 	106	112	2800	414	12.666667	1	4	0	0	1	; 
 	154	152	2800	199	12.666667	1	4	0	0	1	; 
 	349	338	2400	291	12.666667	1	4	0	0	1	; 
 	399	501	900	252	12.666667	1	4	0	0	1	; 
 	463	447	2400	371	12.666667	1	4	0	0	1	; 
 	663	668	2800	144	12.666667	1	4	0	0	1	; 
 	762	809	900	178	12.666667	1	4	0	0	1	; 
 	877	874	900	505	12.666667	1	4	0	0	1	; 
 	931	933	900	175	12.666667	1	4	0	0	1	; 
 	941	927	900	187	12.666667	1	4	0	0	1	; 
 	959	777	2400	400	12.666667	1	4	0	0	1	; 
 	191	527	900	178	13	1	4	0	0	1	; 
 	277	353	900	514	13	1	4	0	0	1	; 
 	399	630	2800	456	13	1	4	0	0	1	; 
 	482	492	600	292	13	1	4	0	0	1	; 
 	489	498	2800	375	13	1	4	0	0	1	; 
 	523	518	900	316	13	1	4	0	0	1	; 
 	646	231	2800	105	13	1	4	0	0	1	; 
 	708	681	2400	175	13	1	4	0	0	1	; 
 	764	765	900	362	13	1	4	0	0	1	; 
 	863	567	900	324	13	1	4	0	0	1	; 
 	923	130	2400	282	13	1	4	0	0	1	; 
 	115	429	2800	222	13.333333	1	4	0	0	1	; 
 	238	221	2800	231	13.333333	1	4	0	0	1	; 
 	327	319	2400	131	13.333333	1	4	0	0	1	; 
 	387	286	2400	219	13.333333	1	4	0	0	1	; 
 	491	339	900	135	13.333333	1	4	0	0	1	; 
 	556	161	600	162	13.333333	1	4	0	0	1	; 
 	699	246	2800	545	13.333333	1	4	0	0	1	; 
 	711	839	900	263	13.333333	1	4	0	0	1	; 
 	749	304	900	172	13.333333	1	4	0	0	1	; 
 	753	751	900	221	13.333333	1	4	0	0	1	; 
 	847	848	2400	161	13.333333	1	4	0	0	1	; 
 	860	863	900	298	13.333333	1	4	0	0	1	; 
 	866	864	900	374	13.333333	1	4	0	0	1	; 
 	439	441	600	235	13.666667	1	4	0	0	1	; 
 	692	659	2800	154	13.666667	1	4	0	0	1	; 
 	796	893	2400	367	13.666667	1	4	0	0	1	; 
 	864	867	900	170	13.666667	1	4	0	0	1	; 
 	947	945	2800	207	13.666667	1	4	0	0	1	; 
 	107	108	2800	317	14	1	4	0	0	1	; 
 	227	220	2800	362	14	1	4	0	0	1	; 
 	303	749	900	463	14	1	4	0	0	1	; 
 	463	432	900	348	14	1	4	0	0	1	; 
 	538	560	900	193	14	1	4	0	0	1	; 
 	621	554	900	394	14	1	4	0	0	1	; 
 	682	291	2400	281	14	1	4	0	0	1	; 
 	808	809	2800	351	14	1	4	0	0	1	; 
 	839	711	900	263	14	1	4	0	0	1	; 
 	934	933	900	226	14	1	4	0	0	1	; 
 	971	496	2400	379	14	1	4	0	0	1	; 
 	171	106	2800	401	14.333333	1	4	0	0	1	; 
 	401	939	900	399	14.333333	1	4	0	0	1	; 
 	474	373	900	210	14.333333	1	4	0	0	1	; 
 	591	531	2800	345	14.333333	1	4	0	0	1	; 
 	630	631	2800	185	14.333333	1	4	0	0	1	; 
 	642	640	2400	572	14.333333	1	4	0	0	1	; 
 	791	783	2800	240	14.333333	1	4	0	0	1	; 
 	883	884	600	94	14.333333	1	4	0	0	1	; 
 	894	742	900	113	14.333333	1	4	0	0	1	; 
 	195	156	2800	164	14.666667	1	4	0	0	1	; 
 	290	937	2400	514	14.666667	1	4	0	0	1	; 
 	297	299	900	348	14.666667	1	4	0	0	1	; 
 	304	300	900	457	14.666667	1	4	0	0	1	; 
 	721	795	2800	81	14.666667	1	4	0	0	1	; 
 	725	723	900	225	14.666667	1	4	0	0	1	; 
 	810	814	2800	131	14.666667	1	4	0	0	1	; 
 	215	207	2800	156	15	1	4	0	0	1	; 
 	353	285	900	394	15	1	4	0	0	1	; 
 	377	379	600	213	15	1	4	0	0	1	; 
 	533	536	900	280	15	1	4	0	0	1	; 
 	560	637	2400	363	15	1	4	0	0	1	; 
 	678	580	900	105	15	1	4	0	0	1	; 
 	774	772	2400	442	15	1	4	0	0	1	; 
 	872	364	900	257	15	1	4	0	0	1	; 
 	160	151	2800	118	15.333333	1	4	0	0	1	; 
 	212	202	2800	166	15.333333	1	4	0	0	1	; 
 	300	303	900	178	15.333333	1	4	0	0	1	; 
 	316	884	600	198	15.333333	1	4	0	0	1	; 
 	318	320	2400	197	15.333333	1	4	0	0	1	; 
 	319	884	600	137	15.333333	1	4	0	0	1	; 
 	368	311	2800	503	15.333333	1	4	0	0	1	; 
 	494	501	900	167	15.333333	1	4	0	0	1	; 
 	871	802	900	229	15.333333	1	4	0	0	1	; 
 	963	590	2800	590	15.333333	1	4	0	0	1	; 
 	200	132	2800	142	15.666667	1	4	0	0	1	; 
 	218	197	2800	172	15.666667	1	4	0	0	1	; 
 	443	432	900	207	15.666667	1	4	0	0	1	; 
 	451	452	900	222	15.666667	1	4	0	0	1	; 
 	463	581	2400	417	15.666667	1	4	0	0	1	; 
 	707	685	2400	358	15.666667	1	4	0	0	1	; 
 	765	313	900	165	15.666667	1	4	0	0	1	; 
 	856	861	2400	422	15.666667	1	4	0	0	1	; 
 	899	810	900	231	15.666667	1	4	0	0	1	; 
 	968	432	900	277	15.666667	1	4	0	0	1	; 
 	332	227	2400	84	16	1	4	0	0	1	; 
 	432	467	900	274	16	1	4	0	0	1	; 
 	454	388	2400	490	16	1	4	0	0	1	; 
 	468	474	900	463	16	1	4	0	0	1	; 
 	601	612	900	446	16	1	4	0	0	1	; 
 	723	810	900	252	16	1	4	0	0	1	; 
 	830	799	2400	261	16	1	4	0	0	1	; 
 	938	284	2400	644	16	1	4	0	0	1	; 
 	503	631	2800	340	16.333333	1	4	0	0	1	; 
 	561	605	900	452	16.333333	1	4	0	0	1	; 
 	563	564	2800	421	16.333333	1	4	0	0	1	; 
 	603	259	2800	539	16.333333	1	4	0	0	1	; 
 	725	719	900	154	16.333333	1	4	0	0	1	; 
 	128	117	2800	177	16.666667	1	4	0	0	1	; 
 	164	150	2800	204	16.666667	1	4	0	0	1	; 
 	255	256	2800	589	16.666667	1	4	0	0	1	; 
 	391	390	900	541	16.666667	1	4	0	0	1	; 
 	548	546	900	238	16.666667	1	4	0	0	1	; 
 	555	613	900	438	16.666667	1	4	0	0	1	; 
 	570	564	600	289	16.666667	1	4	0	0	1	; 
 	862	854	900	236	16.666667	1	4	0	0	1	; 
 	440	438	600	477	17	1	4	0	0	1	; 
 	454	397	900	311	17	1	4	0	0	1	; 
 	492	495	600	675	17	1	4	0	0	1	; 
 	905	906	2400	220	17	1	4	0	0	1	; 
 	121	123	2800	294	17.333333	1	4	0	0	1	; 
 	125	195	2800	235	17.333333	1	4	0	0	1	; 
 	247	224	2800	150	17.333333	1	4	0	0	1	; 
 	269	201	2400	418	17.333333	1	4	0	0	1	; 
 	366	806	2800	321	17.333333	1	4	0	0	1	; 
 	374	748	900	342	17.333333	1	4	0	0	1	; 
 	943	950	900	280	17.333333	1	4	0	0	1	; 
 	953	354	600	348	17.333333	1	4	0	0	1	; 
 	257	186	2800	504	17.666667	1	4	0	0	1	; 
 	633	561	2400	373	17.666667	1	4	0	0	1	; 
 	714	603	900	307	17.666667	1	4	0	0	1	; 
 	881	844	600	201	17.666667	1	4	0	0	1	; 
 	172	215	2800	435	18	1	4	0	0	1	; 
 	186	172	2800	369	18	1	4	0	0	1	; 
 	310	269	2400	227	18	1	4	0	0	1	; 
 	612	402	900	533	18	1	4	0	0	1	; 
 	766	769	600	438	18	1	4	0	0	1	; 
 	793	707	2400	328	18	1	4	0	0	1	; 
 	864	856	900	279	18	1	4	0	0	1	; 
 	954	519	900	420	18	1	4	0	0	1	; 
 	132	142	2800	320	18.333333	1	4	0	0	1	; 
 	203	149	2800	231	18.333333	1	4	0	0	1	; 
 	268	267	600	293	18.333333	1	4	0	0	1	; 
 	305	298	2400	277	18.333333	1	4	0	0	1	; 
 	398	451	900	452	18.333333	1	4	0	0	1	; 
 	861	860	2400	177	18.333333	1	4	0	0	1	; 
 	901	680	900	274	18.333333	1	4	0	0	1	; 
 	207	503	2800	222	18.666667	1	4	0	0	1	; 
 	622	615	2400	421	18.666667	1	4	0	0	1	; 
 	864	866	900	374	18.666667	1	4	0	0	1	; 
 	917	796	600	358	18.666667	1	4	0	0	1	; 
 	927	599	2400	512	18.666667	1	4	0	0	1	; 
 	337	335	900	474	19	1	4	0	0	1	; 
 	376	849	2400	392	19	1	4	0	0	1	; 
 	378	328	900	297	19	1	4	0	0	1	; 
 	441	438	600	407	19	1	4	0	0	1	; 
 	712	711	900	348	19	1	4	0	0	1	; 
 	784	262	2800	183	19	1	4	0	0	1	; 
 	135	139	2800	321	19.333333	1	4	0	0	1	; 
 	415	314	2800	122	19.333333	1	4	0	0	1	; 
 	517	518	900	480	19.333333	1	4	0	0	1	; 
 	575	582	2400	363	19.333333	1	4	0	0	1	; 
 	875	878	900	645	19.333333	1	4	0	0	1	; 
 	893	303	2400	384	19.333333	1	4	0	0	1	; 
 	190	107	2800	403	19.666667	1	4	0	0	1	; 
 	216	171	2800	163	19.666667	1	4	0	0	1	; 
 	270	272	2400	643	19.666667	1	4	0	0	1	; 
 	373	366	900	340	19.666667	1	4	0	0	1	; 
 	498	489	2800	375	19.666667	1	4	0	0	1	; 
 	513	477	900	293	19.666667	1	4	0	0	1	; 
 	584	174	2400	250	19.666667	1	4	0	0	1	; 
 	717	711	900	373	19.666667	1	4	0	0	1	; 
 	745	776	2400	459	20.333333	1	4	0	0	1	; 
 	797	799	2400	363	20.333333	1	4	0	0	1	; 
 	826	702	900	585	20.333333	1	4	0	0	1	; 
 	188	508	900	567	20.666667	1	4	0	0	1	; 
 	211	113	2800	308	20.666667	1	4	0	0	1	; 
 	312	313	2800	159	20.666667	1	4	0	0	1	; 
 	518	522	900	527	20.666667	1	4	0	0	1	; 
 	551	183	900	195	20.666667	1	4	0	0	1	; 
 	768	314	2400	338	20.666667	1	4	0	0	1	; 
 	499	489	900	158	21	1	4	0	0	1	; 
 	751	893	900	384	21	1	4	0	0	1	; 
 	782	740	2400	178	21	1	4	0	0	1	; 
 	839	259	900	85	21	1	4	0	0	1	; 
 	459	447	900	299	21.333333	1	4	0	0	1	; 
 	579	571	2400	356	21.333333	1	4	0	0	1	; 
 	705	799	900	300	21.333333	1	4	0	0	1	; 
 	719	721	900	339	21.333333	1	4	0	0	1	; 
 	146	157	2800	406	21.666667	1	4	0	0	1	; 
 	182	185	2800	254	21.666667	1	4	0	0	1	; 
 	368	770	600	526	21.666667	1	4	0	0	1	; 
 	109	169	2800	408	22	1	4	0	0	1	; 
 	535	576	900	515	22.333333	1	4	0	0	1	; 
 	844	860	2800	219	22.666667	1	4	0	0	1	; 
 	287	114	900	316	23	1	4	0	0	1	; 
 	737	797	2800	284	23	1	4	0	0	1	; 
 	798	797	2800	252	23	1	4	0	0	1	; 
 	734	773	2400	468	23.333333	1	4	0	0	1	; 
 	404	548	600	519	23.666667	1	4	0	0	1	; 
 	315	366	2800	683	24	1	4	0	0	1	; 
 	779	303	2400	208	24	1	4	0	0	1	; 
 	411	407	600	486	24.333333	1	4	0	0	1	; 
 	809	787	2400	539	24.333333	1	4	0	0	1	; 
 	618	616	900	502	24.666667	1	4	0	0	1	; 
 	964	362	2400	156	24.666667	1	4	0	0	1	; 
 	854	860	2800	520	25	1	4	0	0	1	; 
 	359	360	2400	535	25.333333	1	4	0	0	1	; 
 	896	740	900	269	26	1	4	0	0	1	; 
 	363	228	900	242	26.666667	1	4	0	0	1	; 
 	523	109	900	212	26.666667	1	4	0	0	1	; 
 	242	237	2800	210	27	1	4	0	0	1	; 
 	447	463	2400	371	27.333333	1	4	0	0	1	; 
 	751	305	900	409	28.333333	1	4	0	0	1	; 
 	860	856	2400	599	28.666667	1	4	0	0	1	; 
 	602	601	900	198	29.333333	1	4	0	0	1	; 
 	298	330	2400	568	30.333333	1	4	0	0	1	; 
 	745	740	2400	320	30.666667	1	4	0	0	1	; 
 	414	236	2400	147	33	1	4	0	0	1	; 
 	337	332	2400	348	33.333333	1	4	0	0	1	; 
 	495	492	600	675	33.666667	1	4	0	0	1	; 
 	736	774	600	940	36.333333	1	4	0	0	1	; 
 	863	860	900	298	40.333333	1	4	0	0	1	; 
 	860	854	2800	520	41	1	4	0	0	1	; 
 	631	207	2800	562	55	1	4	0	0	1	; 