iteration 	 gap
0	NaN
1	0.9998982850865594
2	0.9998807740402299
3	0.08155040172825467
4	0.06390032854266037
5	3.2107381723212036E-5
6	0.014582482264389629
7	4.3374073144253344E-7
8	0.011254839283313944
9	1.9538333118074291E-7
10	0.00871087681044369
11	8.907277548875214E-8
12	0.006770073184411807
13	4.123749186568659E-8
14	0.005279307991956861
15	1.9332371370417434E-8
16	0.004127833255370361
17	9.155566083052236E-9
18	0.003234400487206801
19	4.371547790427144E-9
20	0.002538650548900012
21	2.1010370110374765E-9
22	0.0019952536586548275
23	1.0151040008565815E-9
24	0.0015698510525081755
25	4.924995966604229E-10
26	0.0012361967054217438
27	2.397442244728154E-10
28	9.741120210605692E-4
29	1.1701517532713979E-10
30	7.680006235994963E-4
31	5.7233107142451445E-11
32	6.057554536360588E-4
33	2.8040236799142804E-11
34	4.7794501549269786E-4
35	4.7794501549269786E-4
36	8.552819681163504E-4
37	7.854827899222983E-11
38	2.977549091397469E-4
39	2.977549091397469E-4
40	5.328878666022163E-4
41	1.8990031769305915E-11
42	1.8562229433816135E-4
43	1.8562229433816135E-4
44	3.3222751913020154E-4
45	4.600431147139261E-12
46	1.1576647017985664E-4
47	1.1576647017985664E-4
48	2.07207808496368E-4
49	1.1162182289581324E-12
50	7.221854778582948E-5
51	7.221854778582948E-5
52	1.2926568007343153E-4
53	2.710054403110007E-13
54	4.505940454890833E-5
55	4.505940454890833E-5
56	8.065418391312029E-5
57	8.065418391312029E-5
58	1.0877271753007012E-4
59	1.609823385706477E-13
60	2.2210985482051804E-5
61	2.2210985482051804E-5
62	3.9757141216623104E-5
63	3.9757141216623104E-5
64	5.361827801841912E-5
65	1.965094753586527E-14
66	1.0949652519132158E-5
67	1.0949652519132158E-5
68	1.9599750937016047E-5
69	1.9599750937016047E-5
70	2.6433249385782176E-5
71	2.55351295663786E-15
72	5.398306861525981E-6
73	5.398306861525981E-6
74	9.662938393217857E-6
75	9.662938393217857E-6
76	1.303197802648981E-5
77	1.303197802648981E-5
78	1.5693507306568932E-5
79	5.551115123125783E-16
80	2.1025757821480084E-6
81	2.1025757821480084E-6
82	3.7636059638801456E-6
83	3.7636059638801456E-6
84	5.075816882582629E-6
85	5.075816882582629E-6
86	6.112461683471793E-6
87	6.112461683471793E-6
88	6.931409937016575E-6
89	6.661338147750939E-16
90	6.469650339901989E-7
91	6.469650339901989E-7
92	1.1580669663224796E-6
93	1.1580669663224796E-6
94	1.561837216557116E-6
95	1.561837216557116E-6
96	1.8808155409777427E-6
97	1.8808155409777427E-6
98	2.132808310073564E-6
99	2.132808310073564E-6
100	2.3318825297380386E-6
101	2.220446049250313E-16
102	1.572683153705512E-7
103	1.572683153705512E-7
104	2.8151025854850076E-7
105	2.8151025854850076E-7
106	3.796613775586266E-7
107	3.796613775586266E-7
108	4.5720075070310173E-7
109	4.5720075070310173E-7
110	5.184568497851316E-7
111	5.184568497851316E-7
112	5.668491640520301E-7
113	5.668491640520301E-7
114	6.050790896106051E-7
115	6.050790896106051E-7
116	6.352807292442364E-7
117	5.551115123125783E-16
118	2.3859282438642992E-8
119	2.3859282438642992E-8
120	4.270811504447636E-8
121	4.270811504447636E-8
122	5.759869270427487E-8
123	5.759869270427487E-8
124	6.936224905551569E-8
125	6.936224905551569E-8
126	7.86554581466703E-8
127	7.86554581466703E-8
128	8.599709355738838E-8
129	8.599709355738838E-8
130	9.179698479133691E-8
131	9.179698479133691E-8
132	9.637889952784917E-8
133	9.637889952784917E-8
134	9.999861216858363E-8
135	9.999861216858363E-8
136	1.0285818474731201E-7
137	1.0285818474731201E-7
138	1.0511724746198325E-7
139	2.220446049250313E-16
140	1.7846590871783974E-9
141	1.7846590871783974E-9
142	3.1945400769117782E-9
143	3.1945400769117782E-9
144	4.30834623532661E-9
145	4.30834623532661E-9
146	5.188252827359463E-9
147	5.188252827359463E-9
148	5.883379228244223E-9
149	5.883379228244223E-9
150	6.432528953936867E-9
151	6.432528953936867E-9
152	6.866357260548739E-9
153	6.866357260548739E-9
154	7.20908155393829E-9
155	7.20908155393829E-9
156	7.479834085444281E-9
157	7.479834085444281E-9
158	7.693728321100934E-9
159	7.693728321100934E-9
160	7.862704931582698E-9
161	7.862704931582698E-9
162	7.996196149662183E-9
163	7.996196149662183E-9
164	8.101654236369882E-9
165	8.101654236369882E-9
166	8.184966815427686E-9
167	8.184966815427686E-9
168	8.250783389840421E-9
169	8.250783389840421E-9
170	8.302778131685784E-9
171	0.0
172	4.107647555429139E-11
173	4.107647555429139E-11
174	7.352696229645517E-11
175	7.352696229645517E-11
176	9.916234500195742E-11
177	9.916234500195742E-11
178	1.194144783056572E-10
179	1.194144783056572E-10
180	1.3541423538043773E-10
181	1.3541423538043773E-10
182	1.480530142927705E-10
183	1.0050482668333416E-10
184	1.1049072767832513E-10
185	7.292766390776251E-11
186	8.081579849772424E-11
187	5.114120238403075E-11
188	5.73733283104616E-11
189	3.393041403398911E-11
190	3.8852809858269666E-11
191	2.0332846517590042E-11
192	2.4222512884364278E-11
193	9.591882843551502E-12
194	1.266431404189916E-11
195	1.1058931548291184E-12
196	3.5333957981720232E-12
197	5.597633467857577E-12
198	3.679834215120081E-12
199	1.0893508317622036E-11
200	9.37860900052101E-12
201	1.5077272763619476E-11
202	1.3880896432283407E-11
203	1.8382850797138417E-11
204	1.743682975785532E-11
205	2.0993318194939548E-11
206	2.0246915255484055E-11
207	2.305655666390294E-11
208	2.246614005940728E-11
209	2.4685808952540356E-11
210	2.4219848349105177E-11
211	2.597333459419815E-11
212	2.5605073616929985E-11
213	2.6990409907057256E-11
214	2.6699087385395615E-11
215	2.7793545243071094E-11
216	2.7563729076973686E-11
217	2.842803770164437E-11
218	2.8246516237118158E-11
219	2.8929636464170017E-11
220	2.878597360478352E-11
221	2.932554199475135E-11
222	2.9325430972448885E-11
223	2.9325430972448885E-11
224	2.9325430972448885E-11
225	2.9325430972448885E-11
226	2.9325430972448885E-11
227	2.9325430972448885E-11
228	2.9325430972448885E-11
229	2.9325430972448885E-11
230	2.9325430972448885E-11
231	2.9325430972448885E-11
232	2.9325430972448885E-11
233	2.9325430972448885E-11
234	2.9325430972448885E-11
235	2.9325430972448885E-11
236	2.9325430972448885E-11
237	2.9325430972448885E-11
238	2.9325430972448885E-11
239	2.9325430972448885E-11
240	2.9325430972448885E-11
241	3.3306690738754696E-16
242	3.3306690738754696E-16
243	3.3306690738754696E-16
244	3.3306690738754696E-16
245	3.3306690738754696E-16
246	3.3306690738754696E-16
247	3.3306690738754696E-16
248	3.3306690738754696E-16
249	3.3306690738754696E-16
250	3.3306690738754696E-16
251	3.3306690738754696E-16
252	3.3306690738754696E-16
253	3.3306690738754696E-16
254	3.3306690738754696E-16
255	3.3306690738754696E-16
256	3.3306690738754696E-16
257	3.3306690738754696E-16
258	3.3306690738754696E-16
259	3.3306690738754696E-16
260	3.3306690738754696E-16
261	3.3306690738754696E-16
262	3.3306690738754696E-16
263	3.3306690738754696E-16
264	3.3306690738754696E-16
265	3.3306690738754696E-16
266	3.3306690738754696E-16
267	3.3306690738754696E-16
268	3.3306690738754696E-16
269	3.3306690738754696E-16
270	3.3306690738754696E-16
271	3.3306690738754696E-16
272	3.3306690738754696E-16
273	3.3306690738754696E-16
274	3.3306690738754696E-16
275	3.3306690738754696E-16
276	3.3306690738754696E-16
277	3.3306690738754696E-16
278	3.3306690738754696E-16
279	3.3306690738754696E-16
280	3.3306690738754696E-16
281	3.3306690738754696E-16
282	3.3306690738754696E-16
283	3.3306690738754696E-16
284	3.3306690738754696E-16
285	3.3306690738754696E-16
286	3.3306690738754696E-16
287	3.3306690738754696E-16
288	3.3306690738754696E-16
289	3.3306690738754696E-16
290	3.3306690738754696E-16
291	3.3306690738754696E-16
292	3.3306690738754696E-16
293	3.3306690738754696E-16
294	3.3306690738754696E-16
295	3.3306690738754696E-16
296	3.3306690738754696E-16
297	3.3306690738754696E-16
298	3.3306690738754696E-16
299	3.3306690738754696E-16
300	3.3306690738754696E-16
301	3.3306690738754696E-16
302	3.3306690738754696E-16
303	3.3306690738754696E-16
304	3.3306690738754696E-16
305	3.3306690738754696E-16
306	3.3306690738754696E-16
307	3.3306690738754696E-16
308	3.3306690738754696E-16
309	3.3306690738754696E-16
310	3.3306690738754696E-16
311	3.3306690738754696E-16
312	3.3306690738754696E-16
313	3.3306690738754696E-16
314	3.3306690738754696E-16
315	3.3306690738754696E-16
316	3.3306690738754696E-16
317	3.3306690738754696E-16
318	3.3306690738754696E-16
319	3.3306690738754696E-16
320	3.3306690738754696E-16
321	3.3306690738754696E-16
322	3.3306690738754696E-16
323	3.3306690738754696E-16
324	3.3306690738754696E-16
325	3.3306690738754696E-16
326	3.3306690738754696E-16
327	3.3306690738754696E-16
328	3.3306690738754696E-16
329	3.3306690738754696E-16
330	3.3306690738754696E-16
331	3.3306690738754696E-16
332	3.3306690738754696E-16
333	3.3306690738754696E-16
334	3.3306690738754696E-16
335	3.3306690738754696E-16
336	3.3306690738754696E-16
337	3.3306690738754696E-16
338	3.3306690738754696E-16
339	3.3306690738754696E-16
340	3.3306690738754696E-16
341	3.3306690738754696E-16
342	3.3306690738754696E-16
343	3.3306690738754696E-16
344	3.3306690738754696E-16
345	3.3306690738754696E-16
346	3.3306690738754696E-16
347	3.3306690738754696E-16
348	3.3306690738754696E-16
349	3.3306690738754696E-16
350	3.3306690738754696E-16
351	3.3306690738754696E-16
352	3.3306690738754696E-16
353	3.3306690738754696E-16
354	3.3306690738754696E-16
355	3.3306690738754696E-16
356	3.3306690738754696E-16
357	3.3306690738754696E-16
358	3.3306690738754696E-16
359	3.3306690738754696E-16
360	3.3306690738754696E-16
361	3.3306690738754696E-16
362	3.3306690738754696E-16
363	3.3306690738754696E-16
364	3.3306690738754696E-16
365	3.3306690738754696E-16
366	3.3306690738754696E-16
367	3.3306690738754696E-16
368	3.3306690738754696E-16
369	3.3306690738754696E-16
370	3.3306690738754696E-16
371	3.3306690738754696E-16
372	3.3306690738754696E-16
373	3.3306690738754696E-16
374	3.3306690738754696E-16
375	3.3306690738754696E-16
376	3.3306690738754696E-16
377	3.3306690738754696E-16
378	3.3306690738754696E-16
379	3.3306690738754696E-16
380	3.3306690738754696E-16
381	3.3306690738754696E-16
382	3.3306690738754696E-16
383	3.3306690738754696E-16
384	3.3306690738754696E-16
385	3.3306690738754696E-16
386	3.3306690738754696E-16
387	3.3306690738754696E-16
388	3.3306690738754696E-16
389	3.3306690738754696E-16
390	3.3306690738754696E-16
391	3.3306690738754696E-16
392	3.3306690738754696E-16
393	3.3306690738754696E-16
394	3.3306690738754696E-16
395	3.3306690738754696E-16
396	3.3306690738754696E-16
397	3.3306690738754696E-16
398	3.3306690738754696E-16
399	3.3306690738754696E-16
400	3.3306690738754696E-16
401	3.3306690738754696E-16
402	3.3306690738754696E-16
403	3.3306690738754696E-16
404	3.3306690738754696E-16
405	3.3306690738754696E-16
406	3.3306690738754696E-16
407	3.3306690738754696E-16
408	3.3306690738754696E-16
409	3.3306690738754696E-16
410	3.3306690738754696E-16
411	3.3306690738754696E-16
412	3.3306690738754696E-16
413	3.3306690738754696E-16
414	3.3306690738754696E-16
415	3.3306690738754696E-16
416	3.3306690738754696E-16
417	3.3306690738754696E-16
418	3.3306690738754696E-16
419	3.3306690738754696E-16
420	3.3306690738754696E-16
421	3.3306690738754696E-16
422	3.3306690738754696E-16
423	3.3306690738754696E-16
424	3.3306690738754696E-16
425	3.3306690738754696E-16
426	3.3306690738754696E-16
427	3.3306690738754696E-16
428	3.3306690738754696E-16
429	3.3306690738754696E-16
430	3.3306690738754696E-16
431	3.3306690738754696E-16
432	3.3306690738754696E-16
433	3.3306690738754696E-16
434	3.3306690738754696E-16
435	3.3306690738754696E-16
436	3.3306690738754696E-16
437	3.3306690738754696E-16
438	3.3306690738754696E-16
439	3.3306690738754696E-16
440	3.3306690738754696E-16
441	3.3306690738754696E-16
442	3.3306690738754696E-16
443	3.3306690738754696E-16
444	3.3306690738754696E-16
445	3.3306690738754696E-16
446	3.3306690738754696E-16
447	3.3306690738754696E-16
448	3.3306690738754696E-16
449	3.3306690738754696E-16
450	3.3306690738754696E-16
451	3.3306690738754696E-16
452	3.3306690738754696E-16
453	3.3306690738754696E-16
454	3.3306690738754696E-16
455	3.3306690738754696E-16
456	3.3306690738754696E-16
457	3.3306690738754696E-16
458	3.3306690738754696E-16
459	3.3306690738754696E-16
460	3.3306690738754696E-16
461	3.3306690738754696E-16
462	3.3306690738754696E-16
463	3.3306690738754696E-16
464	3.3306690738754696E-16
465	3.3306690738754696E-16
466	3.3306690738754696E-16
467	3.3306690738754696E-16
468	3.3306690738754696E-16
469	3.3306690738754696E-16
470	3.3306690738754696E-16
471	3.3306690738754696E-16
472	3.3306690738754696E-16
473	3.3306690738754696E-16
474	3.3306690738754696E-16
475	3.3306690738754696E-16
476	3.3306690738754696E-16
477	3.3306690738754696E-16
478	3.3306690738754696E-16
479	3.3306690738754696E-16
480	3.3306690738754696E-16
481	3.3306690738754696E-16
482	3.3306690738754696E-16
483	3.3306690738754696E-16
484	3.3306690738754696E-16
485	3.3306690738754696E-16
486	3.3306690738754696E-16
487	3.3306690738754696E-16
488	3.3306690738754696E-16
489	3.3306690738754696E-16
490	3.3306690738754696E-16
491	3.3306690738754696E-16
492	3.3306690738754696E-16
493	3.3306690738754696E-16
494	3.3306690738754696E-16
495	3.3306690738754696E-16
496	3.3306690738754696E-16
497	3.3306690738754696E-16
498	3.3306690738754696E-16
499	3.3306690738754696E-16
500	3.3306690738754696E-16
501	3.3306690738754696E-16
502	3.3306690738754696E-16
503	3.3306690738754696E-16
504	3.3306690738754696E-16
505	3.3306690738754696E-16
506	3.3306690738754696E-16
507	3.3306690738754696E-16
508	3.3306690738754696E-16
509	3.3306690738754696E-16
510	3.3306690738754696E-16
511	3.3306690738754696E-16
512	3.3306690738754696E-16
513	3.3306690738754696E-16
514	3.3306690738754696E-16
515	3.3306690738754696E-16
516	3.3306690738754696E-16
517	3.3306690738754696E-16
518	3.3306690738754696E-16
519	3.3306690738754696E-16
520	3.3306690738754696E-16
521	3.3306690738754696E-16
522	3.3306690738754696E-16
523	3.3306690738754696E-16
524	3.3306690738754696E-16
525	3.3306690738754696E-16
526	3.3306690738754696E-16
527	3.3306690738754696E-16
528	3.3306690738754696E-16
529	3.3306690738754696E-16
530	3.3306690738754696E-16
531	3.3306690738754696E-16
532	3.3306690738754696E-16
533	3.3306690738754696E-16
534	3.3306690738754696E-16
535	3.3306690738754696E-16
536	3.3306690738754696E-16
537	3.3306690738754696E-16
538	3.3306690738754696E-16
539	3.3306690738754696E-16
540	3.3306690738754696E-16
541	3.3306690738754696E-16
542	3.3306690738754696E-16
543	3.3306690738754696E-16
544	3.3306690738754696E-16
545	3.3306690738754696E-16
546	3.3306690738754696E-16
547	3.3306690738754696E-16
548	3.3306690738754696E-16
549	3.3306690738754696E-16
550	3.3306690738754696E-16
551	3.3306690738754696E-16
552	3.3306690738754696E-16
553	3.3306690738754696E-16
554	3.3306690738754696E-16
555	3.3306690738754696E-16
556	3.3306690738754696E-16
557	3.3306690738754696E-16
558	3.3306690738754696E-16
559	3.3306690738754696E-16
560	3.3306690738754696E-16
561	3.3306690738754696E-16
562	3.3306690738754696E-16
563	3.3306690738754696E-16
564	3.3306690738754696E-16
565	3.3306690738754696E-16
566	3.3306690738754696E-16
567	3.3306690738754696E-16
568	3.3306690738754696E-16
569	3.3306690738754696E-16
570	3.3306690738754696E-16
571	3.3306690738754696E-16
572	3.3306690738754696E-16
573	3.3306690738754696E-16
574	3.3306690738754696E-16
575	3.3306690738754696E-16
576	3.3306690738754696E-16
577	3.3306690738754696E-16
578	3.3306690738754696E-16
579	3.3306690738754696E-16
580	3.3306690738754696E-16
581	3.3306690738754696E-16
582	3.3306690738754696E-16
583	3.3306690738754696E-16
584	3.3306690738754696E-16
585	3.3306690738754696E-16
586	3.3306690738754696E-16
587	3.3306690738754696E-16
588	3.3306690738754696E-16
589	3.3306690738754696E-16
590	3.3306690738754696E-16
591	3.3306690738754696E-16
592	3.3306690738754696E-16
593	3.3306690738754696E-16
594	3.3306690738754696E-16
595	3.3306690738754696E-16
596	3.3306690738754696E-16
597	3.3306690738754696E-16
598	3.3306690738754696E-16
599	3.3306690738754696E-16
600	3.3306690738754696E-16
601	3.3306690738754696E-16
602	3.3306690738754696E-16
603	3.3306690738754696E-16
604	3.3306690738754696E-16
605	3.3306690738754696E-16
606	3.3306690738754696E-16
607	3.3306690738754696E-16
608	3.3306690738754696E-16
609	3.3306690738754696E-16
610	3.3306690738754696E-16
611	3.3306690738754696E-16
612	3.3306690738754696E-16
613	3.3306690738754696E-16
614	3.3306690738754696E-16
615	3.3306690738754696E-16
616	3.3306690738754696E-16
617	3.3306690738754696E-16
618	3.3306690738754696E-16
619	3.3306690738754696E-16
620	3.3306690738754696E-16
621	3.3306690738754696E-16
622	3.3306690738754696E-16
623	3.3306690738754696E-16
624	3.3306690738754696E-16
625	3.3306690738754696E-16
626	3.3306690738754696E-16
627	3.3306690738754696E-16
628	3.3306690738754696E-16
629	3.3306690738754696E-16
630	3.3306690738754696E-16
631	3.3306690738754696E-16
632	3.3306690738754696E-16
633	3.3306690738754696E-16
634	3.3306690738754696E-16
635	3.3306690738754696E-16
636	3.3306690738754696E-16
637	3.3306690738754696E-16
638	3.3306690738754696E-16
639	3.3306690738754696E-16
640	3.3306690738754696E-16
641	3.3306690738754696E-16
642	3.3306690738754696E-16
643	3.3306690738754696E-16
644	3.3306690738754696E-16
645	3.3306690738754696E-16
646	3.3306690738754696E-16
647	3.3306690738754696E-16
648	3.3306690738754696E-16
649	3.3306690738754696E-16
650	3.3306690738754696E-16
651	3.3306690738754696E-16
652	3.3306690738754696E-16
653	3.3306690738754696E-16
654	3.3306690738754696E-16
655	3.3306690738754696E-16
656	3.3306690738754696E-16
657	3.3306690738754696E-16
658	3.3306690738754696E-16
659	3.3306690738754696E-16
660	3.3306690738754696E-16
661	3.3306690738754696E-16
662	3.3306690738754696E-16
663	3.3306690738754696E-16
664	3.3306690738754696E-16
665	3.3306690738754696E-16
666	3.3306690738754696E-16
667	3.3306690738754696E-16
668	3.3306690738754696E-16
669	3.3306690738754696E-16
670	3.3306690738754696E-16
671	3.3306690738754696E-16
672	3.3306690738754696E-16
673	3.3306690738754696E-16
674	3.3306690738754696E-16
675	3.3306690738754696E-16
676	3.3306690738754696E-16
677	3.3306690738754696E-16
678	3.3306690738754696E-16
679	3.3306690738754696E-16
680	3.3306690738754696E-16
681	3.3306690738754696E-16
682	3.3306690738754696E-16
683	3.3306690738754696E-16
684	3.3306690738754696E-16
685	3.3306690738754696E-16
686	3.3306690738754696E-16
687	3.3306690738754696E-16
688	3.3306690738754696E-16
689	3.3306690738754696E-16
690	3.3306690738754696E-16
691	3.3306690738754696E-16
692	3.3306690738754696E-16
693	3.3306690738754696E-16
694	3.3306690738754696E-16
695	3.3306690738754696E-16
696	3.3306690738754696E-16
697	3.3306690738754696E-16
698	3.3306690738754696E-16
699	3.3306690738754696E-16
700	3.3306690738754696E-16
701	3.3306690738754696E-16
702	3.3306690738754696E-16
703	3.3306690738754696E-16
704	3.3306690738754696E-16
705	3.3306690738754696E-16
706	3.3306690738754696E-16
707	3.3306690738754696E-16
708	3.3306690738754696E-16
709	3.3306690738754696E-16
710	3.3306690738754696E-16
711	3.3306690738754696E-16
712	3.3306690738754696E-16
713	3.3306690738754696E-16
714	3.3306690738754696E-16
715	3.3306690738754696E-16
716	3.3306690738754696E-16
717	3.3306690738754696E-16
718	3.3306690738754696E-16
719	3.3306690738754696E-16
720	3.3306690738754696E-16
721	3.3306690738754696E-16
722	3.3306690738754696E-16
723	3.3306690738754696E-16
724	3.3306690738754696E-16
725	3.3306690738754696E-16
726	3.3306690738754696E-16
727	3.3306690738754696E-16
728	3.3306690738754696E-16
729	3.3306690738754696E-16
730	3.3306690738754696E-16
731	3.3306690738754696E-16
732	3.3306690738754696E-16
733	3.3306690738754696E-16
734	3.3306690738754696E-16
735	3.3306690738754696E-16
736	3.3306690738754696E-16
737	3.3306690738754696E-16
738	3.3306690738754696E-16
739	3.3306690738754696E-16
740	3.3306690738754696E-16
741	3.3306690738754696E-16
742	3.3306690738754696E-16
743	3.3306690738754696E-16
744	3.3306690738754696E-16
745	3.3306690738754696E-16
746	3.3306690738754696E-16
747	3.3306690738754696E-16
748	3.3306690738754696E-16
749	3.3306690738754696E-16
750	3.3306690738754696E-16
751	3.3306690738754696E-16
752	3.3306690738754696E-16
753	3.3306690738754696E-16
754	3.3306690738754696E-16
755	3.3306690738754696E-16
756	3.3306690738754696E-16
757	3.3306690738754696E-16
758	3.3306690738754696E-16
759	3.3306690738754696E-16
760	3.3306690738754696E-16
761	3.3306690738754696E-16
762	3.3306690738754696E-16
763	3.3306690738754696E-16
764	3.3306690738754696E-16
765	3.3306690738754696E-16
766	3.3306690738754696E-16
767	3.3306690738754696E-16
768	3.3306690738754696E-16
769	3.3306690738754696E-16
770	3.3306690738754696E-16
771	3.3306690738754696E-16
772	3.3306690738754696E-16
773	3.3306690738754696E-16
774	3.3306690738754696E-16
775	3.3306690738754696E-16
776	3.3306690738754696E-16
777	3.3306690738754696E-16
778	3.3306690738754696E-16
779	3.3306690738754696E-16
780	3.3306690738754696E-16
781	3.3306690738754696E-16
782	3.3306690738754696E-16
783	3.3306690738754696E-16
784	3.3306690738754696E-16
785	3.3306690738754696E-16
786	3.3306690738754696E-16
787	3.3306690738754696E-16
788	3.3306690738754696E-16
789	3.3306690738754696E-16
790	3.3306690738754696E-16
791	3.3306690738754696E-16
792	3.3306690738754696E-16
793	3.3306690738754696E-16
794	3.3306690738754696E-16
795	3.3306690738754696E-16
796	3.3306690738754696E-16
797	3.3306690738754696E-16
798	3.3306690738754696E-16
799	3.3306690738754696E-16
800	3.3306690738754696E-16
801	3.3306690738754696E-16
