iteration 	 master_max 	 master_avg 	subnet_0_max 	 subnet_0_avg 	subnet_1_max 	 subnet_1_avg 	full_max 	 full_avg
0	0.0	0.0	0.0	0.0	0.0	0.0	0.0	0.0
1	61501.695897617115	30750.847948808558	0.0	0.0	862.5316074821649	287.5105358273883	11776.168710171223	1928.7474178765067
2	10438.692483675488	5219.346241837744	0.0	0.0	0.34703378903941484	0.11567792967980495	10461.469469715848	1494.5947910419895
3	9754.714344745818	4877.357172372909	0.0	0.0	0.004587447545418399	0.0015291491818061331	9945.829565374504	1420.8341057527994
4	9387.685596358533	4693.8427981792665	0.0	0.0	0.002085839862957073	6.952799543190243E-4	9536.636405293462	1362.3772252818849
5	9095.66780012674	4547.83390006337	0.0	0.0	9.580831911080168E-4	3.1936106370267225E-4	9212.027899920222	1316.0042594409435
6	8863.605313098487	4431.802656549244	0.0	0.0	4.462402603166993E-4	1.4874675343889976E-4	8954.71363703355	1279.2449327877237
7	8679.406292172767	4339.703146086384	0.0	0.0	2.102104344885447E-4	7.00701448295149E-5	8750.873593092694	1250.1248590733653
8	8533.338635385757	4266.669317692878	0.0	0.0	9.993612729886081E-5	3.3312042432953604E-5	8589.481150926262	1227.0687643997865
9	8417.5978856865	4208.79894284325	0.0	0.0	4.786297540704254E-5	1.5954325135680847E-5	8461.753137705884	1208.8218904902617
10	8325.944083710687	4162.972041855343	0.0	0.0	2.3059634258970618E-5	7.686544752990207E-6	8360.70372150946	1194.38625251839
11	8253.400230323734	4126.700115161867	0.0	0.0	1.116260864364449E-5	3.7208695478814966E-6	8280.783646176067	1182.9690955001831
12	8196.004415195843	4098.002207597921	0.0	0.0	5.424052687885705E-6	1.8080175626285684E-6	8217.589483249569	1173.9413562996667
13	8150.607719803689	4075.3038599018446	0.0	0.0	2.643573679961264E-6	8.811912266537547E-7	8167.630090925284	1166.8042994589184
14	8114.710518682945	4057.3552593414724	0.0	0.0	1.2915197658003308E-6	4.3050658860011026E-7	8128.139582458134	1161.1627978630238
15	8086.330573934654	4043.165286967327	0.0	0.0	6.321724868030287E-7	2.1072416226767624E-7	8096.9279247253635	1156.7039894270997
16	8063.897187623472	4031.948593811736	0.0	0.0	3.099066816503182E-7	1.0330222721677274E-7	8072.261851454874	1153.1802645820974
17	8046.166542515528	4023.083271257764	0.0	0.0	5.284211283599689	1.7614037611998963	8054.087369445579	1152.0936845732538
18	8030.829313894554	4015.414656947277	0.0	0.0	8.688684829394333E-7	2.896228276464778E-7	8037.36816169385	1148.1954519187968
19	8021.081158498089	4010.5405792490446	0.0	0.0	3.2943675895930937	1.0981225298643646	8026.020573461976	1147.515615520165
20	8011.506397928264	4005.753198964132	0.0	0.0	2.101714926538989E-7	7.00571642179663E-8	8015.583034103223	1145.0832906462226
21	8005.417951672085	4002.7089758360426	0.0	0.0	2.0546480991988574	0.6848826997329525	8008.49909246397	1144.6583412374812
22	7999.441251292106	3999.720625646053	0.0	0.0	5.0932612793985754E-8	1.697753759799525E-8	8001.983822140359	1143.140546034602
23	7995.639651194091	3997.8198255970456	0.0	0.0	1.28177371662332	0.4272579055411067	7997.561988144247	1142.8750765110692
24	7991.909166256455	3995.9545831282276	0.0	0.0	1.2360032997094095E-8	4.120010999031365E-9	7993.495339302808	1141.9279056182172
25	7989.53588619404	3994.76794309702	0.0	0.0	0.7997477411618092	0.26658258038726973	7990.735381799672	1141.762125325997
26	7987.20752433885	3993.603762169425	0.0	0.0	3.0004230211488903E-9	1.0001410070496302E-9	7988.197203615911	1141.171029088844
27	7985.726087032084	3992.863043516042	0.0	0.0	0.4990418571396731	0.16634728571322435	7986.474600749507	1141.0675263519686
28	7984.272891615245	3992.1364458076223	0.0	0.0	0.8932849254761095	0.29776164182536985	7985.113722132914	1140.9857559976956
29	7983.124842134637	3991.5624210673186	0.0	0.0	1.7844286048784852E-9	5.948095349594951E-10	7983.737489990623	1140.5339271420269
30	7982.519124029806	3991.259562014903	0.0	0.0	0.24601360956785356	0.08200453652261785	7982.88813251715	1140.482879962326
31	7981.802615116909	3990.9013075584544	0.0	0.0	0.44036436014175706	0.14678812004725236	7982.21713467635	1140.4425519138033
32	7981.236566972797	3990.6182834863985	0.0	0.0	2.1827872842550278E-10	7.275957614183426E-11	7981.538582245774	1140.2197974637434
33	7980.937878092556	3990.468939046278	0.0	0.0	0.1212861630046973	0.04042872100156577	7981.119804438213	1140.1946252520308
34	7980.5846047139075	3990.2923023569538	0.0	0.0	0.2171022316606468	0.07236741055354894	7980.788968648254	1140.1747390159387
35	7980.305517261104	3990.152758630552	0.0	0.0	2.8194335754960775E-11	9.398111918320259E-12	7980.454411871324	1140.0649159816244
36	7980.158240756602	3990.079120378301	0.0	0.0	0.05979682965971733	0.01993227655323911	7980.2479352964765	1140.0525041365404
37	7979.984061613017	3989.9920308065084	0.0	0.0	0.10703632507375005	0.03567877502458335	7980.084818480951	1140.0426987330134
38	7979.846459728924	3989.923229864462	0.0	0.0	0.1443555264540919	0.04811850881803063	7979.955955996091	1140.0349524355704
39	7979.737754015387	3989.8688770076933	0.0	0.0	5.4569682106375694E-12	1.8189894035458565E-12	7979.81069599388	1139.9729565705543
40	7979.695336979907	3989.8476684899533	0.0	0.0	0.023290455976166413	0.007763485325388804	7979.73027255699	1139.968121924133
41	7979.627493694619	3989.8137468473096	0.0	0.0	0.0416899161918991	0.013896638730633034	7979.666737993082	1139.9643025464945
42	7979.573897444512	3989.786948722256	0.0	0.0	0.05622548976134567	0.018741829920448556	7979.61654565716	1139.9612852338112
43	7979.531556372776	3989.765778186388	0.0	0.0	0.06770859288371867	0.022569530961239554	7979.576893692789	1139.9589015540787
44	7979.498106904801	3989.7490534524004	0.0	0.0	5.4569682106375694E-12	1.8189894035458565E-12	7979.526373706816	1139.9323391009739
45	7979.490877070622	3989.745438535311	0.0	0.0	0.0071665424711682135	0.0023888474903894044	7979.501626874207	1139.9308514227332
46	7979.470001259126	3989.735000629563	0.0	0.0	0.012828111014641763	0.004276037004880588	7979.482076871829	1139.9296761562641
47	7979.4535093628565	3989.7267546814282	0.0	0.0	0.017300750169852108	0.005766916723284036	7979.466632367081	1139.9287476953446
48	7979.440480761579	3989.7202403807896	0.0	0.0	0.020834135099903506	0.0069447116999678355	7979.454431206512	1139.928014210958
49	7979.430188164533	3989.7150940822667	0.0	0.0	0.023625509198609507	0.007875169732869836	7979.444792288563	1139.9274347581352
50	7979.422057011627	3989.7110285058134	0.0	0.0	9.094947017729282E-13	3.0316490059097606E-13	7979.430719881908	1139.918674268845
51	7979.4220910935455	3989.7110455467728	0.0	0.0	0.001742091484629782	5.806971615432607E-4	7979.424704230181	1139.918312630449
52	7979.417016441563	3989.7085082207814	0.0	0.0	0.0031183437595245778	0.0010394479198415258	7979.419951865049	1139.9180269360802
53	7979.413007466188	3989.706503733094	0.0	0.0	0.004205583057228068	0.0014018610190760228	7979.416197496415	1139.917801237503
54	7979.409840375445	3989.7049201877226	0.0	0.0	0.005064502100140089	0.001688167366713363	7979.41323154509	1139.917622935612
55	7979.407338373636	3989.703669186818	0.0	0.0	0.0057430481483606854	0.0019143493827868951	7979.410888443477	1139.9174820771093
56	7979.405361792136	3989.702680896068	0.0	0.0	0.006279099525272613	0.0020930331750908713	7979.409037393158	1139.9173707988848
57	7979.403800292697	3989.7019001463486	0.0	0.0	0.006702580111777934	0.0022341933705926444	7979.407575063395	1139.9172828890853
58	7979.402566708124	3989.701283354062	0.0	0.0	4.547473508864641E-12	1.5158245029548805E-12	7979.404660541135	1139.9149515058784
59	7979.403351459978	3989.701675729989	0.0	0.0	2.642940180521691E-4	8.809800601738971E-5	7979.403747901011	1139.9148966412915
60	7979.402581579885	3989.7012907899425	0.0	0.0	4.7308629382314393E-4	1.5769543127438132E-4	7979.403026915319	1139.9148532982722
61	7979.401973374615	3989.7009866873077	0.0	0.0	6.380321947290213E-4	2.126773982430071E-4	7979.402457336604	1139.9148190572844
62	7979.40149289243	3989.700746446215	0.0	0.0	7.683394578634761E-4	2.561131526211587E-4	7979.402007369425	1139.9147920069042
63	7979.401113311511	3989.7005566557555	0.0	0.0	8.712821945664473E-4	2.9042739818881574E-4	7979.401651895343	1139.9147706371034
64	7979.4008134425785	3989.7004067212893	0.0	0.0	9.526069588901009E-4	3.17535652963367E-4	7979.401371070822	1139.9147537549613
65	7979.400576546121	3989.7002882730603	0.0	0.0	0.0010168535145567148	3.389511715189049E-4	7979.401149219455	1139.914740418069
66	7979.4003893979225	3989.7001946989612	0.0	0.0	0.0010676083020371152	3.5586943401237175E-4	7979.400973956881	1139.9147298819273
67	7979.400241550844	3989.700120775422	0.0	0.0	0.001107704585592728	3.692348618642427E-4	7979.400835499444	1139.9147215583732
68	7979.40012475165	3989.700062375825	0.0	0.0	0.001139380642598553	3.7979354753285105E-4	7979.400726118054	1139.9147149827618
69	7979.400032480291	3989.7000162401455	0.0	0.0	9.094947017729282E-13	3.0316490059097606E-13	7979.400348605606	1139.9143355150886
70	7979.400250687122	3989.700125343561	0.0	0.0	1.9769026039284654E-5	6.589675346428218E-6	7979.40028034068	1139.9143314112468
71	7979.400193100562	3989.700096550281	0.0	0.0	3.5386559829930775E-5	1.1795519943310259E-5	7979.400226411386	1139.9143281692147
72	7979.400147607179	3989.7000738035895	0.0	0.0	4.772441297973273E-5	1.590813765991091E-5	7979.4001838072545	1139.9143256080108
73	7979.400111667412	3989.700055833706	0.0	0.0	5.747131581301801E-5	1.9157105271006003E-5	7979.4001501499915	1139.9143235846598
74	7979.400083274993	3989.7000416374967	0.0	0.0	6.517136898764875E-5	2.172378966254958E-5	7979.400123560745	1139.9143219862112
75	7979.400060844982	3989.700030422491	0.0	0.0	7.125440970412455E-5	2.375146990137485E-5	7979.400102555253	1139.914320723439
76	7979.400043125279	3989.7000215626394	0.0	0.0	7.606001145177288E-5	2.535333715059096E-5	7979.400085960902	1139.9143197258456
77	7979.400029126711	3989.7000145633556	0.0	0.0	7.985643878782867E-5	2.661881292927622E-5	7979.400072851364	1139.9143189377476
78	7979.400018067834	3989.700009033917	0.0	0.0	8.285561671073083E-5	2.7618538903576944E-5	7979.400062494844	1139.914318315153
79	7979.4000093313425	3989.7000046656713	0.0	0.0	8.522496682417113E-5	2.8408322274723712E-5	7979.400054313182	1139.9143178233005
80	7979.400002429498	3989.700001214749	0.0	0.0	8.709675421414431E-5	2.903225140471477E-5	7979.4000478496655	1139.9143174347375
81	7979.399996977043	3989.6999984885215	0.0	0.0	8.857546254148474E-5	2.9525154180494912E-5	7979.400042743495	1139.9143171277733
82	7979.399992669614	3989.699996334807	0.0	0.0	8.974364482128294E-5	2.9914548273760982E-5	7979.40003870962	1139.914316885271
83	7979.399989266742	3989.699994633371	0.0	0.0	9.066651364264544E-5	3.0222171214215148E-5	7979.400035522849	1139.9143166936944
84	7979.399986578468	3989.699993289234	0.0	0.0	9.139557550952304E-5	3.046519183650768E-5	7979.400033005306	1139.914316542348
85	7979.399984454722	3989.699992227361	0.0	0.0	9.094947017729282E-13	3.0316490059097606E-13	7979.400008023578	1139.9142868605127
86	7979.400005769865	3989.7000028849325	0.0	0.0	4.5501201384468004E-7	1.5167067128156E-7	7979.400006452366	1139.914286766054
87	7979.400004444444	3989.700002222222	0.0	0.0	8.144716048263945E-7	2.714905349421315E-7	7979.4000052111205	1139.9142866914362
88	7979.400003397344	3989.700001698672	0.0	0.0	1.0984413165715523E-6	3.6614710552385077E-7	7979.40000423054	1139.9142866324876
89	7979.400002570157	3989.7000012850785	0.0	0.0	1.3227790987002663E-6	4.4092636623342213E-7	7979.400003455867	1139.9142865859164
90	7979.400001916665	3989.7000009583326	0.0	0.0	1.5000096027506515E-6	5.000032009168839E-7	7979.4000028439	1139.9142865491283
91	7979.400001400414	3989.700000700207	0.0	0.0	1.113314283429645E-6	3.71104761143215E-7	7979.40000236042	1139.9142865200627
92	7979.400002284634	3989.700001142317	0.0	0.0	8.07836840976961E-7	2.692789469923203E-7	7979.400001978491	1139.914286497104
93	7979.400002983162	3989.700001491581	0.0	0.0	5.665006028721109E-7	1.8883353429070363E-7	7979.400001676762	1139.914286478965
94	7979.400003535007	3989.7000017675036	0.0	0.0	3.758514139917679E-7	1.2528380466392264E-7	7979.4000014383855	1139.914286464635
95	7979.400003970954	3989.700001985477	0.0	0.0	2.2523090592585504E-7	7.507696864195168E-8	7979.4000012500765	1139.914286453314
96	7979.400004315368	3989.700002157684	0.0	0.0	1.0625080903992057E-7	3.541693634664019E-8	7979.40000110131	1139.9142864443725
97	7979.400004587445	3989.7000022937227	0.0	0.0	1.2251803127583116E-8	4.0839343758610385E-9	7979.4000009837855	1139.9142864373075
98	7979.400004802394	3989.700002401197	0.0	0.0	6.200662028277293E-8	2.0668873427590977E-8	7979.400000890948	1139.9142864317275
99	7979.400004972196	3989.700002486098	0.0	0.0	1.2066993804182857E-7	4.0223312680609524E-8	7979.400000817599	1139.9142864273174
100	7979.400005106345	3989.7000025531725	0.0	0.0	1.6701596905477345E-7	5.567198968492448E-8	7979.400000759651	1139.914286423834
101	7979.40000521231	3989.700002606155	0.0	0.0	2.03630406758748E-7	6.7876802252916E-8	7979.400000713882	1139.9142864210835
102	7979.400005296035	3989.7000026480173	0.0	0.0	2.325496097910218E-7	7.751653659700726E-8	7979.400000677719	1139.9142864189087
103	7979.400005362177	3989.7000026810883	0.0	0.0	2.554015736677684E-7	8.513385788925613E-8	7979.400000649157	1139.9142864171915
104	7979.400005414434	3989.700002707217	0.0	0.0	2.734514055191539E-7	9.115046850638464E-8	7979.400000626576	1139.914286415835
105	7979.4000054557055	3989.7000027278527	0.0	0.0	2.8771137294825166E-7	9.590379098275055E-8	7979.400000608748	1139.914286414763
106	7979.400005488309	3989.7000027441545	0.0	0.0	2.9897728381911293E-7	9.965909460637097E-8	7979.400000594658	1139.9142864139164
107	7979.400005514066	3989.700002757033	0.0	0.0	3.078748704865575E-7	1.0262495682885249E-7	7979.400000583535	1139.9142864132484
108	7979.400005534408	3989.700002767204	0.0	0.0	3.149025360471569E-7	1.0496751201571897E-7	7979.400000574746	1139.914286412721
109	7979.400005550486	3989.700002775243	0.0	0.0	3.204595486749895E-7	1.0681984955832983E-7	7979.400000567795	1139.9142864123035
110	7979.4000055631805	3989.7000027815902	0.0	0.0	3.2484513212693855E-7	1.0828171070897952E-7	7979.400000562317	1139.9142864119758
111	0.0	0.0	0.0	0.0	3.2484513212693855E-7	1.6242256606346928E-7	2.1667310647899285E-6	7.222435366808592E-7
112	0.0	0.0	0.0	0.0	3.2484513212693855E-7	1.6242256606346928E-7	2.1667310647899285E-6	7.222435366808592E-7
113	0.0	0.0	0.0	0.0	3.2484513212693855E-7	1.6242256606346928E-7	2.1667310647899285E-6	7.222435366808592E-7
114	0.0	0.0	0.0	0.0	3.2484513212693855E-7	1.6242256606346928E-7	2.1667310647899285E-6	7.222435366808592E-7
115	0.0	0.0	0.0	0.0	3.2484513212693855E-7	1.6242256606346928E-7	2.1667310647899285E-6	7.222435366808592E-7
116	0.0	0.0	0.0	0.0	3.2484513212693855E-7	1.6242256606346928E-7	2.1667310647899285E-6	7.222435366808592E-7
117	0.0	0.0	0.0	0.0	3.2484513212693855E-7	1.6242256606346928E-7	2.1667310647899285E-6	7.222435366808592E-7
118	0.0	0.0	0.0	0.0	3.2484513212693855E-7	1.6242256606346928E-7	2.1667310647899285E-6	7.222435366808592E-7
119	0.0	0.0	0.0	0.0	3.2484513212693855E-7	1.6242256606346928E-7	2.1667310647899285E-6	7.222435366808592E-7
120	0.0	0.0	0.0	0.0	4.547473508864641E-12	2.2737367544323206E-12	2.4915752874221653E-6	8.305250958073884E-7
121	0.0	0.0	0.0	0.0	4.547473508864641E-12	2.2737367544323206E-12	2.4915752874221653E-6	8.305250958073884E-7
122	0.0	0.0	0.0	0.0	4.547473508864641E-12	2.2737367544323206E-12	2.4915752874221653E-6	8.305250958073884E-7
123	0.0	0.0	0.0	0.0	4.547473508864641E-12	2.2737367544323206E-12	2.4915752874221653E-6	8.305250958073884E-7
124	0.0	0.0	0.0	0.0	4.547473508864641E-12	2.2737367544323206E-12	2.4915752874221653E-6	8.305250958073884E-7
125	0.0	0.0	0.0	0.0	4.547473508864641E-12	2.2737367544323206E-12	2.4915752874221653E-6	8.305250958073884E-7
126	0.0	0.0	0.0	0.0	4.547473508864641E-12	2.2737367544323206E-12	2.4915752874221653E-6	8.305250958073884E-7
127	0.0	0.0	0.0	0.0	4.547473508864641E-12	2.2737367544323206E-12	2.4915752874221653E-6	8.305250958073884E-7
128	0.0	0.0	0.0	0.0	4.547473508864641E-12	2.2737367544323206E-12	2.4915752874221653E-6	8.305250958073884E-7
129	0.0	0.0	0.0	0.0	4.547473508864641E-12	2.2737367544323206E-12	2.4915752874221653E-6	8.305250958073884E-7
130	0.0	0.0	0.0	0.0	4.547473508864641E-12	2.2737367544323206E-12	2.4915752874221653E-6	8.305250958073884E-7
131	0.0	0.0	0.0	0.0	4.547473508864641E-12	2.2737367544323206E-12	2.4915752874221653E-6	8.305250958073884E-7
132	0.0	0.0	0.0	0.0	4.547473508864641E-12	2.2737367544323206E-12	2.4915752874221653E-6	8.305250958073884E-7
133	0.0	0.0	0.0	0.0	4.547473508864641E-12	2.2737367544323206E-12	2.4915752874221653E-6	8.305250958073884E-7
134	0.0	0.0	0.0	0.0	4.547473508864641E-12	2.2737367544323206E-12	2.4915752874221653E-6	8.305250958073884E-7
135	0.0	0.0	0.0	0.0	4.547473508864641E-12	2.2737367544323206E-12	2.4915752874221653E-6	8.305250958073884E-7
136	0.0	0.0	0.0	0.0	4.547473508864641E-12	2.2737367544323206E-12	2.4915752874221653E-6	8.305250958073884E-7
137	0.0	0.0	0.0	0.0	4.547473508864641E-12	2.2737367544323206E-12	2.4915752874221653E-6	8.305250958073884E-7
138	0.0	0.0	0.0	0.0	4.547473508864641E-12	2.2737367544323206E-12	2.4915752874221653E-6	8.305250958073884E-7
139	0.0	0.0	0.0	0.0	4.547473508864641E-12	2.2737367544323206E-12	2.4915752874221653E-6	8.305250958073884E-7
140	0.0	0.0	0.0	0.0	4.547473508864641E-12	2.2737367544323206E-12	2.4915752874221653E-6	8.305250958073884E-7
141	0.0	0.0	0.0	0.0	4.547473508864641E-12	2.2737367544323206E-12	2.4915752874221653E-6	8.305250958073884E-7
142	0.0	0.0	0.0	0.0	4.547473508864641E-12	2.2737367544323206E-12	2.4915752874221653E-6	8.305250958073884E-7
143	0.0	0.0	0.0	0.0	4.547473508864641E-12	2.2737367544323206E-12	2.4915752874221653E-6	8.305250958073884E-7
144	0.0	0.0	0.0	0.0	4.547473508864641E-12	2.2737367544323206E-12	2.4915752874221653E-6	8.305250958073884E-7
145	0.0	0.0	0.0	0.0	4.547473508864641E-12	2.2737367544323206E-12	2.4915752874221653E-6	8.305250958073884E-7
146	0.0	0.0	0.0	0.0	4.547473508864641E-12	2.2737367544323206E-12	2.4915752874221653E-6	8.305250958073884E-7
147	0.0	0.0	0.0	0.0	4.547473508864641E-12	2.2737367544323206E-12	2.4915752874221653E-6	8.305250958073884E-7
148	0.0	0.0	0.0	0.0	4.547473508864641E-12	2.2737367544323206E-12	2.4915752874221653E-6	8.305250958073884E-7
149	0.0	0.0	0.0	0.0	4.547473508864641E-12	2.2737367544323206E-12	2.4915752874221653E-6	8.305250958073884E-7
150	0.0	0.0	0.0	0.0	4.547473508864641E-12	2.2737367544323206E-12	2.4915752874221653E-6	8.305250958073884E-7
151	0.0	0.0	0.0	0.0	4.547473508864641E-12	2.2737367544323206E-12	2.4915752874221653E-6	8.305250958073884E-7
152	0.0	0.0	0.0	0.0	4.547473508864641E-12	2.2737367544323206E-12	2.4915752874221653E-6	8.305250958073884E-7
153	0.0	0.0	0.0	0.0	4.547473508864641E-12	2.2737367544323206E-12	2.4915752874221653E-6	8.305250958073884E-7
154	0.0	0.0	0.0	0.0	4.547473508864641E-12	2.2737367544323206E-12	2.4915752874221653E-6	8.305250958073884E-7
155	0.0	0.0	0.0	0.0	4.547473508864641E-12	2.2737367544323206E-12	2.4915752874221653E-6	8.305250958073884E-7
156	0.0	0.0	0.0	0.0	4.547473508864641E-12	2.2737367544323206E-12	2.4915752874221653E-6	8.305250958073884E-7
157	0.0	0.0	0.0	0.0	4.547473508864641E-12	2.2737367544323206E-12	2.4915752874221653E-6	8.305250958073884E-7
158	0.0	0.0	0.0	0.0	4.547473508864641E-12	2.2737367544323206E-12	2.4915752874221653E-6	8.305250958073884E-7
159	0.0	0.0	0.0	0.0	4.547473508864641E-12	2.2737367544323206E-12	2.4915752874221653E-6	8.305250958073884E-7
160	0.0	0.0	0.0	0.0	4.547473508864641E-12	2.2737367544323206E-12	2.4915752874221653E-6	8.305250958073884E-7
161	0.0	0.0	0.0	0.0	4.547473508864641E-12	2.2737367544323206E-12	2.4915752874221653E-6	8.305250958073884E-7
162	0.0	0.0	0.0	0.0	4.547473508864641E-12	2.2737367544323206E-12	2.4915752874221653E-6	8.305250958073884E-7
163	0.0	0.0	0.0	0.0	4.547473508864641E-12	2.2737367544323206E-12	2.4915752874221653E-6	8.305250958073884E-7
164	0.0	0.0	0.0	0.0	4.547473508864641E-12	2.2737367544323206E-12	2.4915752874221653E-6	8.305250958073884E-7
165	0.0	0.0	0.0	0.0	4.547473508864641E-12	2.2737367544323206E-12	2.4915752874221653E-6	8.305250958073884E-7
166	0.0	0.0	0.0	0.0	4.547473508864641E-12	2.2737367544323206E-12	2.4915752874221653E-6	8.305250958073884E-7
167	0.0	0.0	0.0	0.0	4.547473508864641E-12	2.2737367544323206E-12	2.4915752874221653E-6	8.305250958073884E-7
168	0.0	0.0	0.0	0.0	4.547473508864641E-12	2.2737367544323206E-12	2.4915752874221653E-6	8.305250958073884E-7
169	0.0	0.0	0.0	0.0	4.547473508864641E-12	2.2737367544323206E-12	2.4915752874221653E-6	8.305250958073884E-7
170	0.0	0.0	0.0	0.0	4.547473508864641E-12	2.2737367544323206E-12	2.4915752874221653E-6	8.305250958073884E-7
171	0.0	0.0	0.0	0.0	4.547473508864641E-12	2.2737367544323206E-12	2.4915752874221653E-6	8.305250958073884E-7
172	0.0	0.0	0.0	0.0	4.547473508864641E-12	2.2737367544323206E-12	2.4915752874221653E-6	8.305250958073884E-7
173	0.0	0.0	0.0	0.0	4.547473508864641E-12	2.2737367544323206E-12	2.4915752874221653E-6	8.305250958073884E-7
174	0.0	0.0	0.0	0.0	4.547473508864641E-12	2.2737367544323206E-12	2.4915752874221653E-6	8.305250958073884E-7
175	0.0	0.0	0.0	0.0	4.547473508864641E-12	2.2737367544323206E-12	2.4915752874221653E-6	8.305250958073884E-7
176	0.0	0.0	0.0	0.0	4.547473508864641E-12	2.2737367544323206E-12	2.4915752874221653E-6	8.305250958073884E-7
177	0.0	0.0	0.0	0.0	4.547473508864641E-12	2.2737367544323206E-12	2.4915752874221653E-6	8.305250958073884E-7
178	0.0	0.0	0.0	0.0	4.547473508864641E-12	2.2737367544323206E-12	2.4915752874221653E-6	8.305250958073884E-7
179	0.0	0.0	0.0	0.0	4.547473508864641E-12	2.2737367544323206E-12	2.4915752874221653E-6	8.305250958073884E-7
180	0.0	0.0	0.0	0.0	4.547473508864641E-12	2.2737367544323206E-12	2.4915752874221653E-6	8.305250958073884E-7
181	0.0	0.0	0.0	0.0	4.547473508864641E-12	2.2737367544323206E-12	2.4915752874221653E-6	8.305250958073884E-7
182	0.0	0.0	0.0	0.0	4.547473508864641E-12	2.2737367544323206E-12	2.4915752874221653E-6	8.305250958073884E-7
183	0.0	0.0	0.0	0.0	4.547473508864641E-12	2.2737367544323206E-12	2.4915752874221653E-6	8.305250958073884E-7
184	0.0	0.0	0.0	0.0	4.547473508864641E-12	2.2737367544323206E-12	2.4915752874221653E-6	8.305250958073884E-7
185	0.0	0.0	0.0	0.0	4.547473508864641E-12	2.2737367544323206E-12	2.4915752874221653E-6	8.305250958073884E-7
186	0.0	0.0	0.0	0.0	4.547473508864641E-12	2.2737367544323206E-12	2.4915752874221653E-6	8.305250958073884E-7
187	0.0	0.0	0.0	0.0	4.547473508864641E-12	2.2737367544323206E-12	2.4915752874221653E-6	8.305250958073884E-7
188	0.0	0.0	0.0	0.0	4.547473508864641E-12	2.2737367544323206E-12	2.4915752874221653E-6	8.305250958073884E-7
189	0.0	0.0	0.0	0.0	4.547473508864641E-12	2.2737367544323206E-12	2.4915752874221653E-6	8.305250958073884E-7
190	0.0	0.0	0.0	0.0	4.547473508864641E-12	2.2737367544323206E-12	2.4915752874221653E-6	8.305250958073884E-7
191	0.0	0.0	0.0	0.0	4.547473508864641E-12	2.2737367544323206E-12	2.4915752874221653E-6	8.305250958073884E-7
192	0.0	0.0	0.0	0.0	4.547473508864641E-12	2.2737367544323206E-12	2.4915752874221653E-6	8.305250958073884E-7
193	0.0	0.0	0.0	0.0	4.547473508864641E-12	2.2737367544323206E-12	2.4915752874221653E-6	8.305250958073884E-7
194	0.0	0.0	0.0	0.0	4.547473508864641E-12	2.2737367544323206E-12	2.4915752874221653E-6	8.305250958073884E-7
195	0.0	0.0	0.0	0.0	4.547473508864641E-12	2.2737367544323206E-12	2.4915752874221653E-6	8.305250958073884E-7
196	0.0	0.0	0.0	0.0	4.547473508864641E-12	2.2737367544323206E-12	2.4915752874221653E-6	8.305250958073884E-7
197	0.0	0.0	0.0	0.0	4.547473508864641E-12	2.2737367544323206E-12	2.4915752874221653E-6	8.305250958073884E-7
198	0.0	0.0	0.0	0.0	4.547473508864641E-12	2.2737367544323206E-12	2.4915752874221653E-6	8.305250958073884E-7
199	0.0	0.0	0.0	0.0	4.547473508864641E-12	2.2737367544323206E-12	2.4915752874221653E-6	8.305250958073884E-7
200	0.0	0.0	0.0	0.0	4.547473508864641E-12	2.2737367544323206E-12	2.4915752874221653E-6	8.305250958073884E-7
201	0.0	0.0	0.0	0.0	4.547473508864641E-12	2.2737367544323206E-12	2.4915752874221653E-6	8.305250958073884E-7
202	0.0	0.0	0.0	0.0	4.547473508864641E-12	2.2737367544323206E-12	2.4915752874221653E-6	8.305250958073884E-7
203	0.0	0.0	0.0	0.0	4.547473508864641E-12	2.2737367544323206E-12	2.4915752874221653E-6	8.305250958073884E-7
204	0.0	0.0	0.0	0.0	4.547473508864641E-12	2.2737367544323206E-12	2.4915752874221653E-6	8.305250958073884E-7
205	0.0	0.0	0.0	0.0	4.547473508864641E-12	2.2737367544323206E-12	2.4915752874221653E-6	8.305250958073884E-7
206	0.0	0.0	0.0	0.0	4.547473508864641E-12	2.2737367544323206E-12	2.4915752874221653E-6	8.305250958073884E-7
207	0.0	0.0	0.0	0.0	4.547473508864641E-12	2.2737367544323206E-12	2.4915752874221653E-6	8.305250958073884E-7
208	0.0	0.0	0.0	0.0	4.547473508864641E-12	2.2737367544323206E-12	2.4915752874221653E-6	8.305250958073884E-7
209	0.0	0.0	0.0	0.0	4.547473508864641E-12	2.2737367544323206E-12	2.4915752874221653E-6	8.305250958073884E-7
210	0.0	0.0	0.0	0.0	4.547473508864641E-12	2.2737367544323206E-12	2.4915752874221653E-6	8.305250958073884E-7
211	0.0	0.0	0.0	0.0	4.547473508864641E-12	2.2737367544323206E-12	2.4915752874221653E-6	8.305250958073884E-7
212	0.0	0.0	0.0	0.0	4.547473508864641E-12	2.2737367544323206E-12	2.4915752874221653E-6	8.305250958073884E-7
213	0.0	0.0	0.0	0.0	4.547473508864641E-12	2.2737367544323206E-12	2.4915752874221653E-6	8.305250958073884E-7
214	0.0	0.0	0.0	0.0	4.547473508864641E-12	2.2737367544323206E-12	2.4915752874221653E-6	8.305250958073884E-7
215	0.0	0.0	0.0	0.0	4.547473508864641E-12	2.2737367544323206E-12	2.4915752874221653E-6	8.305250958073884E-7
216	0.0	0.0	0.0	0.0	4.547473508864641E-12	2.2737367544323206E-12	2.4915752874221653E-6	8.305250958073884E-7
217	0.0	0.0	0.0	0.0	4.547473508864641E-12	2.2737367544323206E-12	2.4915752874221653E-6	8.305250958073884E-7
218	0.0	0.0	0.0	0.0	4.547473508864641E-12	2.2737367544323206E-12	2.4915752874221653E-6	8.305250958073884E-7
219	0.0	0.0	0.0	0.0	4.547473508864641E-12	2.2737367544323206E-12	2.4915752874221653E-6	8.305250958073884E-7
220	0.0	0.0	0.0	0.0	4.547473508864641E-12	2.2737367544323206E-12	2.4915752874221653E-6	8.305250958073884E-7
221	0.0	0.0	0.0	0.0	4.547473508864641E-12	2.2737367544323206E-12	2.4915752874221653E-6	8.305250958073884E-7
222	0.0	0.0	0.0	0.0	4.547473508864641E-12	2.2737367544323206E-12	2.4915752874221653E-6	8.305250958073884E-7
223	0.0	0.0	0.0	0.0	4.547473508864641E-12	2.2737367544323206E-12	2.4915752874221653E-6	8.305250958073884E-7
224	0.0	0.0	0.0	0.0	4.547473508864641E-12	2.2737367544323206E-12	2.4915752874221653E-6	8.305250958073884E-7
225	0.0	0.0	0.0	0.0	4.547473508864641E-12	2.2737367544323206E-12	2.4915752874221653E-6	8.305250958073884E-7
226	0.0	0.0	0.0	0.0	4.547473508864641E-12	2.2737367544323206E-12	2.4915752874221653E-6	8.305250958073884E-7
227	0.0	0.0	0.0	0.0	4.547473508864641E-12	2.2737367544323206E-12	2.4915752874221653E-6	8.305250958073884E-7
228	0.0	0.0	0.0	0.0	4.547473508864641E-12	2.2737367544323206E-12	2.4915752874221653E-6	8.305250958073884E-7
229	0.0	0.0	0.0	0.0	4.547473508864641E-12	2.2737367544323206E-12	2.4915752874221653E-6	8.305250958073884E-7
230	0.0	0.0	0.0	0.0	4.547473508864641E-12	2.2737367544323206E-12	2.4915752874221653E-6	8.305250958073884E-7
231	0.0	0.0	0.0	0.0	4.547473508864641E-12	2.2737367544323206E-12	2.4915752874221653E-6	8.305250958073884E-7
232	0.0	0.0	0.0	0.0	4.547473508864641E-12	2.2737367544323206E-12	2.4915752874221653E-6	8.305250958073884E-7
233	0.0	0.0	0.0	0.0	4.547473508864641E-12	2.2737367544323206E-12	2.4915752874221653E-6	8.305250958073884E-7
234	0.0	0.0	0.0	0.0	4.547473508864641E-12	2.2737367544323206E-12	2.4915752874221653E-6	8.305250958073884E-7
235	0.0	0.0	0.0	0.0	4.547473508864641E-12	2.2737367544323206E-12	2.4915752874221653E-6	8.305250958073884E-7
236	0.0	0.0	0.0	0.0	4.547473508864641E-12	2.2737367544323206E-12	2.4915752874221653E-6	8.305250958073884E-7
237	0.0	0.0	0.0	0.0	4.547473508864641E-12	2.2737367544323206E-12	2.4915752874221653E-6	8.305250958073884E-7
238	0.0	0.0	0.0	0.0	4.547473508864641E-12	2.2737367544323206E-12	2.4915752874221653E-6	8.305250958073884E-7
239	0.0	0.0	0.0	0.0	4.547473508864641E-12	2.2737367544323206E-12	2.4915752874221653E-6	8.305250958073884E-7
240	0.0	0.0	0.0	0.0	4.547473508864641E-12	2.2737367544323206E-12	2.4915752874221653E-6	8.305250958073884E-7
241	0.0	0.0	0.0	0.0	4.547473508864641E-12	2.2737367544323206E-12	2.4915752874221653E-6	8.305250958073884E-7
242	0.0	0.0	0.0	0.0	4.547473508864641E-12	2.2737367544323206E-12	2.4915752874221653E-6	8.305250958073884E-7
243	0.0	0.0	0.0	0.0	4.547473508864641E-12	2.2737367544323206E-12	2.4915752874221653E-6	8.305250958073884E-7
244	0.0	0.0	0.0	0.0	4.547473508864641E-12	2.2737367544323206E-12	2.4915752874221653E-6	8.305250958073884E-7
245	0.0	0.0	0.0	0.0	4.547473508864641E-12	2.2737367544323206E-12	2.4915752874221653E-6	8.305250958073884E-7
246	0.0	0.0	0.0	0.0	4.547473508864641E-12	2.2737367544323206E-12	2.4915752874221653E-6	8.305250958073884E-7
247	0.0	0.0	0.0	0.0	4.547473508864641E-12	2.2737367544323206E-12	2.4915752874221653E-6	8.305250958073884E-7
248	0.0	0.0	0.0	0.0	4.547473508864641E-12	2.2737367544323206E-12	2.4915752874221653E-6	8.305250958073884E-7
249	0.0	0.0	0.0	0.0	4.547473508864641E-12	2.2737367544323206E-12	2.4915752874221653E-6	8.305250958073884E-7
250	0.0	0.0	0.0	0.0	4.547473508864641E-12	2.2737367544323206E-12	2.4915752874221653E-6	8.305250958073884E-7
251	0.0	0.0	0.0	0.0	4.547473508864641E-12	2.2737367544323206E-12	2.4915752874221653E-6	8.305250958073884E-7
252	0.0	0.0	0.0	0.0	4.547473508864641E-12	2.2737367544323206E-12	2.4915752874221653E-6	8.305250958073884E-7
253	0.0	0.0	0.0	0.0	4.547473508864641E-12	2.2737367544323206E-12	2.4915752874221653E-6	8.305250958073884E-7
254	0.0	0.0	0.0	0.0	4.547473508864641E-12	2.2737367544323206E-12	2.4915752874221653E-6	8.305250958073884E-7
255	0.0	0.0	0.0	0.0	4.547473508864641E-12	2.2737367544323206E-12	2.4915752874221653E-6	8.305250958073884E-7
256	0.0	0.0	0.0	0.0	4.547473508864641E-12	2.2737367544323206E-12	2.4915752874221653E-6	8.305250958073884E-7
257	0.0	0.0	0.0	0.0	4.547473508864641E-12	2.2737367544323206E-12	2.4915752874221653E-6	8.305250958073884E-7
258	0.0	0.0	0.0	0.0	4.547473508864641E-12	2.2737367544323206E-12	2.4915752874221653E-6	8.305250958073884E-7
259	0.0	0.0	0.0	0.0	4.547473508864641E-12	2.2737367544323206E-12	2.4915752874221653E-6	8.305250958073884E-7
260	0.0	0.0	0.0	0.0	4.547473508864641E-12	2.2737367544323206E-12	2.4915752874221653E-6	8.305250958073884E-7
261	0.0	0.0	0.0	0.0	4.547473508864641E-12	2.2737367544323206E-12	2.4915752874221653E-6	8.305250958073884E-7
262	0.0	0.0	0.0	0.0	4.547473508864641E-12	2.2737367544323206E-12	2.4915752874221653E-6	8.305250958073884E-7
263	0.0	0.0	0.0	0.0	4.547473508864641E-12	2.2737367544323206E-12	2.4915752874221653E-6	8.305250958073884E-7
264	0.0	0.0	0.0	0.0	4.547473508864641E-12	2.2737367544323206E-12	2.4915752874221653E-6	8.305250958073884E-7
265	0.0	0.0	0.0	0.0	4.547473508864641E-12	2.2737367544323206E-12	2.4915752874221653E-6	8.305250958073884E-7
266	0.0	0.0	0.0	0.0	4.547473508864641E-12	2.2737367544323206E-12	2.4915752874221653E-6	8.305250958073884E-7
267	0.0	0.0	0.0	0.0	4.547473508864641E-12	2.2737367544323206E-12	2.4915752874221653E-6	8.305250958073884E-7
268	0.0	0.0	0.0	0.0	4.547473508864641E-12	2.2737367544323206E-12	2.4915752874221653E-6	8.305250958073884E-7
269	0.0	0.0	0.0	0.0	4.547473508864641E-12	2.2737367544323206E-12	2.4915752874221653E-6	8.305250958073884E-7
270	0.0	0.0	0.0	0.0	4.547473508864641E-12	2.2737367544323206E-12	2.4915752874221653E-6	8.305250958073884E-7
271	0.0	0.0	0.0	0.0	4.547473508864641E-12	2.2737367544323206E-12	2.4915752874221653E-6	8.305250958073884E-7
272	0.0	0.0	0.0	0.0	4.547473508864641E-12	2.2737367544323206E-12	2.4915752874221653E-6	8.305250958073884E-7
273	0.0	0.0	0.0	0.0	4.547473508864641E-12	2.2737367544323206E-12	2.4915752874221653E-6	8.305250958073884E-7
274	0.0	0.0	0.0	0.0	4.547473508864641E-12	2.2737367544323206E-12	2.4915752874221653E-6	8.305250958073884E-7
275	0.0	0.0	0.0	0.0	4.547473508864641E-12	2.2737367544323206E-12	2.4915752874221653E-6	8.305250958073884E-7
276	0.0	0.0	0.0	0.0	4.547473508864641E-12	2.2737367544323206E-12	2.4915752874221653E-6	8.305250958073884E-7
277	0.0	0.0	0.0	0.0	4.547473508864641E-12	2.2737367544323206E-12	2.4915752874221653E-6	8.305250958073884E-7
278	0.0	0.0	0.0	0.0	4.547473508864641E-12	2.2737367544323206E-12	2.4915752874221653E-6	8.305250958073884E-7
279	0.0	0.0	0.0	0.0	4.547473508864641E-12	2.2737367544323206E-12	2.4915752874221653E-6	8.305250958073884E-7
280	0.0	0.0	0.0	0.0	4.547473508864641E-12	2.2737367544323206E-12	2.4915752874221653E-6	8.305250958073884E-7
281	0.0	0.0	0.0	0.0	4.547473508864641E-12	2.2737367544323206E-12	2.4915752874221653E-6	8.305250958073884E-7
282	0.0	0.0	0.0	0.0	4.547473508864641E-12	2.2737367544323206E-12	2.4915752874221653E-6	8.305250958073884E-7
283	0.0	0.0	0.0	0.0	4.547473508864641E-12	2.2737367544323206E-12	2.4915752874221653E-6	8.305250958073884E-7
284	0.0	0.0	0.0	0.0	4.547473508864641E-12	2.2737367544323206E-12	2.4915752874221653E-6	8.305250958073884E-7
285	0.0	0.0	0.0	0.0	4.547473508864641E-12	2.2737367544323206E-12	2.4915752874221653E-6	8.305250958073884E-7
286	0.0	0.0	0.0	0.0	4.547473508864641E-12	2.2737367544323206E-12	2.4915752874221653E-6	8.305250958073884E-7
287	0.0	0.0	0.0	0.0	4.547473508864641E-12	2.2737367544323206E-12	2.4915752874221653E-6	8.305250958073884E-7
288	0.0	0.0	0.0	0.0	4.547473508864641E-12	2.2737367544323206E-12	2.4915752874221653E-6	8.305250958073884E-7
289	0.0	0.0	0.0	0.0	4.547473508864641E-12	2.2737367544323206E-12	2.4915752874221653E-6	8.305250958073884E-7
290	0.0	0.0	0.0	0.0	4.547473508864641E-12	2.2737367544323206E-12	2.4915752874221653E-6	8.305250958073884E-7
291	0.0	0.0	0.0	0.0	4.547473508864641E-12	2.2737367544323206E-12	2.4915752874221653E-6	8.305250958073884E-7
292	0.0	0.0	0.0	0.0	4.547473508864641E-12	2.2737367544323206E-12	2.4915752874221653E-6	8.305250958073884E-7
293	0.0	0.0	0.0	0.0	4.547473508864641E-12	2.2737367544323206E-12	2.4915752874221653E-6	8.305250958073884E-7
294	0.0	0.0	0.0	0.0	4.547473508864641E-12	2.2737367544323206E-12	2.4915752874221653E-6	8.305250958073884E-7
295	0.0	0.0	0.0	0.0	4.547473508864641E-12	2.2737367544323206E-12	2.4915752874221653E-6	8.305250958073884E-7
296	0.0	0.0	0.0	0.0	4.547473508864641E-12	2.2737367544323206E-12	2.4915752874221653E-6	8.305250958073884E-7
297	0.0	0.0	0.0	0.0	4.547473508864641E-12	2.2737367544323206E-12	2.4915752874221653E-6	8.305250958073884E-7
298	0.0	0.0	0.0	0.0	4.547473508864641E-12	2.2737367544323206E-12	2.4915752874221653E-6	8.305250958073884E-7
299	0.0	0.0	0.0	0.0	4.547473508864641E-12	2.2737367544323206E-12	2.4915752874221653E-6	8.305250958073884E-7
300	0.0	0.0	0.0	0.0	4.547473508864641E-12	2.2737367544323206E-12	2.4915752874221653E-6	8.305250958073884E-7
301	0.0	0.0	0.0	0.0	4.547473508864641E-12	2.2737367544323206E-12	2.4915752874221653E-6	8.305250958073884E-7
302	0.0	0.0	0.0	0.0	4.547473508864641E-12	2.2737367544323206E-12	2.4915752874221653E-6	8.305250958073884E-7
303	0.0	0.0	0.0	0.0	4.547473508864641E-12	2.2737367544323206E-12	2.4915752874221653E-6	8.305250958073884E-7
304	0.0	0.0	0.0	0.0	4.547473508864641E-12	2.2737367544323206E-12	2.4915752874221653E-6	8.305250958073884E-7
305	0.0	0.0	0.0	0.0	4.547473508864641E-12	2.2737367544323206E-12	2.4915752874221653E-6	8.305250958073884E-7
306	0.0	0.0	0.0	0.0	4.547473508864641E-12	2.2737367544323206E-12	2.4915752874221653E-6	8.305250958073884E-7
307	0.0	0.0	0.0	0.0	4.547473508864641E-12	2.2737367544323206E-12	2.4915752874221653E-6	8.305250958073884E-7
308	0.0	0.0	0.0	0.0	4.547473508864641E-12	2.2737367544323206E-12	2.4915752874221653E-6	8.305250958073884E-7
309	0.0	0.0	0.0	0.0	4.547473508864641E-12	2.2737367544323206E-12	2.4915752874221653E-6	8.305250958073884E-7
310	0.0	0.0	0.0	0.0	4.547473508864641E-12	2.2737367544323206E-12	2.4915752874221653E-6	8.305250958073884E-7
311	0.0	0.0	0.0	0.0	4.547473508864641E-12	2.2737367544323206E-12	2.4915752874221653E-6	8.305250958073884E-7
312	0.0	0.0	0.0	0.0	4.547473508864641E-12	2.2737367544323206E-12	2.4915752874221653E-6	8.305250958073884E-7
313	0.0	0.0	0.0	0.0	4.547473508864641E-12	2.2737367544323206E-12	2.4915752874221653E-6	8.305250958073884E-7
314	0.0	0.0	0.0	0.0	4.547473508864641E-12	2.2737367544323206E-12	2.4915752874221653E-6	8.305250958073884E-7
315	0.0	0.0	0.0	0.0	4.547473508864641E-12	2.2737367544323206E-12	2.4915752874221653E-6	8.305250958073884E-7
316	0.0	0.0	0.0	0.0	4.547473508864641E-12	2.2737367544323206E-12	2.4915752874221653E-6	8.305250958073884E-7
317	0.0	0.0	0.0	0.0	4.547473508864641E-12	2.2737367544323206E-12	2.4915752874221653E-6	8.305250958073884E-7
318	0.0	0.0	0.0	0.0	4.547473508864641E-12	2.2737367544323206E-12	2.4915752874221653E-6	8.305250958073884E-7
319	0.0	0.0	0.0	0.0	4.547473508864641E-12	2.2737367544323206E-12	2.4915752874221653E-6	8.305250958073884E-7
320	0.0	0.0	0.0	0.0	4.547473508864641E-12	2.2737367544323206E-12	2.4915752874221653E-6	8.305250958073884E-7
321	0.0	0.0	0.0	0.0	4.547473508864641E-12	2.2737367544323206E-12	2.4915752874221653E-6	8.305250958073884E-7
322	0.0	0.0	0.0	0.0	4.547473508864641E-12	2.2737367544323206E-12	2.4915752874221653E-6	8.305250958073884E-7
323	0.0	0.0	0.0	0.0	4.547473508864641E-12	2.2737367544323206E-12	2.4915752874221653E-6	8.305250958073884E-7
324	0.0	0.0	0.0	0.0	4.547473508864641E-12	2.2737367544323206E-12	2.4915752874221653E-6	8.305250958073884E-7
325	0.0	0.0	0.0	0.0	4.547473508864641E-12	2.2737367544323206E-12	2.4915752874221653E-6	8.305250958073884E-7
326	0.0	0.0	0.0	0.0	4.547473508864641E-12	2.2737367544323206E-12	2.4915752874221653E-6	8.305250958073884E-7
327	0.0	0.0	0.0	0.0	4.547473508864641E-12	2.2737367544323206E-12	2.4915752874221653E-6	8.305250958073884E-7
328	0.0	0.0	0.0	0.0	4.547473508864641E-12	2.2737367544323206E-12	2.4915752874221653E-6	8.305250958073884E-7
329	0.0	0.0	0.0	0.0	4.547473508864641E-12	2.2737367544323206E-12	2.4915752874221653E-6	8.305250958073884E-7
330	0.0	0.0	0.0	0.0	4.547473508864641E-12	2.2737367544323206E-12	2.4915752874221653E-6	8.305250958073884E-7
331	0.0	0.0	0.0	0.0	4.547473508864641E-12	2.2737367544323206E-12	2.4915752874221653E-6	8.305250958073884E-7
332	0.0	0.0	0.0	0.0	4.547473508864641E-12	2.2737367544323206E-12	2.4915752874221653E-6	8.305250958073884E-7
333	0.0	0.0	0.0	0.0	4.547473508864641E-12	2.2737367544323206E-12	2.4915752874221653E-6	8.305250958073884E-7
334	0.0	0.0	0.0	0.0	4.547473508864641E-12	2.2737367544323206E-12	2.4915752874221653E-6	8.305250958073884E-7
335	0.0	0.0	0.0	0.0	4.547473508864641E-12	2.2737367544323206E-12	2.4915752874221653E-6	8.305250958073884E-7
336	0.0	0.0	0.0	0.0	4.547473508864641E-12	2.2737367544323206E-12	2.4915752874221653E-6	8.305250958073884E-7
337	0.0	0.0	0.0	0.0	4.547473508864641E-12	2.2737367544323206E-12	2.4915752874221653E-6	8.305250958073884E-7
338	0.0	0.0	0.0	0.0	4.547473508864641E-12	2.2737367544323206E-12	2.4915752874221653E-6	8.305250958073884E-7
339	0.0	0.0	0.0	0.0	4.547473508864641E-12	2.2737367544323206E-12	2.4915752874221653E-6	8.305250958073884E-7
340	0.0	0.0	0.0	0.0	4.547473508864641E-12	2.2737367544323206E-12	2.4915752874221653E-6	8.305250958073884E-7
341	0.0	0.0	0.0	0.0	4.547473508864641E-12	2.2737367544323206E-12	2.4915752874221653E-6	8.305250958073884E-7
342	0.0	0.0	0.0	0.0	4.547473508864641E-12	2.2737367544323206E-12	2.4915752874221653E-6	8.305250958073884E-7
343	0.0	0.0	0.0	0.0	4.547473508864641E-12	2.2737367544323206E-12	2.4915752874221653E-6	8.305250958073884E-7
344	0.0	0.0	0.0	0.0	4.547473508864641E-12	2.2737367544323206E-12	2.4915752874221653E-6	8.305250958073884E-7
345	0.0	0.0	0.0	0.0	4.547473508864641E-12	2.2737367544323206E-12	2.4915752874221653E-6	8.305250958073884E-7
346	0.0	0.0	0.0	0.0	4.547473508864641E-12	2.2737367544323206E-12	2.4915752874221653E-6	8.305250958073884E-7
347	0.0	0.0	0.0	0.0	4.547473508864641E-12	2.2737367544323206E-12	2.4915752874221653E-6	8.305250958073884E-7
348	0.0	0.0	0.0	0.0	4.547473508864641E-12	2.2737367544323206E-12	2.4915752874221653E-6	8.305250958073884E-7
349	0.0	0.0	0.0	0.0	4.547473508864641E-12	2.2737367544323206E-12	2.4915752874221653E-6	8.305250958073884E-7
350	0.0	0.0	0.0	0.0	4.547473508864641E-12	2.2737367544323206E-12	2.4915752874221653E-6	8.305250958073884E-7
351	0.0	0.0	0.0	0.0	4.547473508864641E-12	2.2737367544323206E-12	2.4915752874221653E-6	8.305250958073884E-7
352	0.0	0.0	0.0	0.0	4.547473508864641E-12	2.2737367544323206E-12	2.4915752874221653E-6	8.305250958073884E-7
353	0.0	0.0	0.0	0.0	4.547473508864641E-12	2.2737367544323206E-12	2.4915752874221653E-6	8.305250958073884E-7
354	0.0	0.0	0.0	0.0	4.547473508864641E-12	2.2737367544323206E-12	2.4915752874221653E-6	8.305250958073884E-7
355	0.0	0.0	0.0	0.0	4.547473508864641E-12	2.2737367544323206E-12	2.4915752874221653E-6	8.305250958073884E-7
356	0.0	0.0	0.0	0.0	4.547473508864641E-12	2.2737367544323206E-12	2.4915752874221653E-6	8.305250958073884E-7
357	0.0	0.0	0.0	0.0	4.547473508864641E-12	2.2737367544323206E-12	2.4915752874221653E-6	8.305250958073884E-7
358	0.0	0.0	0.0	0.0	4.547473508864641E-12	2.2737367544323206E-12	2.4915752874221653E-6	8.305250958073884E-7
359	0.0	0.0	0.0	0.0	4.547473508864641E-12	2.2737367544323206E-12	2.4915752874221653E-6	8.305250958073884E-7
360	0.0	0.0	0.0	0.0	4.547473508864641E-12	2.2737367544323206E-12	2.4915752874221653E-6	8.305250958073884E-7
361	0.0	0.0	0.0	0.0	4.547473508864641E-12	2.2737367544323206E-12	2.4915752874221653E-6	8.305250958073884E-7
362	0.0	0.0	0.0	0.0	4.547473508864641E-12	2.2737367544323206E-12	2.4915752874221653E-6	8.305250958073884E-7
363	0.0	0.0	0.0	0.0	4.547473508864641E-12	2.2737367544323206E-12	2.4915752874221653E-6	8.305250958073884E-7
364	0.0	0.0	0.0	0.0	4.547473508864641E-12	2.2737367544323206E-12	2.4915752874221653E-6	8.305250958073884E-7
365	0.0	0.0	0.0	0.0	4.547473508864641E-12	2.2737367544323206E-12	2.4915752874221653E-6	8.305250958073884E-7
366	0.0	0.0	0.0	0.0	4.547473508864641E-12	2.2737367544323206E-12	2.4915752874221653E-6	8.305250958073884E-7
367	0.0	0.0	0.0	0.0	4.547473508864641E-12	2.2737367544323206E-12	2.4915752874221653E-6	8.305250958073884E-7
368	0.0	0.0	0.0	0.0	4.547473508864641E-12	2.2737367544323206E-12	2.4915752874221653E-6	8.305250958073884E-7
369	0.0	0.0	0.0	0.0	4.547473508864641E-12	2.2737367544323206E-12	2.4915752874221653E-6	8.305250958073884E-7
370	0.0	0.0	0.0	0.0	4.547473508864641E-12	2.2737367544323206E-12	2.4915752874221653E-6	8.305250958073884E-7
371	0.0	0.0	0.0	0.0	4.547473508864641E-12	2.2737367544323206E-12	2.4915752874221653E-6	8.305250958073884E-7
372	0.0	0.0	0.0	0.0	4.547473508864641E-12	2.2737367544323206E-12	2.4915752874221653E-6	8.305250958073884E-7
373	0.0	0.0	0.0	0.0	4.547473508864641E-12	2.2737367544323206E-12	2.4915752874221653E-6	8.305250958073884E-7
374	0.0	0.0	0.0	0.0	4.547473508864641E-12	2.2737367544323206E-12	2.4915752874221653E-6	8.305250958073884E-7
375	0.0	0.0	0.0	0.0	4.547473508864641E-12	2.2737367544323206E-12	2.4915752874221653E-6	8.305250958073884E-7
376	0.0	0.0	0.0	0.0	4.547473508864641E-12	2.2737367544323206E-12	2.4915752874221653E-6	8.305250958073884E-7
377	0.0	0.0	0.0	0.0	4.547473508864641E-12	2.2737367544323206E-12	2.4915752874221653E-6	8.305250958073884E-7
378	0.0	0.0	0.0	0.0	4.547473508864641E-12	2.2737367544323206E-12	2.4915752874221653E-6	8.305250958073884E-7
379	0.0	0.0	0.0	0.0	4.547473508864641E-12	2.2737367544323206E-12	2.4915752874221653E-6	8.305250958073884E-7
380	0.0	0.0	0.0	0.0	4.547473508864641E-12	2.2737367544323206E-12	2.4915752874221653E-6	8.305250958073884E-7
381	0.0	0.0	0.0	0.0	4.547473508864641E-12	2.2737367544323206E-12	2.4915752874221653E-6	8.305250958073884E-7
382	0.0	0.0	0.0	0.0	4.547473508864641E-12	2.2737367544323206E-12	2.4915752874221653E-6	8.305250958073884E-7
383	0.0	0.0	0.0	0.0	4.547473508864641E-12	2.2737367544323206E-12	2.4915752874221653E-6	8.305250958073884E-7
384	0.0	0.0	0.0	0.0	4.547473508864641E-12	2.2737367544323206E-12	2.4915752874221653E-6	8.305250958073884E-7
385	0.0	0.0	0.0	0.0	4.547473508864641E-12	2.2737367544323206E-12	2.4915752874221653E-6	8.305250958073884E-7
386	0.0	0.0	0.0	0.0	4.547473508864641E-12	2.2737367544323206E-12	2.4915752874221653E-6	8.305250958073884E-7
387	0.0	0.0	0.0	0.0	4.547473508864641E-12	2.2737367544323206E-12	2.4915752874221653E-6	8.305250958073884E-7
388	0.0	0.0	0.0	0.0	4.547473508864641E-12	2.2737367544323206E-12	2.4915752874221653E-6	8.305250958073884E-7
389	0.0	0.0	0.0	0.0	4.547473508864641E-12	2.2737367544323206E-12	2.4915752874221653E-6	8.305250958073884E-7
390	0.0	0.0	0.0	0.0	4.547473508864641E-12	2.2737367544323206E-12	2.4915752874221653E-6	8.305250958073884E-7
391	0.0	0.0	0.0	0.0	4.547473508864641E-12	2.2737367544323206E-12	2.4915752874221653E-6	8.305250958073884E-7
392	0.0	0.0	0.0	0.0	4.547473508864641E-12	2.2737367544323206E-12	2.4915752874221653E-6	8.305250958073884E-7
393	0.0	0.0	0.0	0.0	4.547473508864641E-12	2.2737367544323206E-12	2.4915752874221653E-6	8.305250958073884E-7
394	0.0	0.0	0.0	0.0	4.547473508864641E-12	2.2737367544323206E-12	2.4915752874221653E-6	8.305250958073884E-7
395	0.0	0.0	0.0	0.0	4.547473508864641E-12	2.2737367544323206E-12	2.4915752874221653E-6	8.305250958073884E-7
396	0.0	0.0	0.0	0.0	4.547473508864641E-12	2.2737367544323206E-12	2.4915752874221653E-6	8.305250958073884E-7
397	0.0	0.0	0.0	0.0	4.547473508864641E-12	2.2737367544323206E-12	2.4915752874221653E-6	8.305250958073884E-7
398	0.0	0.0	0.0	0.0	4.547473508864641E-12	2.2737367544323206E-12	2.4915752874221653E-6	8.305250958073884E-7
399	0.0	0.0	0.0	0.0	4.547473508864641E-12	2.2737367544323206E-12	2.4915752874221653E-6	8.305250958073884E-7
400	0.0	0.0	0.0	0.0	4.547473508864641E-12	2.2737367544323206E-12	2.4915752874221653E-6	8.305250958073884E-7
