iteration 	 gap
0	0.9998982850865594
1	0.08155040172825467
2	3.2107381723212036E-5
3	4.3374073144253344E-7
4	1.9538333118074291E-7
5	8.907277548875214E-8
6	4.123749186568659E-8
7	1.9332371370417434E-8
8	9.155566083052236E-9
9	4.371547790427144E-9
10	2.1010370110374765E-9
11	1.0151040008565815E-9
12	4.924995966604229E-10
13	2.397442244728154E-10
14	1.1701517532713979E-10
15	5.7233107142451445E-11
16	2.8040236799142804E-11
17	4.7794501549269786E-4
18	7.854827899222983E-11
19	2.977549091397469E-4
20	1.8990031769305915E-11
21	1.8562229433816135E-4
22	4.600431147139261E-12
23	1.1576647017985664E-4
24	1.1162182289581324E-12
25	7.221854778582948E-5
26	2.710054403110007E-13
27	4.505940454890833E-5
28	8.065418391312029E-5
29	1.609823385706477E-13
30	2.2210985482051804E-5
31	3.9757141216623104E-5
32	1.965094753586527E-14
33	1.0949652519132158E-5
34	1.9599750937016047E-5
35	2.55351295663786E-15
36	5.398306861525981E-6
37	9.662938393217857E-6
38	1.303197802648981E-5
39	5.551115123125783E-16
40	2.1025757821480084E-6
41	3.7636059638801456E-6
42	5.075816882582629E-6
43	6.112461683471793E-6
44	6.661338147750939E-16
45	6.469650339901989E-7
46	1.1580669663224796E-6
47	1.561837216557116E-6
48	1.8808155409777427E-6
49	2.132808310073564E-6
50	2.220446049250313E-16
51	1.572683153705512E-7
52	2.8151025854850076E-7
53	3.796613775586266E-7
54	4.5720075070310173E-7
55	5.184568497851316E-7
56	5.668491640520301E-7
57	6.050790896106051E-7
58	5.551115123125783E-16
59	2.3859282438642992E-8
60	4.270811504447636E-8
61	5.759869270427487E-8
62	6.936224905551569E-8
63	7.86554581466703E-8
64	8.599709355738838E-8
65	9.179698479133691E-8
66	9.637889952784917E-8
67	9.999861216858363E-8
68	1.0285818474731201E-7
69	2.220446049250313E-16
70	1.7846590871783974E-9
71	3.1945400769117782E-9
72	4.30834623532661E-9
73	5.188252827359463E-9
74	5.883379228244223E-9
75	6.432528953936867E-9
76	6.866357260548739E-9
77	7.20908155393829E-9
78	7.479834085444281E-9
79	7.693728321100934E-9
80	7.862704931582698E-9
81	7.996196149662183E-9
82	8.101654236369882E-9
83	8.184966815427686E-9
84	8.250783389840421E-9
85	0.0
86	4.107647555429139E-11
87	7.352696229645517E-11
88	9.916234500195742E-11
89	1.194144783056572E-10
90	1.3541423538043773E-10
91	1.0050482668333416E-10
92	7.292766390776251E-11
93	5.114120238403075E-11
94	3.393041403398911E-11
95	2.0332846517590042E-11
96	9.591882843551502E-12
97	1.1058931548291184E-12
98	5.597633467857577E-12
99	1.0893508317622036E-11
100	1.5077272763619476E-11
101	1.8382850797138417E-11
102	2.0993318194939548E-11
103	2.305655666390294E-11
104	2.4685808952540356E-11
105	2.597333459419815E-11
106	2.6990409907057256E-11
107	2.7793545243071094E-11
108	2.842803770164437E-11
109	2.8929636464170017E-11
110	2.932554199475135E-11
111	2.9325430972448885E-11
112	2.9325430972448885E-11
113	2.9325430972448885E-11
114	2.9325430972448885E-11
115	2.9325430972448885E-11
116	2.9325430972448885E-11
117	2.9325430972448885E-11
118	2.9325430972448885E-11
119	2.9325430972448885E-11
120	3.3306690738754696E-16
121	3.3306690738754696E-16
122	3.3306690738754696E-16
123	3.3306690738754696E-16
124	3.3306690738754696E-16
125	3.3306690738754696E-16
126	3.3306690738754696E-16
127	3.3306690738754696E-16
128	3.3306690738754696E-16
129	3.3306690738754696E-16
130	3.3306690738754696E-16
131	3.3306690738754696E-16
132	3.3306690738754696E-16
133	3.3306690738754696E-16
134	3.3306690738754696E-16
135	3.3306690738754696E-16
136	3.3306690738754696E-16
137	3.3306690738754696E-16
138	3.3306690738754696E-16
139	3.3306690738754696E-16
140	3.3306690738754696E-16
141	3.3306690738754696E-16
142	3.3306690738754696E-16
143	3.3306690738754696E-16
144	3.3306690738754696E-16
145	3.3306690738754696E-16
146	3.3306690738754696E-16
147	3.3306690738754696E-16
148	3.3306690738754696E-16
149	3.3306690738754696E-16
150	3.3306690738754696E-16
151	3.3306690738754696E-16
152	3.3306690738754696E-16
153	3.3306690738754696E-16
154	3.3306690738754696E-16
155	3.3306690738754696E-16
156	3.3306690738754696E-16
157	3.3306690738754696E-16
158	3.3306690738754696E-16
159	3.3306690738754696E-16
160	3.3306690738754696E-16
161	3.3306690738754696E-16
162	3.3306690738754696E-16
163	3.3306690738754696E-16
164	3.3306690738754696E-16
165	3.3306690738754696E-16
166	3.3306690738754696E-16
167	3.3306690738754696E-16
168	3.3306690738754696E-16
169	3.3306690738754696E-16
170	3.3306690738754696E-16
171	3.3306690738754696E-16
172	3.3306690738754696E-16
173	3.3306690738754696E-16
174	3.3306690738754696E-16
175	3.3306690738754696E-16
176	3.3306690738754696E-16
177	3.3306690738754696E-16
178	3.3306690738754696E-16
179	3.3306690738754696E-16
180	3.3306690738754696E-16
181	3.3306690738754696E-16
182	3.3306690738754696E-16
183	3.3306690738754696E-16
184	3.3306690738754696E-16
185	3.3306690738754696E-16
186	3.3306690738754696E-16
187	3.3306690738754696E-16
188	3.3306690738754696E-16
189	3.3306690738754696E-16
190	3.3306690738754696E-16
191	3.3306690738754696E-16
192	3.3306690738754696E-16
193	3.3306690738754696E-16
194	3.3306690738754696E-16
195	3.3306690738754696E-16
196	3.3306690738754696E-16
197	3.3306690738754696E-16
198	3.3306690738754696E-16
199	3.3306690738754696E-16
200	3.3306690738754696E-16
201	3.3306690738754696E-16
202	3.3306690738754696E-16
203	3.3306690738754696E-16
204	3.3306690738754696E-16
205	3.3306690738754696E-16
206	3.3306690738754696E-16
207	3.3306690738754696E-16
208	3.3306690738754696E-16
209	3.3306690738754696E-16
210	3.3306690738754696E-16
211	3.3306690738754696E-16
212	3.3306690738754696E-16
213	3.3306690738754696E-16
214	3.3306690738754696E-16
215	3.3306690738754696E-16
216	3.3306690738754696E-16
217	3.3306690738754696E-16
218	3.3306690738754696E-16
219	3.3306690738754696E-16
220	3.3306690738754696E-16
221	3.3306690738754696E-16
222	3.3306690738754696E-16
223	3.3306690738754696E-16
224	3.3306690738754696E-16
225	3.3306690738754696E-16
226	3.3306690738754696E-16
227	3.3306690738754696E-16
228	3.3306690738754696E-16
229	3.3306690738754696E-16
230	3.3306690738754696E-16
231	3.3306690738754696E-16
232	3.3306690738754696E-16
233	3.3306690738754696E-16
234	3.3306690738754696E-16
235	3.3306690738754696E-16
236	3.3306690738754696E-16
237	3.3306690738754696E-16
238	3.3306690738754696E-16
239	3.3306690738754696E-16
240	3.3306690738754696E-16
241	3.3306690738754696E-16
242	3.3306690738754696E-16
243	3.3306690738754696E-16
244	3.3306690738754696E-16
245	3.3306690738754696E-16
246	3.3306690738754696E-16
247	3.3306690738754696E-16
248	3.3306690738754696E-16
249	3.3306690738754696E-16
250	3.3306690738754696E-16
251	3.3306690738754696E-16
252	3.3306690738754696E-16
253	3.3306690738754696E-16
254	3.3306690738754696E-16
255	3.3306690738754696E-16
256	3.3306690738754696E-16
257	3.3306690738754696E-16
258	3.3306690738754696E-16
259	3.3306690738754696E-16
260	3.3306690738754696E-16
261	3.3306690738754696E-16
262	3.3306690738754696E-16
263	3.3306690738754696E-16
264	3.3306690738754696E-16
265	3.3306690738754696E-16
266	3.3306690738754696E-16
267	3.3306690738754696E-16
268	3.3306690738754696E-16
269	3.3306690738754696E-16
270	3.3306690738754696E-16
271	3.3306690738754696E-16
272	3.3306690738754696E-16
273	3.3306690738754696E-16
274	3.3306690738754696E-16
275	3.3306690738754696E-16
276	3.3306690738754696E-16
277	3.3306690738754696E-16
278	3.3306690738754696E-16
279	3.3306690738754696E-16
280	3.3306690738754696E-16
281	3.3306690738754696E-16
282	3.3306690738754696E-16
283	3.3306690738754696E-16
284	3.3306690738754696E-16
285	3.3306690738754696E-16
286	3.3306690738754696E-16
287	3.3306690738754696E-16
288	3.3306690738754696E-16
289	3.3306690738754696E-16
290	3.3306690738754696E-16
291	3.3306690738754696E-16
292	3.3306690738754696E-16
293	3.3306690738754696E-16
294	3.3306690738754696E-16
295	3.3306690738754696E-16
296	3.3306690738754696E-16
297	3.3306690738754696E-16
298	3.3306690738754696E-16
299	3.3306690738754696E-16
300	3.3306690738754696E-16
301	3.3306690738754696E-16
302	3.3306690738754696E-16
303	3.3306690738754696E-16
304	3.3306690738754696E-16
305	3.3306690738754696E-16
306	3.3306690738754696E-16
307	3.3306690738754696E-16
308	3.3306690738754696E-16
309	3.3306690738754696E-16
310	3.3306690738754696E-16
311	3.3306690738754696E-16
312	3.3306690738754696E-16
313	3.3306690738754696E-16
314	3.3306690738754696E-16
315	3.3306690738754696E-16
316	3.3306690738754696E-16
317	3.3306690738754696E-16
318	3.3306690738754696E-16
319	3.3306690738754696E-16
320	3.3306690738754696E-16
321	3.3306690738754696E-16
322	3.3306690738754696E-16
323	3.3306690738754696E-16
324	3.3306690738754696E-16
325	3.3306690738754696E-16
326	3.3306690738754696E-16
327	3.3306690738754696E-16
328	3.3306690738754696E-16
329	3.3306690738754696E-16
330	3.3306690738754696E-16
331	3.3306690738754696E-16
332	3.3306690738754696E-16
333	3.3306690738754696E-16
334	3.3306690738754696E-16
335	3.3306690738754696E-16
336	3.3306690738754696E-16
337	3.3306690738754696E-16
338	3.3306690738754696E-16
339	3.3306690738754696E-16
340	3.3306690738754696E-16
341	3.3306690738754696E-16
342	3.3306690738754696E-16
343	3.3306690738754696E-16
344	3.3306690738754696E-16
345	3.3306690738754696E-16
346	3.3306690738754696E-16
347	3.3306690738754696E-16
348	3.3306690738754696E-16
349	3.3306690738754696E-16
350	3.3306690738754696E-16
351	3.3306690738754696E-16
352	3.3306690738754696E-16
353	3.3306690738754696E-16
354	3.3306690738754696E-16
355	3.3306690738754696E-16
356	3.3306690738754696E-16
357	3.3306690738754696E-16
358	3.3306690738754696E-16
359	3.3306690738754696E-16
360	3.3306690738754696E-16
361	3.3306690738754696E-16
362	3.3306690738754696E-16
363	3.3306690738754696E-16
364	3.3306690738754696E-16
365	3.3306690738754696E-16
366	3.3306690738754696E-16
367	3.3306690738754696E-16
368	3.3306690738754696E-16
369	3.3306690738754696E-16
370	3.3306690738754696E-16
371	3.3306690738754696E-16
372	3.3306690738754696E-16
373	3.3306690738754696E-16
374	3.3306690738754696E-16
375	3.3306690738754696E-16
376	3.3306690738754696E-16
377	3.3306690738754696E-16
378	3.3306690738754696E-16
379	3.3306690738754696E-16
380	3.3306690738754696E-16
381	3.3306690738754696E-16
382	3.3306690738754696E-16
383	3.3306690738754696E-16
384	3.3306690738754696E-16
385	3.3306690738754696E-16
386	3.3306690738754696E-16
387	3.3306690738754696E-16
388	3.3306690738754696E-16
389	3.3306690738754696E-16
390	3.3306690738754696E-16
391	3.3306690738754696E-16
392	3.3306690738754696E-16
393	3.3306690738754696E-16
394	3.3306690738754696E-16
395	3.3306690738754696E-16
396	3.3306690738754696E-16
397	3.3306690738754696E-16
398	3.3306690738754696E-16
399	3.3306690738754696E-16
400	3.3306690738754696E-16
