iteration 	 gap 	 fullGap
0	5.748153078202993	0.9840060277826519
1	0.12337181714945662	0.936842115783214
2	0.08731967871279402	0.9305938972805554
3	0.06399090194534846	0.9289116992726936
4	0.047530203037620976	0.9275427241651847
5	0.035707616480660516	0.926434976408963
6	0.02708202143904067	0.9255432561349791
7	0.020702284692328418	0.9248283332283086
8	0.015927929042549686	0.924256962529943
9	0.012319263369573516	0.9238014470108661
10	0.009568863879250556	0.9234389982228162
11	0.0074580843022223125	0.9231510402442494
12	0.005828964431197502	0.9229225372716003
13	0.00456576498589502	0.9227413842634534
14	0.0035826167042052872	0.9225978759488124
15	0.0028151151277064114	0.9224842559830061
16	0.0022145027946471165	0.9223943410099046
17	0.001743288250078893	0.922349951210765
18	0.0013737587904229136	0.9222669581685834
19	0.0010828720773442936	0.9222391531799521
20	8.541315211110088E-4	0.9221873194158988
21	6.738314479251313E-4	0.9221699268282375
22	5.318064148138213E-4	0.9221375626408779
23	4.1976419752164947E-4	0.9221266925361045
24	3.3141112935723043E-4	0.922106488304084
25	2.616735320366995E-4	0.9220996982750728
26	2.0664321200925396E-4	0.9220870865762819
27	1.6319313551621222E-4	0.9220828465830282
28	1.2888825438943288E-4	0.9220794964017908
29	1.0180414460324286E-4	0.9220707512705157
30	8.041190782880157E-5	0.9220686598188691
31	6.35170656964051E-5	0.9220670074294637
32	5.0174209800462984E-5	0.922062695676922
33	3.963437700143697E-5	0.9220616642739705
34	3.130913035024614E-5	0.9220608494309714
35	2.473317454215187E-5	0.9220587235537974
36	1.9538418216005133E-5	0.9220582149746135
37	1.5434857563041187E-5	0.9220578131886309
38	1.2193229904621157E-5	0.9220574957724449
39	9.632512135223315E-6	0.9220563650444041
40	7.609564789950202E-6	0.9220561669391477
41	6.011481419389405E-6	0.9220560104347166
42	4.749023660825921E-6	0.9220558867954181
43	3.7516995713413787E-6	0.9220557891198741
44	2.9638316169448862E-6	0.9220553232930353
45	2.341415634957195E-6	0.9220552623331295
46	1.8497112729025342E-6	0.9220552141746828
47	1.4612674876691944E-6	0.9220551761294344
48	1.1543985580204323E-6	0.922055146073641
49	9.119731401822302E-7	0.9220551223295348
50	7.204582899160667E-7	0.9220549728160345
51	5.691613788648905E-7	0.9220549579972988
52	4.4963707112319317E-7	0.9220549462904905
53	3.552130250728388E-7	0.9220549370421074
54	2.806181268932297E-7	0.922054929735882
55	2.2168821865228463E-7	0.9220549239639622
56	1.751336292901088E-7	0.9220549194041443
57	1.3835552775510761E-7	0.9220549158018877
58	1.0930086624671715E-7	0.9220548773339501
59	8.634766888672817E-8	0.9220548750857804
60	6.821464897720006E-8	0.9220548733097264
61	5.388956666807901E-8	0.9220548719066435
62	4.25727540486137E-8	0.9220548707982079
63	3.363247337945384E-8	0.9220548699225438
64	2.656965251804415E-8	0.9220548692307692
65	2.099002464827765E-8	0.9220548686842672
66	1.6582118916620622E-8	0.9220548682525307
67	1.3099873563437597E-8	0.9220548679114589
68	1.0348900077228E-8	0.9220548676420119
69	8.175631261725421E-9	0.9220548615348974
70	6.4587486535316015E-9	0.9220548613667356
71	5.1024114028452395E-9	0.9220548612338878
72	4.030905025051642E-9	0.9220548611289381
73	3.1844149731548906E-9	0.9220548610460279
74	2.5156878252949227E-9	0.9220548609805287
75	1.9873933271128397E-9	0.9220548609287843
76	1.570040885119073E-9	0.9220548608879063
77	1.2403323566863213E-9	0.9220548608556126
78	9.798625769457118E-10	0.9220548608301007
79	7.740915060794944E-10	0.9220548608099463
80	6.115323949709219E-10	0.9220548607940242
81	4.831105683568696E-10	0.9220548607814458
82	3.8165751370966504E-10	0.9220548607715089
83	3.0150944811148913E-10	0.9220548607636587
84	2.3819265118512663E-10	0.922054860757457
85	1.881721350032364E-10	0.9220548602869951
86	1.4865602811765542E-10	0.9220548602831247
87	1.1743829807759502E-10	0.922054860280067
88	9.277644941099779E-11	0.9220548602776515
89	7.329343538802227E-11	0.9220548602757432
90	5.790187785216402E-11	0.9220548602742357
91	4.5742635957746695E-11	0.9220548602730447
92	3.6136714914237094E-11	0.9220548602721039
93	2.8548048500560042E-11	0.9220548602713606
94	2.2553119740019493E-11	0.9220548602707734
95	1.7817083421111154E-11	0.9220548602703096
96	1.4075605761254932E-11	0.9220548602699431
97	1.1119730793254197E-11	0.9220548602696536
98	8.784558180356114E-12	0.922054860269425
99	6.939938846455412E-12	0.9220548602692442
100	5.482627917234015E-12	0.9220548602691014
101	4.331352283163187E-12	0.9220548602689888
102	3.4217660616675195E-12	0.9220548602688996
103	2.703311773582571E-12	0.9220548602688293
104	2.1356331162506567E-12	0.9220548602687737
105	1.6872297534313737E-12	0.9220548602687297
106	1.3328789959647681E-12	0.9220548602686951
107	1.0530752975674192E-12	0.9220548602686677
108	8.319003388588165E-13	0.922054860268646
109	6.573593298833187E-13	0.9220548602686289
110	5.194752958180982E-13	0.9220548602686154
111	3.363025221087726E-16	0.9220548602685646
112	3.363025221087726E-16	0.9220548602685646
113	3.363025221087726E-16	0.9220548602685646
114	3.363025221087726E-16	0.9220548602685646
115	3.363025221087726E-16	0.9220548602685646
116	3.363025221087726E-16	0.9220548602685646
117	3.363025221087726E-16	0.9220548602685646
118	3.363025221087726E-16	0.9220548602685646
119	3.363025221087726E-16	0.9220548602685646
120	3.3630252210877257E-16	0.9220548602702089
121	3.3630252210877257E-16	0.9220548602702089
122	3.3630252210877257E-16	0.9220548602702089
123	3.3630252210877257E-16	0.9220548602702089
124	3.3630252210877257E-16	0.9220548602702089
125	3.3630252210877257E-16	0.9220548602702089
126	3.3630252210877257E-16	0.9220548602702089
127	3.3630252210877257E-16	0.9220548602702089
128	3.3630252210877257E-16	0.9220548602702089
129	3.3630252210877257E-16	0.9220548602702089
130	3.3630252210877257E-16	0.9220548602702089
131	3.3630252210877257E-16	0.9220548602702089
132	3.3630252210877257E-16	0.9220548602702089
133	3.3630252210877257E-16	0.9220548602702089
134	3.3630252210877257E-16	0.9220548602702089
135	3.3630252210877257E-16	0.9220548602702089
136	3.3630252210877257E-16	0.9220548602702089
137	3.3630252210877257E-16	0.9220548602702089
138	3.3630252210877257E-16	0.9220548602702089
139	3.3630252210877257E-16	0.9220548602702089
140	3.3630252210877257E-16	0.9220548602702089
141	3.3630252210877257E-16	0.9220548602702089
142	3.3630252210877257E-16	0.9220548602702089
143	3.3630252210877257E-16	0.9220548602702089
144	3.3630252210877257E-16	0.9220548602702089
145	3.3630252210877257E-16	0.9220548602702089
146	3.3630252210877257E-16	0.9220548602702089
147	3.3630252210877257E-16	0.9220548602702089
148	3.3630252210877257E-16	0.9220548602702089
149	3.3630252210877257E-16	0.9220548602702089
150	3.3630252210877257E-16	0.9220548602702089
151	3.3630252210877257E-16	0.9220548602702089
152	3.3630252210877257E-16	0.9220548602702089
153	3.3630252210877257E-16	0.9220548602702089
154	3.3630252210877257E-16	0.9220548602702089
155	3.3630252210877257E-16	0.9220548602702089
156	3.3630252210877257E-16	0.9220548602702089
157	3.3630252210877257E-16	0.9220548602702089
158	3.3630252210877257E-16	0.9220548602702089
159	3.3630252210877257E-16	0.9220548602702089
160	3.3630252210877257E-16	0.9220548602702089
161	3.3630252210877257E-16	0.9220548602702089
162	3.3630252210877257E-16	0.9220548602702089
163	3.3630252210877257E-16	0.9220548602702089
164	3.3630252210877257E-16	0.9220548602702089
165	3.3630252210877257E-16	0.9220548602702089
166	3.3630252210877257E-16	0.9220548602702089
167	3.3630252210877257E-16	0.9220548602702089
168	3.3630252210877257E-16	0.9220548602702089
169	3.3630252210877257E-16	0.9220548602702089
170	3.3630252210877257E-16	0.9220548602702089
171	3.3630252210877257E-16	0.9220548602702089
172	3.3630252210877257E-16	0.9220548602702089
173	3.3630252210877257E-16	0.9220548602702089
174	3.3630252210877257E-16	0.9220548602702089
175	3.3630252210877257E-16	0.9220548602702089
176	3.3630252210877257E-16	0.9220548602702089
177	3.3630252210877257E-16	0.9220548602702089
178	3.3630252210877257E-16	0.9220548602702089
179	3.3630252210877257E-16	0.9220548602702089
180	3.3630252210877257E-16	0.9220548602702089
181	3.3630252210877257E-16	0.9220548602702089
182	3.3630252210877257E-16	0.9220548602702089
183	3.3630252210877257E-16	0.9220548602702089
184	3.3630252210877257E-16	0.9220548602702089
185	3.3630252210877257E-16	0.9220548602702089
186	3.3630252210877257E-16	0.9220548602702089
187	3.3630252210877257E-16	0.9220548602702089
188	3.3630252210877257E-16	0.9220548602702089
189	3.3630252210877257E-16	0.9220548602702089
190	3.3630252210877257E-16	0.9220548602702089
191	3.3630252210877257E-16	0.9220548602702089
192	3.3630252210877257E-16	0.9220548602702089
193	3.3630252210877257E-16	0.9220548602702089
194	3.3630252210877257E-16	0.9220548602702089
195	3.3630252210877257E-16	0.9220548602702089
196	3.3630252210877257E-16	0.9220548602702089
197	3.3630252210877257E-16	0.9220548602702089
198	3.3630252210877257E-16	0.9220548602702089
199	3.3630252210877257E-16	0.9220548602702089
200	3.3630252210877257E-16	0.9220548602702089
201	3.3630252210877257E-16	0.9220548602702089
202	3.3630252210877257E-16	0.9220548602702089
203	3.3630252210877257E-16	0.9220548602702089
204	3.3630252210877257E-16	0.9220548602702089
205	3.3630252210877257E-16	0.9220548602702089
206	3.3630252210877257E-16	0.9220548602702089
207	3.3630252210877257E-16	0.9220548602702089
208	3.3630252210877257E-16	0.9220548602702089
209	3.3630252210877257E-16	0.9220548602702089
210	3.3630252210877257E-16	0.9220548602702089
211	3.3630252210877257E-16	0.9220548602702089
212	3.3630252210877257E-16	0.9220548602702089
213	3.3630252210877257E-16	0.9220548602702089
214	3.3630252210877257E-16	0.9220548602702089
215	3.3630252210877257E-16	0.9220548602702089
216	3.3630252210877257E-16	0.9220548602702089
217	3.3630252210877257E-16	0.9220548602702089
218	3.3630252210877257E-16	0.9220548602702089
219	3.3630252210877257E-16	0.9220548602702089
220	3.3630252210877257E-16	0.9220548602702089
221	3.3630252210877257E-16	0.9220548602702089
222	3.3630252210877257E-16	0.9220548602702089
223	3.3630252210877257E-16	0.9220548602702089
224	3.3630252210877257E-16	0.9220548602702089
225	3.3630252210877257E-16	0.9220548602702089
226	3.3630252210877257E-16	0.9220548602702089
227	3.3630252210877257E-16	0.9220548602702089
228	3.3630252210877257E-16	0.9220548602702089
229	3.3630252210877257E-16	0.9220548602702089
230	3.3630252210877257E-16	0.9220548602702089
231	3.3630252210877257E-16	0.9220548602702089
232	3.3630252210877257E-16	0.9220548602702089
233	3.3630252210877257E-16	0.9220548602702089
234	3.3630252210877257E-16	0.9220548602702089
235	3.3630252210877257E-16	0.9220548602702089
236	3.3630252210877257E-16	0.9220548602702089
237	3.3630252210877257E-16	0.9220548602702089
238	3.3630252210877257E-16	0.9220548602702089
239	3.3630252210877257E-16	0.9220548602702089
240	3.3630252210877257E-16	0.9220548602702089
241	3.3630252210877257E-16	0.9220548602702089
242	3.3630252210877257E-16	0.9220548602702089
243	3.3630252210877257E-16	0.9220548602702089
244	3.3630252210877257E-16	0.9220548602702089
245	3.3630252210877257E-16	0.9220548602702089
246	3.3630252210877257E-16	0.9220548602702089
247	3.3630252210877257E-16	0.9220548602702089
248	3.3630252210877257E-16	0.9220548602702089
249	3.3630252210877257E-16	0.9220548602702089
250	3.3630252210877257E-16	0.9220548602702089
251	3.3630252210877257E-16	0.9220548602702089
252	3.3630252210877257E-16	0.9220548602702089
253	3.3630252210877257E-16	0.9220548602702089
254	3.3630252210877257E-16	0.9220548602702089
255	3.3630252210877257E-16	0.9220548602702089
256	3.3630252210877257E-16	0.9220548602702089
257	3.3630252210877257E-16	0.9220548602702089
258	3.3630252210877257E-16	0.9220548602702089
259	3.3630252210877257E-16	0.9220548602702089
260	3.3630252210877257E-16	0.9220548602702089
261	3.3630252210877257E-16	0.9220548602702089
262	3.3630252210877257E-16	0.9220548602702089
263	3.3630252210877257E-16	0.9220548602702089
264	3.3630252210877257E-16	0.9220548602702089
265	3.3630252210877257E-16	0.9220548602702089
266	3.3630252210877257E-16	0.9220548602702089
267	3.3630252210877257E-16	0.9220548602702089
268	3.3630252210877257E-16	0.9220548602702089
269	3.3630252210877257E-16	0.9220548602702089
270	3.3630252210877257E-16	0.9220548602702089
271	3.3630252210877257E-16	0.9220548602702089
272	3.3630252210877257E-16	0.9220548602702089
273	3.3630252210877257E-16	0.9220548602702089
274	3.3630252210877257E-16	0.9220548602702089
275	3.3630252210877257E-16	0.9220548602702089
276	3.3630252210877257E-16	0.9220548602702089
277	3.3630252210877257E-16	0.9220548602702089
278	3.3630252210877257E-16	0.9220548602702089
279	3.3630252210877257E-16	0.9220548602702089
280	3.3630252210877257E-16	0.9220548602702089
281	3.3630252210877257E-16	0.9220548602702089
282	3.3630252210877257E-16	0.9220548602702089
283	3.3630252210877257E-16	0.9220548602702089
284	3.3630252210877257E-16	0.9220548602702089
285	3.3630252210877257E-16	0.9220548602702089
286	3.3630252210877257E-16	0.9220548602702089
287	3.3630252210877257E-16	0.9220548602702089
288	3.3630252210877257E-16	0.9220548602702089
289	3.3630252210877257E-16	0.9220548602702089
290	3.3630252210877257E-16	0.9220548602702089
291	3.3630252210877257E-16	0.9220548602702089
292	3.3630252210877257E-16	0.9220548602702089
293	3.3630252210877257E-16	0.9220548602702089
294	3.3630252210877257E-16	0.9220548602702089
295	3.3630252210877257E-16	0.9220548602702089
296	3.3630252210877257E-16	0.9220548602702089
297	3.3630252210877257E-16	0.9220548602702089
298	3.3630252210877257E-16	0.9220548602702089
299	3.3630252210877257E-16	0.9220548602702089
300	3.3630252210877257E-16	0.9220548602702089
301	3.3630252210877257E-16	0.9220548602702089
302	3.3630252210877257E-16	0.9220548602702089
303	3.3630252210877257E-16	0.9220548602702089
304	3.3630252210877257E-16	0.9220548602702089
305	3.3630252210877257E-16	0.9220548602702089
306	3.3630252210877257E-16	0.9220548602702089
307	3.3630252210877257E-16	0.9220548602702089
308	3.3630252210877257E-16	0.9220548602702089
309	3.3630252210877257E-16	0.9220548602702089
310	3.3630252210877257E-16	0.9220548602702089
311	3.3630252210877257E-16	0.9220548602702089
312	3.3630252210877257E-16	0.9220548602702089
313	3.3630252210877257E-16	0.9220548602702089
314	3.3630252210877257E-16	0.9220548602702089
315	3.3630252210877257E-16	0.9220548602702089
316	3.3630252210877257E-16	0.9220548602702089
317	3.3630252210877257E-16	0.9220548602702089
318	3.3630252210877257E-16	0.9220548602702089
319	3.3630252210877257E-16	0.9220548602702089
320	3.3630252210877257E-16	0.9220548602702089
321	3.3630252210877257E-16	0.9220548602702089
322	3.3630252210877257E-16	0.9220548602702089
323	3.3630252210877257E-16	0.9220548602702089
324	3.3630252210877257E-16	0.9220548602702089
325	3.3630252210877257E-16	0.9220548602702089
326	3.3630252210877257E-16	0.9220548602702089
327	3.3630252210877257E-16	0.9220548602702089
328	3.3630252210877257E-16	0.9220548602702089
329	3.3630252210877257E-16	0.9220548602702089
330	3.3630252210877257E-16	0.9220548602702089
331	3.3630252210877257E-16	0.9220548602702089
332	3.3630252210877257E-16	0.9220548602702089
333	3.3630252210877257E-16	0.9220548602702089
334	3.3630252210877257E-16	0.9220548602702089
335	3.3630252210877257E-16	0.9220548602702089
336	3.3630252210877257E-16	0.9220548602702089
337	3.3630252210877257E-16	0.9220548602702089
338	3.3630252210877257E-16	0.9220548602702089
339	3.3630252210877257E-16	0.9220548602702089
340	3.3630252210877257E-16	0.9220548602702089
341	3.3630252210877257E-16	0.9220548602702089
342	3.3630252210877257E-16	0.9220548602702089
343	3.3630252210877257E-16	0.9220548602702089
344	3.3630252210877257E-16	0.9220548602702089
345	3.3630252210877257E-16	0.9220548602702089
346	3.3630252210877257E-16	0.9220548602702089
347	3.3630252210877257E-16	0.9220548602702089
348	3.3630252210877257E-16	0.9220548602702089
349	3.3630252210877257E-16	0.9220548602702089
350	3.3630252210877257E-16	0.9220548602702089
351	3.3630252210877257E-16	0.9220548602702089
352	3.3630252210877257E-16	0.9220548602702089
353	3.3630252210877257E-16	0.9220548602702089
354	3.3630252210877257E-16	0.9220548602702089
355	3.3630252210877257E-16	0.9220548602702089
356	3.3630252210877257E-16	0.9220548602702089
357	3.3630252210877257E-16	0.9220548602702089
358	3.3630252210877257E-16	0.9220548602702089
359	3.3630252210877257E-16	0.9220548602702089
360	3.3630252210877257E-16	0.9220548602702089
361	3.3630252210877257E-16	0.9220548602702089
362	3.3630252210877257E-16	0.9220548602702089
363	3.3630252210877257E-16	0.9220548602702089
364	3.3630252210877257E-16	0.9220548602702089
365	3.3630252210877257E-16	0.9220548602702089
366	3.3630252210877257E-16	0.9220548602702089
367	3.3630252210877257E-16	0.9220548602702089
368	3.3630252210877257E-16	0.9220548602702089
369	3.3630252210877257E-16	0.9220548602702089
370	3.3630252210877257E-16	0.9220548602702089
371	3.3630252210877257E-16	0.9220548602702089
372	3.3630252210877257E-16	0.9220548602702089
373	3.3630252210877257E-16	0.9220548602702089
374	3.3630252210877257E-16	0.9220548602702089
375	3.3630252210877257E-16	0.9220548602702089
376	3.3630252210877257E-16	0.9220548602702089
377	3.3630252210877257E-16	0.9220548602702089
378	3.3630252210877257E-16	0.9220548602702089
379	3.3630252210877257E-16	0.9220548602702089
380	3.3630252210877257E-16	0.9220548602702089
381	3.3630252210877257E-16	0.9220548602702089
382	3.3630252210877257E-16	0.9220548602702089
383	3.3630252210877257E-16	0.9220548602702089
384	3.3630252210877257E-16	0.9220548602702089
385	3.3630252210877257E-16	0.9220548602702089
386	3.3630252210877257E-16	0.9220548602702089
387	3.3630252210877257E-16	0.9220548602702089
388	3.3630252210877257E-16	0.9220548602702089
389	3.3630252210877257E-16	0.9220548602702089
390	3.3630252210877257E-16	0.9220548602702089
391	3.3630252210877257E-16	0.9220548602702089
392	3.3630252210877257E-16	0.9220548602702089
393	3.3630252210877257E-16	0.9220548602702089
394	3.3630252210877257E-16	0.9220548602702089
395	3.3630252210877257E-16	0.9220548602702089
396	3.3630252210877257E-16	0.9220548602702089
397	3.3630252210877257E-16	0.9220548602702089
398	3.3630252210877257E-16	0.9220548602702089
399	3.3630252210877257E-16	0.9220548602702089
400	3.3630252210877257E-16	0.9220548602702089
