iteration 	 master_max 	 master_avg 	subnet_0_max 	 subnet_0_avg 	subnet_1_max 	 subnet_1_avg 	full_max 	 full_avg
0	9.802291170331046E-4	1.6581496798151463E-4	302.636490808638	48.26378228234515	177.95729854840465	44.40150550264218	10376.247545510909	3063.015568819638
1	0.5843001225093758	0.11284058393641772	69.37166104556854	4.47826501091696	43.55344734016944	5.8016624650588	1341.418196849656	341.03900351997476
2	0.14381881494909976	0.014332753343129107	23.870808028812462	0.758895709787849	16.457767871937904	1.0427852125238197	1299.5519866157047	238.10614276956952
3	0.014385639823103702	0.004507961894382283	0.03104411155982234	0.005876670760250435	0.35294306653122476	0.05269414564296509	1109.667017154119	153.61057116296354
4	0.001777071487140347	5.955626179456885E-4	0.057341876531381786	0.011309335621820082	0.03452800494051189	0.005367422746217385	1024.0019848477823	128.6392573955809
5	0.0010642031020324794	2.6468724718142767E-4	0.004403053441819793	9.114874317106114E-4	0.0041823978808679385	5.399667172634902E-4	909.6916708857389	104.70376314006508
6	9.745126371853985E-4	3.135433421448397E-4	9.902934621095483E-4	2.523267029706714E-4	9.886005755106453E-4	2.155172063567079E-4	844.153810309137	87.543606905472
7	9.780313339433633E-4	2.9905963145593936E-4	9.940896488842554E-4	1.9811463813413057E-4	9.976790688597248E-4	2.392390109093867E-4	759.7122484827996	62.49461898043224
8	9.726797993607761E-4	2.984233926661928E-4	9.971450945158722E-4	2.251858337432269E-4	9.969658640329726E-4	2.550099266861649E-4	700.4035130249358	49.78959108986184
9	9.573095449013636E-4	2.557792501025496E-4	9.926277980412124E-4	2.1352876258586345E-4	9.979489514080342E-4	2.599586040931076E-4	646.8764163920059	40.68656231029536
10	9.857410573204106E-4	3.12794180263154E-4	9.852671228145482E-4	1.9384139821860508E-4	9.962285657820757E-4	2.5403836020114587E-4	617.4416691387851	43.6576871911076
11	9.959362214431167E-4	3.450556075222266E-4	9.874069273791974E-4	1.9841855090284874E-4	9.983376949094236E-4	2.578849493124252E-4	590.571532592312	48.39195332132765
12	9.723355942696799E-4	2.8258275199876054E-4	9.992758714361116E-4	2.1741141703830345E-4	9.960325187421404E-4	2.6268577323969875E-4	567.0300762271181	52.71626065360996
13	9.641803408158012E-4	1.9902948703448228E-4	9.898109228743124E-4	2.189232910064962E-4	9.999281851378328E-4	2.9820805150657814E-4	207.53301529333476	54.873656498046195
14	9.773681522347033E-4	3.6029789295271794E-4	9.998423365686904E-4	3.505119472253215E-4	9.942056808540656E-4	3.265182057980888E-4	184.34242272437405	43.018100136018255
15	9.727075448608957E-4	3.4904278984814645E-4	9.908335157433612E-4	3.2982159600470327E-4	9.955811401596293E-4	2.8653092303578714E-4	171.4024167061434	42.31924839211154
16	9.643234880059026E-4	3.6739437681327606E-4	9.919798094415455E-4	3.3583102567068376E-4	9.989424543164205E-4	2.700075662865058E-4	169.95996479741007	44.7621473672228
17	9.559151221765205E-4	3.9670686273244167E-4	9.996682128985412E-4	3.2398680623373365E-4	9.972179450414842E-4	2.8446328038285175E-4	154.51138482508395	36.22246137545157
18	9.626346873119473E-4	3.5904599953287937E-4	9.50320400079363E-4	3.488279631469863E-4	9.88557612799923E-4	2.854143857934775E-4	149.5542453541275	34.53682869983714
19	9.565993423166219E-4	3.5529191453471346E-4	9.734341124385537E-4	3.245867148962134E-4	9.349986758024897E-4	3.161279580989429E-4	143.81986515521567	31.47729262674345
20	9.608492327970453E-4	3.7141237693763936E-4	9.999291646636266E-4	3.503844466884016E-4	9.655369103711564E-4	2.997003766184111E-4	138.97379086644287	29.552085139750115
21	9.568116620357614E-4	3.7718103395231343E-4	9.844204560067737E-4	3.4383325395758607E-4	9.960008301277412E-4	2.796530155265851E-4	134.0778904402032	27.389173781678227
22	9.671125080785714E-4	3.882672816806527E-4	9.988959191105096E-4	3.3588984237984266E-4	9.98480945781921E-4	2.8929232988817745E-4	129.530133083892	25.724463409923832
23	9.841537885222351E-4	3.864165061843648E-4	9.745837187438156E-4	3.2931803965160117E-4	9.962279509636573E-4	2.9144844218255737E-4	125.0814809322037	24.038213849150548
24	9.84344307653373E-4	3.7508418975968586E-4	9.689197750049061E-4	3.283995943360531E-4	9.994115152949234E-4	2.780363615158876E-4	120.8227796350111	22.664589979742995
25	9.933899527823087E-4	3.7442355515590213E-4	9.945709639396227E-4	3.323193770801013E-4	9.953730095730862E-4	3.17912096236866E-4	116.68706003225452	21.112743692019627
26	9.90336812719761E-4	3.818972741750518E-4	9.621885087653936E-4	3.3536702080434196E-4	9.975065822800389E-4	3.0547444185476005E-4	112.6930933199692	19.792243302559573
27	9.952158943633549E-4	3.72302775791208E-4	9.998862733482383E-4	3.5046543794261663E-4	9.708854722703109E-4	2.895084641388679E-4	108.82133382651227	18.54644739433429
28	9.919911717588548E-4	3.657955768565963E-4	9.764068954609684E-4	3.4140752906310036E-4	9.97095388811431E-4	2.790505421170308E-4	105.07371741384486	17.385508622076973
29	9.967740625143051E-4	3.613720602970716E-4	9.652462172198284E-4	3.3202936931571236E-4	9.961349442164646E-4	3.103663871057413E-4	101.44303952321934	16.2959280426776
30	9.88588286418235E-4	3.602640574627003E-4	9.940659983840305E-4	3.4374033402855274E-4	9.976156143238768E-4	2.9446222656121955E-4	97.92773227039652	15.192878025538839
31	9.711492057249416E-4	3.6673333865370035E-4	9.83269999778713E-4	3.3945819081964145E-4	9.95610000245506E-4	2.9391760062935646E-4	94.52398825529963	14.230604805340786
32	9.61125930189155E-4	3.5369169303781485E-4	9.995099862862844E-4	2.7611521095423087E-4	9.98708061160869E-4	3.212668825362459E-4	91.23080697062323	13.336943248515048
33	9.6259725978598E-4	3.482046183437758E-4	9.666598812145821E-4	3.467531766198269E-4	9.950460571417352E-4	3.0556259793439286E-4	88.04163737008639	12.469409126855368
34	9.698685398689122E-4	3.5168537598500346E-4	9.69074357271893E-4	3.458621290129875E-4	9.991017086576903E-4	2.735173905364263E-4	84.95817618104411	11.722359710341221
35	9.661250442150049E-4	3.5281685242288016E-4	9.75612460024422E-4	3.642130202144793E-4	9.965249209926696E-4	2.9722243999248557E-4	81.97194542363286	10.959710946465211
36	9.866455693554599E-4	3.62696922788278E-4	9.86352657491807E-4	3.4705396906782186E-4	9.376521588819742E-4	2.9949521443708554E-4	79.08425162455387	10.25387859590104
37	9.922279205056839E-4	3.6800011808476744E-4	9.942302622221177E-4	3.1036641865804477E-4	9.97357614323846E-4	3.134219662406861E-4	76.29086587868369	9.628475461019429
38	9.721008900669403E-4	3.557089134054487E-4	9.834231916556746E-4	3.3724218615134306E-4	9.977026311389636E-4	2.9522249692840537E-4	73.5901540206687	9.023690274312523
39	9.926446582539938E-4	3.75971417497567E-4	9.727147928515478E-4	3.4901401505749163E-4	9.944309495040216E-4	3.006766785230679E-4	70.97913769760999	8.414739054045654
40	9.478800384385977E-4	3.723138553855928E-4	9.885484973892744E-4	3.1386243203238945E-4	9.973358392016962E-4	2.99659178142228E-4	68.45557709347486	7.883046184380337
41	9.930124106176663E-4	3.6310990783152065E-4	9.128973033512011E-4	3.0080380364214197E-4	9.987946723413188E-4	2.920197769771431E-4	66.01676578388287	7.365993158012837
42	9.9747117201332E-4	3.5905086091198816E-4	9.368498876938247E-4	3.0276114196297113E-4	9.982728715840494E-4	3.110320591391568E-4	63.66034709633459	6.8963002661376755
43	9.943577388185076E-4	3.642329304186985E-4	9.399150796980393E-4	2.8881910891352555E-4	9.582290913385805E-4	2.9674894836390216E-4	61.38403354628463	6.456183817788149
44	9.966867437469773E-4	3.6138991293098243E-4	9.939494466379983E-4	2.977218575349095E-4	9.96319948171731E-4	3.144530058552146E-4	59.18542055708531	6.043661094242086
45	9.412262261321303E-4	3.3876198861954824E-4	9.837487309596327E-4	3.007525033669683E-4	9.714665666251676E-4	2.895575704571503E-4	57.06204450448422	5.639246450497573
46	9.739978886500467E-4	3.6020366415609066E-4	9.839477313562384E-4	2.984381729460337E-4	9.961741943698144E-4	2.931348926430917E-4	55.01164856272226	5.277281029244738
47	9.657975388108753E-4	3.5463452029814235E-4	9.919691594859614E-4	3.0196677792875763E-4	9.951791016646894E-4	3.0799809282819834E-4	53.03211006669153	4.938163213490247
48	9.837626384978648E-4	3.5258320521539384E-4	9.98621153030399E-4	2.893393386911056E-4	9.963078769033018E-4	2.894381991667708E-4	51.1436369587791	4.640388015868822
49	9.839594713412225E-4	3.689889026320868E-4	9.979987669339607E-4	3.14875309963251E-4	9.988073943532072E-4	2.8530490025775344E-4	49.48419037091662	4.506492717759077
50	9.786903392523527E-4	3.658268669174244E-4	9.879426729639817E-4	2.957476833039942E-4	9.969698166969465E-4	2.994715079507725E-4	47.87029474205701	4.3750278449576205
51	9.846361681411508E-4	3.779379979148091E-4	9.999605338180118E-4	3.0057556920660825E-4	9.948464248736855E-4	2.973347698116413E-4	46.30175119649357	4.2459666424382725
52	9.782013221411034E-4	3.564214501758605E-4	9.828135698626284E-4	2.961355990009906E-4	9.958165155694587E-4	3.137803065526849E-4	44.777619132164546	4.119358774824758
53	9.639281161071267E-4	3.920945805800459E-4	9.818853729939292E-4	3.024720220044704E-4	9.988055389840156E-4	2.9127793908838404E-4	43.29723490723336	3.9953202633528435
54	9.698306889731612E-4	3.6712008708101554E-4	9.998938407989044E-4	2.788467804559029E-4	9.9470612622099E-4	2.7768635201634123E-4	41.85990012109687	3.8738191944142413
55	9.793249155336525E-4	3.7790085265701885E-4	9.988471128963283E-4	2.677072873570739E-4	9.961396972357761E-4	2.98124407179738E-4	40.46501267439817	3.740170251278182
56	9.714167149468267E-4	3.7892003482349016E-4	9.754310522112064E-4	2.7832873115585244E-4	9.985625529225217E-4	2.931619921184847E-4	39.10809408880232	3.637734080826806
57	9.439486893825233E-4	3.6365753804342864E-4	9.500853511781315E-4	2.401305985315687E-4	9.520611224616005E-4	2.9969190545787755E-4	37.79505082412652	3.6454671018412963
58	9.853838164417539E-4	3.757926110340902E-4	9.424629879504209E-4	2.531080853308644E-4	9.964771852537524E-4	3.134252237543933E-4	36.5224040332796	3.538506884327735
59	9.689450125733856E-4	3.822839388314086E-4	9.954693055078678E-4	2.688641898694678E-4	9.952953332685865E-4	2.958238722805198E-4	35.28844327259867	3.4129872353632225
60	9.483909598202445E-4	3.633433706064742E-4	9.571122263878351E-4	2.52612373472132E-4	9.475737087996094E-4	3.0430551416826254E-4	34.09245805151295	3.3022067395506927
61	9.468474199820776E-4	3.495867751033594E-4	9.79523782234537E-4	2.581641246669696E-4	9.692264120531036E-4	3.0167356251298863E-4	32.933681067384896	3.19473206586493
62	9.706442724564113E-4	3.810204363747159E-4	9.92141923688905E-4	2.4837754834742236E-4	9.482250429755368E-4	3.265178292027625E-4	31.811182540062873	3.0903798933869315
63	9.693863175925799E-4	3.7726091185114844E-4	9.496221271092509E-4	2.4213574339395754E-4	9.973754272323276E-4	3.1511172322720276E-4	30.724105169774703	2.9878153517158665
64	9.8335244183545E-4	3.834082426042836E-4	9.7019990107583E-4	2.502169006490746E-4	9.735650437505683E-4	3.0138591223359795E-4	29.671642672004964	2.890614837914233
65	9.67832045716932E-4	3.647520973442754E-4	9.88041098253234E-4	2.493573289410887E-4	9.97115614154609E-4	3.1190404513673013E-4	28.65279004155309	2.7951910635880757
66	9.998665409511887E-4	3.8317657202112187E-4	9.804639430512907E-4	2.543085051850023E-4	9.95778342257836E-4	3.169202603914574E-4	27.666806908313447	2.7033414883369966
67	9.793733224796597E-4	3.7036608887319744E-4	9.94286443983583E-4	2.549068262052626E-4	9.993647272494854E-4	2.980081556544088E-4	26.712637199605524	2.614088842597651
68	9.777212544577196E-4	3.6475438586031875E-4	9.883495824851707E-4	2.5323103387268637E-4	9.986756140278885E-4	3.0809755827622447E-4	25.78953123967949	2.5275238291335933
69	9.977756089938339E-4	4.0233102176249043E-4	9.97174996200556E-4	2.5067971232970565E-4	9.961024225049186E-4	2.935263003867779E-4	24.896601659103908	2.4435069582564055
70	9.671433581388555E-4	3.591176030762914E-4	9.55694486037828E-4	2.462145883487825E-4	9.961315136024496E-4	2.924366819558763E-4	24.033092969402787	2.3620015373876306
71	9.944629782694392E-4	3.995022977635797E-4	9.913028475239116E-4	2.4980122517214066E-4	9.946012578438967E-4	3.0712641386670817E-4	23.198087118751573	2.283094029614001
72	9.788150782696903E-4	3.702342658665917E-4	9.977560530387564E-4	2.5740876847251185E-4	9.96974727968336E-4	3.130308313045997E-4	22.390738125082862	2.206801234585443
73	9.884130099635513E-4	3.7497656317749976E-4	9.580553758041788E-4	2.497630643722152E-4	9.664850567787653E-4	3.0270195900182164E-4	21.610253777605976	2.1326849289545775
74	9.664559074735735E-4	3.952561825956634E-4	9.829349946812727E-4	2.527077983506535E-4	9.994781958084786E-4	3.049694332147714E-4	20.855963101221278	2.060917709439902
75	9.851266331679653E-4	3.7349100853134587E-4	9.714702400742681E-4	2.526267493079571E-4	9.358590582451143E-4	3.2336077988834164E-4	20.12684705180436	1.9860351387215098
76	9.879370895760076E-4	3.9658076843807066E-4	9.87168253686832E-4	2.6080183914854315E-4	9.995375421567587E-4	3.0143602668594656E-4	19.422373021603562	1.9240324868776497
77	9.77551990217762E-4	3.517514146551548E-4	9.83068901405204E-4	2.6205774971409436E-4	9.997851902880939E-4	2.918752107829138E-4	18.741703557974688	1.8587705431595762
78	9.963026677723974E-4	3.8551637226191815E-4	9.97778964574536E-4	2.565137390873231E-4	9.976216024369933E-4	3.0425609634819823E-4	18.08408284997131	1.7910025922060309
79	9.95146059722174E-4	4.111470145094894E-4	9.965036392713955E-4	2.596912608832763E-4	9.980101294786436E-4	3.075958401938969E-4	17.448815276569803	1.7347681059126636
80	9.952681457434664E-4	4.022523783727853E-4	9.973282139981166E-4	2.6542172659483677E-4	9.954791676136665E-4	3.042954998328731E-4	16.835331166312244	1.6757322696028303
81	9.747585036166129E-4	3.87838739210825E-4	9.9257415035936E-4	2.480028522498017E-4	9.977611480280757E-4	2.889492516901672E-4	16.242741850081075	1.618513805341137
82	9.316890427726321E-4	3.542107579050935E-4	9.798748267257906E-4	2.612384185623169E-4	9.995576237997739E-4	3.028793474489551E-4	15.670517803016992	1.5631856302675067
83	9.802570093597751E-4	3.881348016615708E-4	9.909458744914446E-4	2.516689031086276E-4	9.995731670642272E-4	2.9312664092009445E-4	15.117982202660642	1.5098466806733137
84	9.670952263149957E-4	3.5923917234218346E-4	9.724651349642954E-4	2.513763040189735E-4	9.984100161091192E-4	2.964086700842472E-4	14.584452405426418	1.4616736662907142
85	9.63162903644843E-4	4.346721283842011E-4	9.709389360068599E-4	2.689964676453717E-4	9.950597432180075E-4	3.13184113553852E-4	14.069318978727097	1.4078784314403527
86	9.649051207816228E-4	3.4175885171602464E-4	9.731736645335332E-4	2.4246670999968341E-4	9.97133027340169E-4	2.8861573378563684E-4	13.57207991258474	1.3596055251570007
87	9.90694072243059E-4	3.7398223792349327E-4	9.682176521437214E-4	2.4847130466217716E-4	9.36112404360756E-4	3.171820774480837E-4	13.092122077832755	1.3120346656545525
88	9.646538128436077E-4	3.5903181294218357E-4	9.83703574320316E-4	2.4732670308244325E-4	9.473689449350786E-4	3.217834771356521E-4	12.628797896217293	1.2644717718862324
89	9.750501048984006E-4	3.997699229785212E-4	9.66136997931244E-4	2.5262281354337794E-4	9.81828166914056E-4	3.2080442622971434E-4	12.181629069411429	1.2210069862238027
90	9.614746413717512E-4	3.9230871542323645E-4	9.851023155533767E-4	2.4594618786510626E-4	9.97953395199147E-4	3.0961575112087303E-4	11.750081292502728	1.176616736769918
91	9.830221206357237E-4	4.050541619043153E-4	9.563929143041605E-4	2.5185170842190484E-4	9.87481130323431E-4	3.2030900746050114E-4	11.333632192025107	1.1383856280108657
92	9.407876227669476E-4	3.824568760982012E-4	9.800016796361888E-4	2.578361774389172E-4	9.747879648784874E-4	3.20451047280968E-4	10.931816393262125	1.0990053731649145
93	9.433209270355292E-4	4.1891055928187725E-4	9.793493952656718E-4	2.560110123143917E-4	9.770035776455188E-4	3.236586657306505E-4	10.543963393178274	1.061181399841117
94	9.536488687444944E-4	3.8260742732226E-4	9.748335978656542E-4	2.6516840482046874E-4	9.380401638736657E-4	3.203317079875265E-4	10.169808987040597	1.0244070620323553
95	9.923576544679236E-4	4.234172854467033E-4	9.863906016107649E-4	2.612604052894705E-4	9.44317596122346E-4	3.0677978014936294E-4	9.808741442422615	0.9888582115074163
96	9.96554816083517E-4	4.3343877600169174E-4	9.63811240353607E-4	2.487068024640541E-4	9.270367875160446E-4	3.1313235246886365E-4	9.460454374617257	0.9547125084481402
97	9.987253765757487E-4	4.0361569972446887E-4	9.522653508611256E-4	2.5177983892152387E-4	9.615360631869407E-4	3.2629703645938745E-4	9.124368441138358	0.9181092500981088
98	9.743264222379366E-4	4.3085767382373367E-4	9.88828565368749E-4	2.411959907832981E-4	9.399808768648654E-4	3.111545234416649E-4	8.800283022155782	0.8897299115745062
99	9.542335901642218E-4	3.8826275252696566E-4	9.832479545366368E-4	2.5369775690902514E-4	9.337997248621832E-4	3.1145473943333375E-4	8.487596888087864	0.8589219957104369
100	9.323234262410551E-4	4.180023513851795E-4	9.569817236751987E-4	2.463749109591771E-4	9.741983080857608E-4	3.1948879254864676E-4	8.185882161906193	0.8261748605723551
101	9.673365530034062E-4	3.945490972715301E-4	9.517808962300478E-4	2.5401522230281815E-4	9.353964760521194E-4	3.1596209390266487E-4	7.894941773651226	0.7976330596169843
102	9.883910533972085E-4	3.737170527529088E-4	9.797114300909016E-4	2.5637302531174863E-4	9.609759208615287E-4	3.1668051595763817E-4	7.61427938084671	0.7725802445238181
103	9.768103300302755E-4	3.854369206887246E-4	9.51206233139601E-4	2.4671362987376325E-4	9.691663656212768E-4	3.227985944848019E-4	7.343521063539811	0.7458078715999662
104	9.95533850073116E-4	4.398120942628988E-4	9.962313879441353E-4	2.689962404191819E-4	9.486698854743736E-4	3.1871372463181043E-4	7.082520682262839	0.7199468709603896
105	9.967887708626222E-4	4.025312280841068E-4	9.90728483429848E-4	2.482594931232023E-4	9.65084504969127E-4	3.182200920563398E-4	6.830682063362474	0.6960001413651841
106	9.541714225633768E-4	4.460844786535745E-4	9.786261525732698E-4	2.6102823932052234E-4	9.886047578220314E-4	3.316676172006909E-4	6.587915597112442	0.6688460798652075
107	9.99801549824042E-4	4.1447579617072606E-4	9.961804498743732E-4	2.672258563543929E-4	9.473156085277878E-4	3.348645935184814E-4	6.353754801453761	0.6456993365462854
108	9.90068590908777E-4	4.314112641493141E-4	9.811099189391825E-4	2.596057457791372E-4	9.867320566172566E-4	3.2740139707991485E-4	6.127815028245095	0.6250768233122369
109	9.986006589315366E-4	4.1833079288673095E-4	9.570149968567421E-4	2.525284667786469E-4	9.625845714253956E-4	3.362422790623417E-4	5.9100046562816715	0.603452291771407
110	9.975433181352855E-4	4.1760243425414956E-4	9.96722175841569E-4	2.6633557573601337E-4	9.512067153991666E-4	3.3977385553378935E-4	5.700009284715634	0.5825317185413568
111	9.679727845650632E-4	4.019530997863642E-4	9.642198590427142E-4	2.5313091166959855E-4	9.520842395431828E-4	3.394951297949726E-4	5.497377934661927	0.5630897940481435
112	9.357724115943711E-4	3.9865019480852685E-4	9.913854951264511E-4	2.587234139232228E-4	9.855137814156478E-4	3.566974030012429E-4	5.302081239758991	0.5427582263997714
113	9.526341559649154E-4	4.1151578482510686E-4	9.90973694342756E-4	2.454961663117597E-4	9.957965676221647E-4	3.548219012767923E-4	5.113744324386062	0.5247090975149866
114	8.988799490907695E-4	3.950229562243684E-4	9.570214272116573E-4	2.499195253787204E-4	9.864166559054866E-4	3.54182119203391E-4	4.932116552346997	0.505746637612703
115	9.8313392527416E-4	3.978845942843431E-4	9.951679892310494E-4	2.6822626903816164E-4	9.819521305871604E-4	3.379454062125756E-4	4.757013792408543	0.48823753374038786
116	9.707776916911826E-4	4.01159600252348E-4	9.912308280490834E-4	2.5208151216886746E-4	9.94719355048801E-4	3.5880536904642213E-4	4.588092069498089	0.47127998277852545
117	9.917037568811793E-4	4.4679636815609617E-4	9.959284116121125E-4	2.4545779419403934E-4	9.94509189240489E-4	3.5071907091988627E-4	4.4252896252401115	0.45496648999543954
118	9.6451297213207E-4	3.874929197666331E-4	9.940163351984665E-4	2.5746753609948083E-4	9.901567154884106E-4	3.4382224503971023E-4	4.268216063926957	0.43920817504149773
119	9.583383216522634E-4	4.0835738046293306E-4	9.840124291713437E-4	2.539409101946394E-4	9.521440088064992E-4	3.647121580257049E-4	4.116852957500669	0.4231117110235741
120	9.955280074791517E-4	4.0174295418182737E-4	9.831851552917215E-4	2.6911588197681585E-4	9.766365446921554E-4	3.6519365094016775E-4	3.970923254131776	0.4093405287470585
121	9.55848848207097E-4	4.2602514080109747E-4	9.50289811953553E-4	2.4870243279675943E-4	9.459484135732055E-4	3.54288178665516E-4	3.8301386044331593	0.39516944238439955
122	9.892592715914361E-4	4.045460867863377E-4	9.936683088653808E-4	2.6307029988733904E-4	9.953344060704694E-4	3.4470740760489686E-4	3.694422906228283	0.3816130890912864
123	9.550868453516159E-4	3.7146576362699434E-4	9.719917998154415E-4	2.6201163117351627E-4	9.691882198694657E-4	3.285714053558159E-4	3.563593084949389	0.36832065173311684
124	9.451221631024964E-4	3.89898996672855E-4	9.745045445015421E-4	2.6860742260961725E-4	9.853937515345024E-4	3.299064782320209E-4	3.43743896142405	0.35565496935246776
125	9.53665440192708E-4	4.1171303938166863E-4	9.871387705970847E-4	2.520936317326945E-4	9.865379570328514E-4	3.442540585183451E-4	3.3157389124571637	0.34325748230710634
126	9.900834484142251E-4	4.1653709571879257E-4	9.667989379522623E-4	2.549609626667744E-4	9.928730460160295E-4	3.4182158845540373E-4	3.198472367494105	0.33145258750426393
127	9.892596208374016E-4	4.0128810087480815E-4	9.749693206231314E-4	2.6716702452201415E-4	9.92449244904492E-4	3.440399353729318E-4	3.085356808085635	0.3199647658958264
128	9.892571506497916E-4	3.8774278388180913E-4	9.691689429018879E-4	2.5494648674966074E-4	9.912955920299282E-4	3.437906109172074E-4	2.976353416655911	0.30894582422452427
129	9.886123007163405E-4	3.9521461657646535E-4	9.702813506464736E-4	2.694308346702668E-4	9.919335989252431E-4	3.141907590014326E-4	2.8712255868595093	0.2982677335500851
130	9.696936895124963E-4	4.223088510246141E-4	9.905927665840863E-4	2.63391556368456E-4	9.947741164069157E-4	3.0141601852942825E-4	2.769783354833635	0.28797406504062983
131	9.841329592745751E-4	4.078396904917879E-4	9.655257367739978E-4	2.52231444840839E-4	9.588457742211176E-4	3.180366026131914E-4	2.672003800587845	0.27795814744818315
132	9.822174906730652E-4	4.1154597079184896E-4	9.67271455010632E-4	2.5965388896278646E-4	9.887112501019146E-4	3.098499912479575E-4	2.5778617624309845	0.2687840826481026
133	9.572161761752795E-4	4.017946082188116E-4	9.657179998612264E-4	2.545030509011397E-4	9.812980752030853E-4	3.047250297760528E-4	2.486948713867605	0.2593225943697447
134	9.846809225564357E-4	4.122340524190804E-4	9.84555637842277E-4	2.6545185548727476E-4	9.160161334875738E-4	2.9602737418156863E-4	2.3992924794256396	0.25022388338361995
135	9.841926257649902E-4	4.160132448630195E-4	9.87429930091821E-4	2.6041405950259967E-4	9.993625099014025E-4	3.273908423220985E-4	2.314784737303853	0.24171976061010228
136	9.853625488176476E-4	4.256732990727739E-4	9.917614881942427E-4	2.705710081512292E-4	9.429637393623125E-4	3.07945695699106E-4	2.233447864626214	0.2334099268966689
137	9.407474135514349E-4	3.662962911091329E-4	9.84181279591212E-4	2.6464521281898643E-4	9.82799283519853E-4	3.0367876394894923E-4	2.154909392051195	0.22601042985768519
138	9.969269594876096E-4	3.9876651508815745E-4	9.909580130624818E-4	2.7126425506311707E-4	9.94778034510091E-4	3.008170540397259E-4	2.079168594598741	0.21827415053788418
139	9.696828274172731E-4	3.980307862353324E-4	9.736343308759388E-4	2.609887911554275E-4	9.486285598541144E-4	3.402857741653301E-4	2.0062112300947774	0.2108336146359254
140	9.782252564036753E-4	4.0523507846046414E-4	9.685524673841428E-4	2.617889377762441E-4	9.90141577403847E-4	3.301871685765106E-4	1.9357757106117788	0.20352701059476797
141	9.896597812257824E-4	4.5289401730639966E-4	9.95037276425137E-4	2.5582149974193397E-4	9.566012286086334E-4	3.006383769552019E-4	1.8679081185764517	0.19655787594536622
142	9.664696244726656E-4	4.148400549703573E-4	9.87599248674087E-4	2.560202700978324E-4	9.568383829900995E-4	3.1142345947862335E-4	1.8024020689808822	0.18996716885331597
143	9.192704965244047E-4	3.879575199334795E-4	9.590391655365238E-4	2.600315875018144E-4	9.009439527289942E-4	2.854203373130869E-4	1.7393778177829518	0.18335823115951022
144	9.589906621840782E-4	4.196749666789401E-4	9.614958207748714E-4	2.609223200898988E-4	9.26846011680027E-4	3.0071416975447507E-4	1.6784218454704387	0.17718481022911
145	9.867181652225554E-4	4.031110115647607E-4	9.910822368510708E-4	2.698712588991495E-4	9.88794419754413E-4	3.439184659456283E-4	1.6197629729140317	0.17111979436304128
146	9.608722975826822E-4	3.9474909830719947E-4	9.915897414884967E-4	2.711114254600181E-4	9.780807340575848E-4	3.1622874483288726E-4	1.5632182660338003	0.1652590332207655
147	9.740561581565998E-4	3.8123411617821797E-4	9.70449091937553E-4	2.6446598417965723E-4	9.963258507923456E-4	3.2358589527202404E-4	1.5087183856521733	0.15968638577014818
148	9.491466007602867E-4	4.040967871138231E-4	9.910916505759815E-4	2.756266876346942E-4	9.830982653511455E-4	2.852982178853544E-4	1.456102819487569	0.15424199615234696
149	9.980339673347771E-4	4.108150240946478E-4	9.662436259532114E-4	2.6163783269185915E-4	9.560439066262916E-4	3.407189303976711E-4	1.405213427857234	0.14896677570463732
150	9.41248767048819E-4	3.942171683125447E-4	9.657056671130704E-4	2.588727906481221E-4	9.750603676366154E-4	3.262135132899857E-4	1.3563047108291357	0.14400449104578875
151	9.927957398758736E-4	4.515263073829244E-4	9.667378471931443E-4	2.660834293790784E-4	9.86435925369733E-4	3.3347466386984684E-4	1.3091489089274546	0.13913783313889955
152	9.739658758007863E-4	4.413528167788172E-4	9.997787999509455E-4	2.6705990101593644E-4	9.820820378081407E-4	3.1292724754796206E-4	1.26365039927623	0.13437400800836047
153	9.785933143575676E-4	4.213157044107772E-4	9.834760503508733E-4	2.7290532587456354E-4	9.815480952966027E-4	3.198363168300999E-4	1.2197406302002491	0.12984298854584303
154	9.92006771866727E-4	4.1855449135904825E-4	9.954612723959144E-4	2.70878810692306E-4	9.914050422139553E-4	3.1231595727522526E-4	1.177359025063197	0.12554958850132084
155	9.454429368815909E-4	4.0979469398345306E-4	9.95307235598375E-4	2.644292975907553E-4	9.177757110592211E-4	3.094506654027403E-4	1.136566942139325	0.12120576254128188
156	9.556217992212623E-4	3.79771666302986E-4	9.825883346366027E-4	2.704735083895955E-4	9.774065329111181E-4	2.965420772001473E-4	1.0971720488487335	0.1170367098369892
157	9.474899743509013E-4	4.0849675376973337E-4	9.91178365666201E-4	2.7498428019842667E-4	9.924714649969246E-4	3.053812060431646E-4	1.0592285029924824	0.11318525494163728
158	9.636068425606936E-4	4.0099363319053997E-4	9.79204218083396E-4	2.6949756771943147E-4	9.80942642854643E-4	2.940208511378072E-4	1.0226117007550783	0.10937609072358764
159	9.920173833961599E-4	3.8251546941735014E-4	9.999997339491529E-4	2.6978664646235673E-4	9.839124422796885E-4	2.857736714164415E-4	0.9872909849764255	0.1057091209769029
160	9.766292496351525E-4	3.8672606927190955E-4	9.96178932609837E-4	2.6878538293400396E-4	9.831238767219475E-4	2.6600525400984526E-4	0.9531923494505463	0.10201689435691955
161	9.984653333958704E-4	3.6374935465184014E-4	9.911027257203386E-4	2.6090006562102446E-4	9.955392761185067E-4	2.853254757330713E-4	0.9202512290030427	0.09864710752126485
162	9.491936834820081E-4	3.7898765809326766E-4	9.839943486440461E-4	2.6305871796393075E-4	9.811511190491728E-4	2.562901067204411E-4	0.8886574852658669	0.0954233594808644
163	9.702030911284965E-4	3.6862664572774E-4	9.868206034298055E-4	2.6985396831101706E-4	9.98995541522163E-4	2.4864547411268106E-4	0.858112844889547	0.09225157959276307
164	9.591925918357447E-4	3.617106525390617E-4	9.893815877148882E-4	2.6110963602371377E-4	9.557229705023929E-4	2.5347103601001063E-4	0.8285457562888041	0.08913800505817142
165	9.758584128576331E-4	3.9609844143991983E-4	9.91499361134629E-4	2.7082509464472005E-4	9.872128466668073E-4	2.3900079615183736E-4	0.8001050981329172	0.08611896766597406
166	9.84878122835653E-4	3.9482083619597167E-4	9.705903621579637E-4	2.530028561259793E-4	9.670184444985352E-4	2.227488399244183E-4	0.7726720537793881	0.08316606395668491
167	9.697697350929957E-4	3.8360119947355997E-4	9.846353107150208E-4	2.5888934125170045E-4	9.997292818297865E-4	2.3698030577762463E-4	0.7461309828904632	0.08041299593319484
168	9.817147365538403E-4	3.91994800890773E-4	9.843669481597317E-4	2.6687557007445885E-4	9.70557519394788E-4	2.3258018036824814E-4	0.7205986006229068	0.07775668457333652
169	9.882154954539146E-4	3.6112223879821874E-4	9.637841628773458E-4	2.698809847806337E-4	9.836283297772752E-4	2.507438538521875E-4	0.6959596412925748	0.07575107643068021
170	9.812856951612048E-4	3.623335153406515E-4	9.79855270088592E-4	2.8631173238648585E-4	9.980370059565757E-4	2.5347485351490974E-4	0.672186218900606	0.0728099071245242
171	9.91497960058041E-4	3.9656857468019425E-4	9.812202370085288E-4	2.756762789633487E-4	9.841950777627062E-4	2.4301850293084452E-4	0.6492689701408381	0.07078184406283396
172	9.338030577055179E-4	3.659926686460884E-4	9.805935551412404E-4	2.67225123897751E-4	9.935310044966172E-4	2.417090471424625E-4	0.6271467670958373	0.0679341386528834
173	9.790469521249179E-4	3.559759000251818E-4	9.908480074045656E-4	2.690339334500046E-4	9.845112635957776E-4	2.5507086440530914E-4	0.6057942141087551	0.06574902710726921
174	9.892570815281942E-4	3.8595860116531967E-4	9.932694401868503E-4	2.656111446044265E-4	9.902502370096045E-4	2.4838272640455473E-4	0.5851750504334632	0.06345578541186639
175	9.498720683041029E-4	3.516639059008802E-4	9.797421928396943E-4	2.5766988796562684E-4	9.893529231703724E-4	2.6632956744320743E-4	0.5652520934745553	0.06141961366734519
176	9.316477044194471E-4	3.807055242889744E-4	9.944188677764032E-4	2.69127756413385E-4	9.698147787275957E-4	2.551633269015441E-4	0.5461887787241722	0.05932968749745249
177	9.752228907018434E-4	3.586730599636212E-4	9.88661803830837E-4	2.503271592817131E-4	9.924532478180481E-4	2.537581745587093E-4	0.5275416771110031	0.057375671344163076
178	9.80760138190817E-4	3.8258942842211193E-4	9.958824196019123E-4	2.8453317182120864E-4	9.938573875842849E-4	2.6981322923511005E-4	0.5098305988794891	0.05549504207629245
179	9.86285347607918E-4	3.798392718376168E-4	9.988273468479747E-4	2.8219782743437664E-4	9.645365867072542E-4	2.6506558246626065E-4	0.4925157314428361	0.054582245050325585
180	9.536090328765567E-4	3.29793019610796E-4	9.884469291137066E-4	2.860465306311097E-4	9.918350115185603E-4	2.7679906066880043E-4	0.47598561016638996	0.052460830670827276
181	9.592053029336967E-4	3.218300471741843E-4	9.907559415296419E-4	2.910969810857621E-4	8.831265695334878E-4	2.802469863733374E-4	0.4600671152038558	0.051432854984524615
182	9.663755713518185E-4	3.4510068897881344E-4	9.839203298724897E-4	2.6223552619815865E-4	9.672012020018883E-4	2.7038953217365465E-4	0.4444071888101462	0.049448049142232775
183	9.699336842459161E-4	3.4030859325996844E-4	9.89664131338941E-4	2.625523467412603E-4	9.847231522144284E-4	2.624011371655144E-4	0.42962345102932886	0.047025233781015724
184	9.735795492815669E-4	3.455006013674782E-4	9.981817481730104E-4	2.8373801596141374E-4	9.579632787790615E-4	2.7323387081569544E-4	0.4151508660033869	0.04619392621116822
185	9.854806480689149E-4	3.835031741670848E-4	9.712398914416553E-4	2.7942089340942603E-4	9.855204980340204E-4	2.80221407266277E-4	0.4011410795719712	0.0447638491924954
186	9.757346906553721E-4	3.564174575590836E-4	9.747810868248052E-4	2.619356696350729E-4	9.905478236760246E-4	2.7969541342360736E-4	0.38768268335115863	0.0431272625118072
187	9.618794938432984E-4	3.528368377569028E-4	9.718932317355211E-4	2.6097315234589286E-4	9.814720797294285E-4	2.947003440101234E-4	0.3748546087226714	0.04175848205641523
188	9.808733011595905E-4	3.594300540693699E-4	9.933041192198289E-4	2.8717020357918146E-4	9.666668811405543E-4	2.8931506535511103E-4	0.36226742804137757	0.04041879231601888
189	9.761212713783607E-4	3.7572201806921967E-4	9.795540620416432E-4	2.8237566151411943E-4	9.900165550789097E-4	2.685788118026558E-4	0.35020279466334614	0.03944934305675287
190	9.988062306547363E-4	3.762914719313163E-4	9.93821638985537E-4	2.8693556934870554E-4	9.93017327346024E-4	2.810222081979401E-4	0.33849469578490243	0.03810200010695091
191	9.89476558061142E-4	3.6449357532676786E-4	9.844181865901191E-4	2.916697626005771E-4	9.514723392385349E-4	2.759098788490706E-4	0.32717353654516046	0.036869323866054154
192	9.625550815144379E-4	3.531898319449413E-4	9.967700727884221E-4	2.7792126168686297E-4	9.807543010538211E-4	2.84608693677094E-4	0.31638859331360436	0.03575146480647244
193	9.605109785297827E-4	3.656239466960999E-4	9.8806661708295E-4	2.735690343279708E-4	9.97538771116524E-4	2.913060729718918E-4	0.3058047470622114	0.03424785874042027
194	9.461696431571909E-4	3.5513959067299893E-4	9.942013771251368E-4	2.80444757651013E-4	9.46025111261406E-4	2.823227370101496E-4	0.2957877246517455	0.03322927550023996
195	9.03773216123227E-4	3.6244227638755025E-4	9.847495402937056E-4	2.679816433075959E-4	9.804128658288391E-4	2.848744875628211E-4	0.2859773222953663	0.032183167699398836
196	9.041234879987314E-4	3.5766777263493817E-4	9.963354914361844E-4	2.730326952031545E-4	9.917732759276987E-4	2.5629103273762995E-4	0.27662348969533923	0.03113379571386031
197	9.627255458326545E-4	3.228236168329853E-4	9.90323383575742E-4	2.7177838836046756E-4	9.682564195827581E-4	2.7226128381348995E-4	0.2674300209073408	0.030121230009082865
198	9.862824554147664E-4	3.481626699470196E-4	9.76707709924085E-4	2.8180896630500583E-4	9.747769404384599E-4	2.6461621801806754E-4	0.25868621372865164	0.02912899557491255
199	9.536684265185613E-4	3.450601967155568E-4	9.85344183163761E-4	2.838563600878135E-4	9.944749162968947E-4	2.3594461609158875E-4	0.25021460378411575	0.028190152519244293
200	9.518820115772542E-4	3.545110004909345E-4	9.668659106409905E-4	2.770343806888478E-4	9.954480519809294E-4	2.93496465509144E-4	0.2419970373630349	0.027352092144948985
201	9.344093996332958E-4	3.514234236783003E-4	9.761608096141572E-4	2.8439898707931986E-4	9.924914613748115E-4	2.6638401151010324E-4	0.2340812375805399	0.026689218805949343
202	9.787997805688065E-4	3.621114335926125E-4	9.923934669586743E-4	2.861157702877141E-4	9.927932260325179E-4	2.71309374091708E-4	0.22628239360710722	0.025723082427244633
203	9.94411442661658E-4	3.3977049815803184E-4	9.94818916069562E-4	2.9079219523416266E-4	9.732411813274666E-4	2.831714842520738E-4	0.21898743452038616	0.024925921728363797
204	9.677107400420937E-4	3.266730636499103E-4	9.62163620897627E-4	2.73786719961728E-4	9.709090554679278E-4	2.9090614026035136E-4	0.21188260201961384	0.02419106536805129
205	9.451091937080491E-4	3.197837076446116E-4	9.9069785460415E-4	2.861004099814737E-4	9.775850921869278E-4	2.864090528570766E-4	0.20504638587590307	0.02326435513961587
206	9.706405635370174E-4	3.5057874177774854E-4	9.924475980369607E-4	3.0768193929522084E-4	9.633863028284395E-4	2.6862366819211905E-4	0.19837647608437692	0.02276721845707474
207	9.802085187402554E-4	3.30318746591729E-4	9.867506726095598E-4	2.7937613677093194E-4	9.746247724251589E-4	2.830413761143856E-4	0.19193829760479275	0.021750047752519094
208	9.89545678748982E-4	3.3442587515050297E-4	9.95926439827599E-4	3.0435233156822505E-4	9.83704230748117E-4	2.7426961957807623E-4	0.1857158513230388	0.021218990180163984
209	9.719977388158441E-4	3.6232189073156666E-4	9.955907589755952E-4	3.171732353634712E-4	9.719847203086829E-4	2.7353167301486956E-4	0.17973770987737225	0.020673472586515883
210	9.640845455578528E-4	3.141750211008392E-4	9.87499090115307E-4	3.0122394418065276E-4	9.628141560824588E-4	2.810750003192926E-4	0.17395149887670414	0.01993222324784915
211	9.420734204468317E-4	3.0391203426916036E-4	9.960703155229567E-4	3.155145469155982E-4	9.663758501119446E-4	2.732283099493753E-4	0.1683899881427351	0.019392407712357194
212	9.93037136595376E-4	3.121035784131111E-4	9.731590362207498E-4	3.1272120377386325E-4	9.722822815092513E-4	2.887691528205603E-4	0.16297418019166798	0.01874091460933915
213	9.507327849860303E-4	3.1535977440658565E-4	9.968906090307428E-4	3.2063438594404406E-4	9.9622855304915E-4	2.945867210469143E-4	0.15759901913042995	0.018177566783627554
214	9.62734618497052E-4	3.240112959182235E-4	9.860628015303519E-4	3.234770902121026E-4	9.907204166665906E-4	2.8555960567735805E-4	0.15275856991502224	0.01771649442742693
215	9.664468525443226E-4	3.423632323509602E-4	9.932665100222948E-4	3.204871254370921E-4	9.856778970060986E-4	2.619290134869236E-4	0.1478723922446079	0.017252300265933926
216	9.321105389972217E-4	3.1032606917895985E-4	9.835120629304583E-4	3.171609772139431E-4	9.82315965302405E-4	2.8724869610367675E-4	0.14312448125929222	0.016554470341808975
217	9.071398599189706E-4	2.944246530855058E-4	9.871121917512937E-4	3.149546236714099E-4	9.976967844522733E-4	2.892367655453526E-4	0.13854393958172295	0.016028981544205758
218	9.485241971560754E-4	2.987456793692088E-4	9.990189314521558E-4	3.0344452175888685E-4	9.910269418469397E-4	2.868208696968512E-4	0.13413973734350293	0.015470464199962787
219	9.50583147641737E-4	2.959538568510262E-4	9.85605451205629E-4	3.0309135399206484E-4	9.671196257841075E-4	2.9279197518077964E-4	0.1298985292269208	0.015136826528640469
220	9.957415677490644E-4	3.1441492017490546E-4	9.964109758584527E-4	3.181548103023434E-4	9.900435816234676E-4	2.9852468327216903E-4	0.12590662040020106	0.014637820248168164
221	9.568990681145806E-4	3.0773590015087393E-4	9.555792944411223E-4	3.161405119539375E-4	9.916008675645571E-4	2.982704496820915E-4	0.12189551004121313	0.014236367439496661
222	9.877745869744103E-4	3.0887994145294736E-4	9.931334352586418E-4	3.352525282159203E-4	9.91336131846765E-4	2.8801020787865965E-4	0.11802524080849253	0.0137319192191845
223	9.666909963925718E-4	2.755624026836553E-4	9.990968810598133E-4	3.435897752845395E-4	9.809880757529754E-4	2.906637218168329E-4	0.1144214268642827	0.013399202992635771
224	9.607384790797369E-4	3.076654401671216E-4	9.751401721587172E-4	3.241071445927446E-4	9.88328094535973E-4	2.7679709303531406E-4	0.11072079556834069	0.01289513692380372
225	9.336881994386204E-4	2.983508612552604E-4	9.990001726691844E-4	3.460272633299824E-4	9.9371669057291E-4	2.995282965492571E-4	0.10728624898183625	0.012604012903716742
226	9.501166896370705E-4	2.7790868625743315E-4	9.857191821538436E-4	3.3910005555191995E-4	9.888394515655818E-4	2.5982627100044436E-4	0.10397818817727966	0.01232870146200387
227	9.72014283433964E-4	2.8870888682571864E-4	9.977755617001094E-4	3.36473961241219E-4	9.989540376409423E-4	2.795307719819763E-4	0.10082030741978087	0.011820008659376232
228	9.393203290528618E-4	2.8795289871855597E-4	9.843041361818905E-4	3.5306400551395625E-4	9.67193325777771E-4	2.677429534357473E-4	0.09755269924062304	0.011611499279470338
229	9.845832391874865E-4	3.2608277729195834E-4	9.904337393891183E-4	3.511356852240009E-4	9.699783777250559E-4	2.927982406489695E-4	0.0945264401161694	0.0111998967861428
230	9.632029177737422E-4	3.099641061713295E-4	9.896137066789379E-4	3.4611905645012E-4	9.663045584602514E-4	2.896896773027271E-4	0.09157515312472242	0.010880547710557912
231	9.479533800913487E-4	2.815020833557875E-4	9.96675855731155E-4	3.655611937360578E-4	9.768607342266478E-4	2.741725006730214E-4	0.08877595589729026	0.010565328816764774
232	9.733006663736887E-4	2.9437320634834966E-4	9.885055355880468E-4	3.567902413659099E-4	9.93921814369969E-4	2.832474877101422E-4	0.08606710857566213	0.010217093123645299
233	9.914527840919618E-4	3.2615442020349813E-4	9.913903929827939E-4	4.022790105730511E-4	9.957366728485795E-4	2.8032440396740497E-4	0.08340968471748056	0.009937657199106279
234	9.497895116510335E-4	3.0172927056680365E-4	9.829312130023027E-4	3.3385062258405794E-4	9.688346308394102E-4	2.739645839634856E-4	0.08085473258324782	0.009498196125489798
235	9.955617897503544E-4	3.283467658548034E-4	9.6914071559695E-4	3.4175240054017716E-4	9.531705709378002E-4	2.860279552211208E-4	0.07829871268768329	0.009329390416195888
236	9.60949622822227E-4	3.1510130845293006E-4	9.785739930521231E-4	3.4541168337065233E-4	9.753200865816325E-4	2.899581560576245E-4	0.07599590777681442	0.009020307677881265
237	9.213400003318384E-4	3.013040260546924E-4	9.942655669874512E-4	4.1215476427558837E-4	9.922691474457679E-4	2.916582869800503E-4	0.07365123734416557	0.008822247488843284
238	9.766052503437095E-4	3.065689757672122E-4	9.88696070635342E-4	3.614994801409921E-4	9.93509303953033E-4	2.798522036172448E-4	0.07148083298670826	0.00841246427552278
239	9.667800040915608E-4	2.9920344442351573E-4	9.763710640982026E-4	3.582561103030457E-4	9.94525548776437E-4	3.137586040968297E-4	0.06933146161827608	0.008291498138967493
240	9.862883225650876E-4	3.241493221334427E-4	9.892813777696574E-4	3.8065396700273727E-4	9.880845918814884E-4	2.923623969122556E-4	0.06720950444650953	0.008091532695307397
241	9.919594522216357E-4	2.7122874117984405E-4	9.909533364407253E-4	3.5677779539712774E-4	9.755615938047413E-4	2.991852538740111E-4	0.06522509068599902	0.007792919030585439
242	9.987303819798399E-4	2.9462897136259665E-4	9.81335309916176E-4	3.927553235826053E-4	9.950731619028375E-4	2.649789793663214E-4	0.06330374781100545	0.007685938942932851
243	9.924892547132913E-4	3.144841669901715E-4	9.691922641650308E-4	3.6322814960060767E-4	9.904691596602788E-4	2.784770664943491E-4	0.061404872740240535	0.0073883662837433365
244	9.969046423066175E-4	3.074094117567126E-4	9.868958513834514E-4	3.8392805633001055E-4	9.459593802603194E-4	2.956240595419028E-4	0.05954136229411233	0.007184375293272824
245	9.804704604903236E-4	3.095308152946278E-4	9.962404819816584E-4	3.807748022739231E-4	9.592181322659599E-4	2.8233322670227307E-4	0.05769373404109501	0.00687875132101204
246	9.48315911955433E-4	2.7688503048141556E-4	9.92093529930571E-4	3.5545990241579213E-4	9.712037817735109E-4	2.8360210569936055E-4	0.0561031964571157	0.006815084471868211
247	9.739290544530377E-4	2.885988172108357E-4	9.95560742012458E-4	3.5137028220820607E-4	9.900246150209568E-4	2.904274133820414E-4	0.05438335033977637	0.0064108134412813635
248	9.956694666470867E-4	3.1253593205552273E-4	9.579163761372911E-4	3.7444327441724974E-4	9.932775119523285E-4	3.0081839016906416E-4	0.052779725403524935	0.006393968960634861
249	9.941747739503626E-4	2.732683287181966E-4	9.867959342955146E-4	3.4001958648722006E-4	9.712511800898938E-4	2.839244250131182E-4	0.05121362331919954	0.006050878341539139
250	9.979496385312814E-4	2.708811563414721E-4	9.547874324198347E-4	3.6591949967389935E-4	9.570907659508521E-4	2.833742385122698E-4	0.049765673182264436	0.006069893751424799
251	9.485369514550257E-4	2.685932492048388E-4	9.79574764642166E-4	3.692490012326743E-4	9.665753996159765E-4	2.951344964714782E-4	0.048344326110964175	0.005838128856367113
252	9.820665909501258E-4	2.8632127691707865E-4	9.623772330087377E-4	3.681193701270656E-4	9.463966907787835E-4	2.764636774256173E-4	0.04684300123699359	0.0057257520620807205
253	9.529098279017489E-4	2.3584776681673247E-4	9.647929855418624E-4	3.704183812130525E-4	9.52578066062415E-4	2.8849474202639284E-4	0.04555974637696636	0.005548675223748535
254	9.089550367207266E-4	2.6901747498543827E-4	9.894829090626445E-4	3.472964136368059E-4	9.863290320026863E-4	2.9588714281859353E-4	0.044248196318221744	0.005213682583121593
255	9.860534191830084E-4	2.9010397965326514E-4	9.804629680729704E-4	3.3044755255754615E-4	9.986072745959973E-4	2.781049756835366E-4	0.04292223808442941	0.005254252665492326
256	9.827420144574717E-4	2.5282381765074594E-4	9.927292485372163E-4	3.4397844391215974E-4	9.806181521980761E-4	3.007834384800681E-4	0.041758887346077245	0.005136405041672597
257	9.556555523886345E-4	2.4458812991464844E-4	9.95663229332422E-4	3.324996064878048E-4	9.824868361647532E-4	2.911780048541401E-4	0.04056184423461673	0.004873762121922981
258	9.785310649021994E-4	2.5713550166983623E-4	9.895388338918565E-4	3.2743299438412317E-4	9.827143785514636E-4	2.7848768964315986E-4	0.03947436656744685	0.004925970891144237
259	9.73976413206401E-4	2.729292025378527E-4	9.816316451178864E-4	3.4815877895328284E-4	9.925231643137522E-4	2.887852877346375E-4	0.038252873349847505	0.004800703804868766
260	9.739049819472712E-4	2.665313651115347E-4	9.989953041440458E-4	3.487707873448796E-4	9.863202922133496E-4	2.816751773538365E-4	0.03719583283236716	0.004727973920837265
261	9.52173795667477E-4	2.564494860247838E-4	9.64477402931152E-4	3.125411721222398E-4	9.482121749897487E-4	2.7637695359608653E-4	0.03608999443167704	0.0044948147770469404
262	9.743515784066403E-4	2.767924914743552E-4	9.907715748340706E-4	3.557014982626632E-4	9.523941514544276E-4	2.842600834950505E-4	0.03514163561703754	0.004455553927331743
263	9.97958046355052E-4	2.6724232293418027E-4	9.95688422335661E-4	3.4033754113157295E-4	9.805388381209923E-4	2.6411881567466294E-4	0.034252026191097684	0.004310020070086525
264	9.526405046926811E-4	2.554685113409505E-4	9.83725127298385E-4	3.3974797044850546E-4	9.932620723702712E-4	2.7889577353189216E-4	0.0333247196758748	0.004147688420716584
265	9.387839095325035E-4	2.5294575129919394E-4	9.912040859489935E-4	3.4021597515285456E-4	9.630200574974879E-4	2.8745398269445734E-4	0.03228555864916416	0.004235695582017049
266	9.53811908402713E-4	2.6205690424571264E-4	9.72058473053039E-4	3.2232180823744527E-4	9.79417443886632E-4	2.7667862534541107E-4	0.03134488248178968	0.0038766260401548753
267	9.659690076659899E-4	2.68020586190687E-4	9.537719681702583E-4	3.1219960851558426E-4	9.45065175073978E-4	2.8485410329127405E-4	0.030287588815554045	0.003906093364829274
268	9.580492442182731E-4	2.5247787743865047E-4	9.991847273340682E-4	3.685752687618203E-4	9.976628207368776E-4	2.8500674035897717E-4	0.029694283453864045	0.0039593586802326285
269	9.448763375985436E-4	2.531352807701686E-4	9.587451841071015E-4	3.489656354888991E-4	9.784623780433321E-4	2.8600535328083567E-4	0.028806471404095646	0.0036236369978723815
270	9.868883967101283E-4	2.660230487176055E-4	9.588612756488146E-4	3.0977598362369463E-4	9.196164783134009E-4	2.8332936760004185E-4	0.027844363976328168	0.0036119168019379893
271	9.532194562780205E-4	2.566368935796553E-4	9.94120371160534E-4	3.3616327269295914E-4	9.76655499471235E-4	2.880277201058608E-4	0.02720700985446456	0.0035516303864494237
272	9.967941500690358E-4	2.6612236206347006E-4	9.871920301520731E-4	3.278907935119995E-4	9.678509031800786E-4	2.793482932678998E-4	0.0264572207670426	0.003526169591346447
273	9.511642783763818E-4	2.4224550471834455E-4	9.893129263218725E-4	3.3848193412658084E-4	9.559159589116462E-4	2.82796715439942E-4	0.025784948553337017	0.0033122244479203244
274	9.757909974723589E-4	2.587487345278662E-4	9.477999801674741E-4	3.3459915732367203E-4	9.77082176177646E-4	2.936987653776249E-4	0.02502444171841489	0.00317768546459767
275	9.956432859326014E-4	2.711703469101069E-4	9.692546950645919E-4	3.251365899489299E-4	9.950534126801358E-4	3.0145937546713423E-4	0.0243071938821231	0.003064975399040797
276	9.615106573619414E-4	2.5779760189184993E-4	9.471228822803823E-4	3.277410120257887E-4	9.581755075487308E-4	2.826856011896057E-4	0.023727192921796814	0.003038182198283281
277	9.779508909559809E-4	2.5665402735545025E-4	9.664397402957547E-4	3.102132251910916E-4	9.950988496711943E-4	2.871903280860212E-4	0.023037028673570603	0.002912926929817845
278	9.933839573932346E-4	2.756940383343525E-4	9.412132349098101E-4	3.2142283161344193E-4	9.57939422733034E-4	2.7577164802586107E-4	0.022551610290975077	0.003049764336937125
279	9.838597870839294E-4	2.591460209779533E-4	9.653504132529633E-4	3.1723135043648654E-4	8.95096662816286E-4	2.577395914496987E-4	0.021837047399458243	0.002804502344953298
280	9.817766126616334E-4	2.5902639439274414E-4	9.273733194277156E-4	3.17926845664513E-4	9.732357193570351E-4	3.1381046964130434E-4	0.021400597754109185	0.002865292853607397
281	9.641689102863893E-4	2.648176853199402E-4	9.44439236263861E-4	3.1404152480894883E-4	9.78518879492185E-4	3.215106319028284E-4	0.02074171281492454	0.002743220755751941
282	9.849948983173817E-4	2.7636160994656426E-4	9.950147123163333E-4	2.9586379819572056E-4	9.876747026282828E-4	2.88460604527548E-4	0.02038380188969313	0.0027033261698765107
283	9.975468492484652E-4	2.6433758431007197E-4	9.698543251488445E-4	2.8044324262863383E-4	9.862088691079407E-4	3.097956203780483E-4	0.019437159040535334	0.002623065835884608
284	9.509145820629783E-4	2.472217201687142E-4	9.58385202466161E-4	3.1466594257128437E-4	9.999574267567368E-4	2.7838307004784816E-4	0.019260719018348027	0.0027016576480800446
285	9.782549800547713E-4	2.700724788675351E-4	9.65777591773076E-4	2.968538782523764E-4	9.88579749900964E-4	3.1943580718992354E-4	0.019006248341611354	0.0027644972119699263
286	9.647340048104525E-4	2.71169109640011E-4	9.307954394444096E-4	2.6029094448176693E-4	9.837299571699987E-4	2.739028659212076E-4	0.018381358313490637	0.002696485043031337
287	9.398610127391294E-4	2.536667364958183E-4	9.599690729373833E-4	3.324421361096736E-4	9.661294734542025E-4	2.9997376175462984E-4	0.018214054762211163	0.0027914116523479883
288	9.516433337921626E-4	2.6266685011121026E-4	9.736234114825493E-4	3.280121890598922E-4	9.772284338396275E-4	3.006889798586762E-4	0.01764088950585574	0.0026996981394105894
289	9.964722580662055E-4	2.9367445235298613E-4	9.584531633208826E-4	3.3792468197664977E-4	9.670976578490809E-4	3.0819083463612537E-4	0.017035004377248697	0.0026005772714083938
290	9.99722793494584E-4	2.4578092042507445E-4	9.146065929144243E-4	3.0230090900178967E-4	9.442975442652823E-4	3.1204666612001555E-4	0.016810358240036294	0.0026886688895463536
291	9.613830566195247E-4	2.543638844534663E-4	9.951992751666694E-4	3.3899797522786283E-4	9.849469988694182E-4	3.09291594890172E-4	0.01662759587634355	0.0027423245952335673
292	9.841581704677083E-4	2.55789252150862E-4	9.750721355885617E-4	2.9784018761347397E-4	9.937896829796955E-4	3.1522975392269867E-4	0.016224663493630942	0.0026989557575876556
293	9.58227799856104E-4	2.5105075997089443E-4	9.285891464969609E-4	3.167650401489179E-4	9.993625262723072E-4	3.1054155466009455E-4	0.015978499828634085	0.002657503203337688
294	9.488104151387233E-4	2.619771478943481E-4	9.551254104280815E-4	3.5234652340755527E-4	9.695191563423577E-4	3.283083031431325E-4	0.01573628173355246	0.0027432675832198086
295	9.934343688655645E-4	2.5302813060079643E-4	9.203481695294613E-4	3.341457241011388E-4	9.901049616019009E-4	2.914122668558915E-4	0.015128036811802303	0.0026648095267878037
296	9.62822054134449E-4	2.6374672415840905E-4	9.952287582564168E-4	3.293000061274951E-4	9.563108851580182E-4	3.052490102070293E-4	0.0151140569432755	0.002686839305706321
297	9.93212309822411E-4	2.7273704495200946E-4	9.259533981094137E-4	3.338090236613627E-4	9.87256180451368E-4	3.1231684721579094E-4	0.014722542528033955	0.0026664261121462055
298	9.953935732482933E-4	2.7582784036894736E-4	9.939304654835723E-4	3.311620122430112E-4	9.511344269412803E-4	2.861709507879613E-4	0.014048017546883784	0.0025781770385416196
299	9.792921946427668E-4	2.758505908916829E-4	9.645484278735239E-4	3.4701668730324146E-4	9.705502043289016E-4	2.8866875891253585E-4	0.013757359505689237	0.002554176722915561
300	9.528104669698223E-4	2.663934888330134E-4	9.152260990958894E-4	3.097395484259222E-4	9.977773206628626E-4	3.0230822639728454E-4	0.013633895181556	0.0026006237580587428
301	9.774684835974767E-4	2.630449989088187E-4	9.856562046479667E-4	3.4857417179839304E-4	9.913118785789266E-4	3.138291000222801E-4	0.013230718155682553	0.002574865846122347
302	9.717146458569914E-4	2.678918124274787E-4	9.173111484415131E-4	3.398491054250978E-4	9.850298979472427E-4	3.1823110619090864E-4	0.013347192489163717	0.0026593895845039455
303	9.882025651677395E-4	2.533111762659246E-4	9.102354633796494E-4	3.366303390003446E-4	9.537362402625149E-4	3.0420203124310484E-4	0.012999347494769609	0.002593701044055817
304	9.625113548281661E-4	2.5357243976031896E-4	9.35640240641078E-4	3.23791126138278E-4	9.383552132931072E-4	2.8182682565504644E-4	0.012454250587325078	0.002485304116473469
305	9.99828537715075E-4	2.6746409223830724E-4	9.361977281514555E-4	3.18156157732119E-4	9.939997453329852E-4	3.1306938105374755E-4	0.012221632965520257	0.0025201815628305953
306	9.718761903059203E-4	2.688030346169918E-4	9.349697920697508E-4	3.1225625102453906E-4	9.649836883909302E-4	2.872267394032417E-4	0.011910715886187973	0.0025184874268897152
307	9.441473644073994E-4	2.579037191675785E-4	9.25995918805711E-4	3.0645535031857836E-4	9.659209044912132E-4	2.949038392752976E-4	0.011983590778982034	0.0025556177340708476
308	9.335875715805741E-4	2.473066851962358E-4	9.227541959262453E-4	3.0659828469323556E-4	9.494482146692462E-4	3.0053718046474387E-4	0.011593719336815411	0.002532849765430001
309	9.779064930626191E-4	2.583085106055348E-4	9.187119649141096E-4	3.0375667205362333E-4	9.695640546851791E-4	2.901067639063862E-4	0.011358197541994741	0.002497601131157186
310	9.579016841598786E-4	2.5774641049533135E-4	9.152103866654215E-4	2.996931871229612E-4	9.786694688500575E-4	3.254638822093115E-4	0.011136346045532264	0.0024567125535807166
311	9.257844476451282E-4	2.402447087856022E-4	9.141302125499351E-4	2.957842945837304E-4	9.708668621897232E-4	3.1739178363447235E-4	0.01093225280783372	0.002494107209342113
312	9.760974135133438E-4	2.6016493997563624E-4	9.524178203719202E-4	3.118764493845245E-4	9.797492871257418E-4	2.9216915950550733E-4	0.010485555099876365	0.002286808754421728
313	9.695432963781059E-4	2.530207092864397E-4	9.932326656780788E-4	3.514826989064406E-4	9.894527477172232E-4	2.9332915046791476E-4	0.010349118034355342	0.0023577935594628883
314	9.606155290384777E-4	2.599252350462068E-4	9.738221851876006E-4	3.1652788032311544E-4	9.861963003459095E-4	3.066731476629241E-4	0.01023797391098924	0.002375827213817856
315	9.834442244027741E-4	2.644244462512039E-4	8.984261676232563E-4	3.002930716130929E-4	9.577028949934174E-4	2.995567982883912E-4	0.009940634539816529	0.0023026155923002467
316	8.89169707079418E-4	2.3304491456396396E-4	9.022507156259962E-4	3.009385116001795E-4	9.595536046163033E-4	2.995817942169546E-4	0.009945449823135277	0.0023316880014159977
317	9.122391829805565E-4	2.517998730776786E-4	8.92393484718923E-4	2.9750671020817917E-4	9.818944836297305E-4	2.9748181398248655E-4	0.009739524513861397	0.0023267988240392857
318	9.28007753827842E-4	2.545530419735899E-4	9.570251786499284E-4	3.4191827064154897E-4	9.428570947420667E-4	2.95205670192025E-4	0.00933725180948386	0.002234811960773512
319	9.7463404017617E-4	2.527735741750803E-4	8.455596807834809E-4	2.9606613351360365E-4	9.5497646543663E-4	2.921715270951189E-4	0.00936440190707799	0.002328693103582105
320	9.759985441633034E-4	2.4532235144241507E-4	9.224805189660401E-4	2.957714662114894E-4	9.555623400956392E-4	2.8178332675055665E-4	0.009174557479127543	0.002269239926099475
321	9.533617740089539E-4	2.48511471357103E-4	9.5967219749582E-4	3.4737791176869196E-4	9.879985998395568E-4	3.0285771999726235E-4	0.008853990071656881	0.0021365469903584485
322	9.725722156872507E-4	2.59082167303859E-4	9.876832477857533E-4	2.7979924487908647E-4	9.736641550261993E-4	2.9318453608212643E-4	0.008763810095842928	0.002252557885296608
323	9.81688433967065E-4	2.6895901126928426E-4	9.272373592921213E-4	2.9843917277124393E-4	9.400809549333644E-4	3.0623081247773743E-4	0.00856191915954696	0.0021809267130401037
324	9.769891839823686E-4	2.6064807177915227E-4	8.126412330966559E-4	2.9256430333488324E-4	9.674804896349087E-4	2.6602350247883756E-4	0.00858312432319508	0.0021971021833208236
325	9.923916368279606E-4	2.598316203667699E-4	9.271862302284717E-4	2.830017562334635E-4	9.84591129963519E-4	2.8512818323342333E-4	0.008293573402625043	0.0021611009470682225
326	9.717709981487133E-4	2.454408660079415E-4	9.455650879317545E-4	2.878630755971143E-4	9.95662194554825E-4	2.785762918299439E-4	0.008090528339380398	0.0020021295116738245
327	9.625692810004693E-4	2.525704183296641E-4	9.975276557270263E-4	3.538732414654078E-4	9.836656572588254E-4	2.9311276222333853E-4	0.007956358364026528	0.0021243787658227296
328	9.979388632928021E-4	2.469348433221187E-4	9.094623337659868E-4	2.8651890522092397E-4	9.839768899837509E-4	2.595859200063818E-4	0.00808748384952196	0.002166572159189549
329	9.97468408968416E-4	2.686789192206821E-4	9.574207488185493E-4	3.4310149071517217E-4	9.458531953896454E-4	2.9915629748326244E-4	0.0074523584080452565	0.0019092244452881082
330	9.807772667045356E-4	2.6991575600732176E-4	8.330617902174708E-4	2.8193895953007895E-4	9.369243562105112E-4	2.962844882742315E-4	0.007691951763263205	0.0021083076428307086
331	9.747659569256939E-4	2.692889002966175E-4	9.779526262718718E-4	3.3655708774126144E-4	9.265286334994016E-4	2.627933230460491E-4	0.007199707433755975	0.0018873951420146598
332	9.913993999361992E-4	2.4520941103998794E-4	8.541029601474293E-4	2.8152475351185383E-4	9.192671823257115E-4	2.712870789309818E-4	0.007396406319458038	0.0019826728010087676
333	9.46420866966946E-4	2.3869352256562188E-4	9.76561472270987E-4	3.340861868221307E-4	9.894047007037443E-4	2.973300674368243E-4	0.0067783294507535174	0.0017725326462298585
334	9.89826199656818E-4	2.527645227213985E-4	8.515484150848351E-4	2.783474605570922E-4	9.061908767762361E-4	2.8974945744499937E-4	0.007163522197515704	0.0019618944013889647
335	9.80557109869551E-4	2.61574875529342E-4	9.195885768349399E-4	3.277956342470942E-4	9.51424119193689E-4	2.698959318737392E-4	0.006911537177074933	0.001889116785659244
336	9.427638933630078E-4	2.564299287054642E-4	8.705245936653228E-4	2.7531981637215114E-4	9.300477931901696E-4	2.832284678848545E-4	0.006656197729171254	0.001809330349821358
337	9.220064566761721E-4	2.434440107858141E-4	9.212295417455607E-4	3.1995385805001005E-4	9.549372571200365E-4	2.6311688638531614E-4	0.006690506328595802	0.0018534810389041056
338	9.328046317023109E-4	2.5156800484182895E-4	8.864456751780381E-4	2.7670643464716704E-4	9.89017945357773E-4	2.877167652166846E-4	0.006302123751083855	0.0017516794829357477
339	9.11269741209253E-4	2.576451131842207E-4	9.061978817044292E-4	3.259468914633443E-4	9.453548809688073E-4	2.731544549568263E-4	0.006444707581977127	0.001826709608116886
340	9.953679436875973E-4	2.878497284655168E-4	9.771705390448915E-4	3.5169334768801893E-4	9.990322691919573E-4	2.8495548008921007E-4	0.006139310495200334	0.0016487665960178463
341	9.830350863921922E-4	2.6766216046780755E-4	9.542704801788204E-4	2.98028645513821E-4	9.624137328501092E-4	2.695789355764071E-4	0.006173068228235934	0.0017132093647718857
342	9.910900371323805E-4	2.787543927362484E-4	9.566175867803395E-4	3.3533919777381825E-4	9.82676692729001E-4	2.9670455742584285E-4	0.006072949738154421	0.00172016870330571
343	9.49185798617691E-4	2.5801355241128476E-4	9.965393855964066E-4	2.8554737332342484E-4	9.555245906085474E-4	2.6066281365134415E-4	0.006047353101166664	0.001680755360500183
344	9.923464126586623E-4	2.701206447000004E-4	9.308889329986414E-4	3.3463077829133507E-4	9.333032794529572E-4	2.919167649284454E-4	0.00568004234082764	0.0016207255136484703
345	8.889230070963094E-4	2.4759062746073014E-4	9.088001359032205E-4	2.746353586265589E-4	9.586190662957961E-4	2.6139884290060785E-4	0.005904959005420096	0.001742115575118897
346	9.464240160923509E-4	2.564664558966407E-4	9.84094412842751E-4	3.137929963751655E-4	9.259016060241265E-4	2.902462853231363E-4	0.005357873680623015	0.001544149903914694
347	9.637960747568286E-4	2.679426062448848E-4	9.378328468301333E-4	2.6997780584755066E-4	9.981243024412834E-4	2.896664881845003E-4	0.0055300719213846605	0.0014746249166836681
348	9.746404111865559E-4	2.6119455001857465E-4	8.446544634352904E-4	3.068373492977925E-4	9.204947491525672E-4	2.7635367174438073E-4	0.005401184214861132	0.0015991186433383456
349	9.419486304977909E-4	2.4861176773681237E-4	9.369552608404774E-4	2.77343001130248E-4	9.895445364236366E-4	2.8539716314322176E-4	0.005566080777498428	0.0015930338735301163
350	9.127195953624323E-4	2.3251589245124445E-4	8.580783978686668E-4	2.998707970189369E-4	9.289643658121349E-4	2.661936092815602E-4	0.005315414102369687	0.0015699242051725644
351	9.391534622409381E-4	2.4432819980445074E-4	9.82249137450708E-4	3.252012956459617E-4	9.68216640785613E-4	2.748176253846442E-4	0.005258715231320821	0.0014660990876991006
352	9.359817740914878E-4	2.445295807059925E-4	9.998436516980291E-4	2.8026964097686385E-4	9.856941283032938E-4	3.0665836700456185E-4	0.005039870167820482	0.0014960494189343533
353	9.86279388598632E-4	2.529939686155558E-4	9.325704327238782E-4	2.837010606779384E-4	9.519555333099561E-4	2.691279325214661E-4	0.005111399725137744	0.0015709513314688857
354	9.557228004268836E-4	2.6374463358739116E-4	9.624614049243974E-4	3.032298926149855E-4	9.316362520621624E-4	2.59837037638614E-4	0.004766763548104791	0.0014434346674268008
355	9.806095949898008E-4	2.472056347804547E-4	9.78914495135541E-4	2.757297173540489E-4	9.452855388190073E-4	2.6917812635929295E-4	0.004994288978195982	0.0014404085137490479
356	9.986625191231724E-4	2.5767992432130474E-4	9.726770203997148E-4	3.2639729462541963E-4	9.645265417930204E-4	2.514709184162292E-4	0.004826632095500827	0.0015178149656701807
357	9.644673482398503E-4	2.8584329697878275E-4	9.715995117858256E-4	3.1079224995285887E-4	9.50734237449069E-4	2.610764589390831E-4	0.004734358946734574	0.0014389171827316732
358	9.587057538738009E-4	2.70469812351491E-4	9.691180616755446E-4	3.1449373128427597E-4	9.842840627243277E-4	2.464220590587875E-4	0.0046017918139114045	0.0014735930301898726
359	9.335132272099145E-4	2.541362303613174E-4	9.763930859207903E-4	3.28696458843246E-4	9.704329986561788E-4	2.6657430561126367E-4	0.004693983672041213	0.0014612710162461157
360	9.552407209412195E-4	2.675226298833877E-4	9.525493233013549E-4	2.909969730858898E-4	9.775671514944406E-4	2.7791823435435595E-4	0.004632799278624589	0.0014319720705666893
361	9.773740093805827E-4	2.531884603870692E-4	9.590961997218983E-4	3.016223508704267E-4	9.327312382083619E-4	2.546165233190167E-4	0.004219251168251503	0.0013311319418408882
362	9.927968967531342E-4	2.547252332923173E-4	9.442678988307307E-4	3.087286571914976E-4	9.760882883256272E-4	2.587730899437558E-4	0.004349931685283082	0.0013154911033611124
363	9.8618069978329E-4	2.683042853277584E-4	9.622969519114122E-4	3.3076859956635316E-4	9.662770971772261E-4	2.4110249720858215E-4	0.004293733782105846	0.001356322080076493
364	9.330089305876754E-4	2.4237584596318942E-4	9.928359741024906E-4	3.5160984800894666E-4	9.228327926393831E-4	2.5257497319823113E-4	0.004298358631785959	0.0013462216022009726
365	9.887170890579E-4	2.5350008741042984E-4	9.448737682760111E-4	2.8414164814370853E-4	8.638083977530187E-4	2.4330660603948508E-4	0.004302982742956374	0.0013114882779411054
366	9.82815442057472E-4	2.971564542804117E-4	9.577914797773701E-4	3.177810646535464E-4	9.099041267290886E-4	2.4749235521061893E-4	0.004032841898151673	0.0012024064082950866
367	9.712219316497794E-4	2.451484147059091E-4	9.547241043037502E-4	3.326076096325576E-4	9.648945751905558E-4	2.993127470804929E-4	0.004003643149189884	0.001246681124776076
368	9.754721718309156E-4	2.4343183577002492E-4	9.568925779603887E-4	3.1826977948412605E-4	9.220385218213778E-4	2.4034936354720953E-4	0.004114683026273269	0.0012910870017330618
369	9.963831371351262E-4	2.4057795826593065E-4	9.801856967897038E-4	2.936093271349212E-4	9.352362903882749E-4	2.692122026067074E-4	0.004038404757011449	0.001316114030278869
370	9.282687092309061E-4	2.2014075687236203E-4	9.690931374279899E-4	2.947731066392913E-4	9.365369917304633E-4	2.8640317160759306E-4	0.0036950578542018775	0.0011625828822296373
371	9.45438863709569E-4	2.3791566845180308E-4	9.840678453656437E-4	3.1639219666127855E-4	9.096413486986421E-4	2.3712407283500608E-4	0.003906149449903751	0.0012436328845003555
372	9.582594439052627E-4	2.678563071510455E-4	9.796891135920305E-4	3.1572364892756214E-4	9.018074106279528E-4	2.580225597553064E-4	0.003781875791901257	0.0012469591065313273
373	9.561005977047898E-4	2.3998656979529187E-4	9.483906810601184E-4	2.581211845911942E-4	9.318684778918396E-4	2.755848816341792E-4	0.0036096753901802003	0.0011593359023557605
374	8.82890210050391E-4	2.2976395072354144E-4	9.508552857369068E-4	2.8791835225976884E-4	9.286219283239916E-4	2.2703945867947486E-4	0.003704657676280476	0.001209223378478463
375	9.096896428673062E-4	2.508894208728764E-4	9.250284720110358E-4	2.662864814750618E-4	9.209741820086492E-4	2.569900834834315E-4	0.0037428692921821494	0.0011957463493259143
376	9.780934642549255E-4	2.6201680822980834E-4	9.169242966891034E-4	2.9185756248908647E-4	9.265677399525885E-4	2.846073011824046E-4	0.0036044326952833217	0.0011817095162916353
377	9.568870191287715E-4	2.4845266177310677E-4	9.18317404739355E-4	3.1329670373578565E-4	9.898348380374955E-4	2.848867093533906E-4	0.0034629932197276503	0.0011612637224633052
378	9.963130505639128E-4	2.432379968857796E-4	9.403481308254413E-4	2.516308651997355E-4	9.876465373963583E-4	2.9312073551361547E-4	0.0034092768764821813	0.0010859069240683787
379	9.895200100800139E-4	2.689040047698654E-4	9.402720343132387E-4	2.7867080826935207E-4	9.046473769558361E-4	2.3967688911724484E-4	0.0035271689666842576	0.0011415978151646192
380	9.560317321302136E-4	2.613506609187815E-4	9.777606392162852E-4	2.936345688466544E-4	8.927980888984166E-4	2.4776803695950104E-4	0.0033195282267115545	0.0010957113600949806
381	9.713322215247899E-4	2.6671881024802654E-4	9.8578604956856E-4	3.470053949538649E-4	9.148723956968752E-4	2.7085398867198726E-4	0.003457792456174502	0.0011683113270607
382	9.456249354116153E-4	2.640557922534624E-4	9.645598559018254E-4	3.084740909002903E-4	9.668622176377539E-4	3.006076320903766E-4	0.003301490836747689	0.0011125696774391472
383	9.577646569596254E-4	2.6200119249811645E-4	9.728542963785003E-4	2.7808797326163887E-4	9.28033505260828E-4	2.2741831737850868E-4	0.003380982376256725	0.0010382316435276042
384	9.781802364159375E-4	2.62020588024825E-4	9.574844998496701E-4	2.996840276144515E-4	9.170887078653323E-4	2.4955438765899977E-4	0.0033078910273616202	0.0010578006580864118
385	9.84844197773782E-4	2.5129957365217185E-4	9.315892166341655E-4	3.2128086686750775E-4	9.17896875535007E-4	2.734459258016087E-4	0.00323415423190454	0.0010712150897216122
386	9.87215836175892E-4	2.537360067955368E-4	9.557363666772289E-4	3.039652812491214E-4	9.093786447920138E-4	2.4420164663153726E-4	0.0030841975094517693	0.0011054684970802937
387	9.946366549229424E-4	2.6113890904915546E-4	9.925890356043965E-4	2.590302596495854E-4	9.233494783984497E-4	2.307512830227027E-4	0.003242831266106805	0.001038709209149407
388	9.697261302790139E-4	2.3907464638536373E-4	9.274079720853479E-4	3.0118157767194335E-4	9.263016206659813E-4	2.5354179715227825E-4	0.003245364630856784	0.001037589458597611
389	9.749346941134718E-4	2.375510044722822E-4	9.555389501656464E-4	2.9476068402169E-4	9.737781210787944E-4	2.6610809903524147E-4	0.0030474135564872995	0.0010325168078323967
390	9.794291772777797E-4	2.4814736418323136E-4	9.761292642451735E-4	3.0748078427222936E-4	9.146292304649251E-4	2.3104295694746467E-4	0.0029340116379898973	0.0010537072415612062
391	9.779649481060915E-4	2.594296805844871E-4	9.262004077754682E-4	3.058611360921128E-4	9.153397222689819E-4	2.475356443424878E-4	0.0029828089354850817	0.0010236537470487428
392	9.849562302406412E-4	2.446685203787118E-4	9.85160625532444E-4	2.7444015913463064E-4	9.356128748549963E-4	2.6290036965129286E-4	0.003064777800318552	0.0010390938549779594
393	9.292082067986485E-4	2.4302508060307964E-4	9.516592017462244E-4	2.765203706568779E-4	9.728310851642163E-4	2.526990472532768E-4	0.0030628895583504345	0.0010145344363387237
394	9.731005184221431E-4	2.4867933068760194E-4	9.889745042528375E-4	2.948138497660895E-4	9.44566267207847E-4	2.3292588823026634E-4	0.0028229792696947698	9.592479557566631E-4
395	9.441704755772662E-4	2.4669089358602444E-4	9.78622744923996E-4	3.042622897295486E-4	9.348033381684218E-4	2.478660489592025E-4	0.0028761665744241327	9.930860838940551E-4
396	9.619130328246683E-4	2.558580862179432E-4	9.586286755620677E-4	2.57243737425799E-4	9.362049022456631E-4	2.567903051828743E-4	0.0028527828835649416	9.691731067855922E-4
397	9.610034821889712E-4	2.4236771202725192E-4	9.913434987538494E-4	2.773922326216254E-4	9.569754670337716E-4	2.6118743826140044E-4	0.002693586462555686	8.476232395902769E-4
398	9.672301857790444E-4	2.3754801158507429E-4	9.282655607876222E-4	2.843001906158962E-4	9.808248751141946E-4	2.746692877292988E-4	0.0027335673294146545	9.019141739803953E-4
399	9.781658300198615E-4	2.4183707614611194E-4	9.18638556413498E-4	3.0883571752661335E-4	8.756229999562493E-4	2.3461465185080574E-4	0.0027571047940000426	9.467393345263054E-4
400	9.727188789838692E-4	2.4059524103644696E-4	8.919079455154133E-4	2.746649181328091E-4	8.586768781242426E-4	2.4035511801346915E-4	0.0028004295054415707	9.055926488915546E-4
401	9.793876802177692E-4	2.5625429533907403E-4	9.256989837922447E-4	2.7764777894390136E-4	8.804353019513655E-4	2.5609028982496686E-4	0.0026883071222982835	9.299545890357634E-4
402	9.076010246644728E-4	2.3518307177385265E-4	9.454305250073958E-4	2.834394740666034E-4	9.818225516937673E-4	2.513359909010969E-4	0.002556275612732861	8.222230316180803E-4
403	9.052994355442934E-4	2.4360626123000526E-4	9.86256866099211E-4	3.0801295872606715E-4	9.462929265282582E-4	2.4273596994088363E-4	0.0026632450717443135	8.929710504651819E-4
404	9.484303714089037E-4	2.5167282433358196E-4	8.793982542556478E-4	2.6907489021570855E-4	9.245631154044531E-4	2.4254641427945992E-4	0.0027782033575931564	9.118570304293243E-4
405	9.267872028431157E-4	2.3006921307049715E-4	9.795237988328154E-4	2.80179764280951E-4	9.012874033942353E-4	2.521833404770381E-4	0.002654411659023026	9.179932350302771E-4
406	9.94882957002119E-4	2.487482190320277E-4	9.791077945919824E-4	2.861391959893606E-4	9.595189517312974E-4	2.495673537244632E-4	0.002452459404594265	7.767597798390449E-4
407	9.729599041747861E-4	2.4818310560346745E-4	9.878658006527985E-4	3.0609657460445305E-4	9.859008719104168E-4	3.109456142498713E-4	0.0024371515319216996	8.72133820791313E-4
408	9.637344783186563E-4	2.375983421773396E-4	9.767949370598217E-4	2.4330579618157976E-4	8.726640717213741E-4	2.88421438923299E-4	0.002424659578537103	8.099397034521489E-4
409	9.85612416116055E-4	2.4990025843050844E-4	9.597115902124642E-4	2.8566620745272705E-4	8.99969494639663E-4	2.5815881334869447E-4	0.002459544553857995	8.334558244231081E-4
410	9.429179690414458E-4	2.342110668515878E-4	9.759561635291902E-4	3.2434864148929893E-4	9.52363305259496E-4	2.5807805762293644E-4	0.0025072680473385844	8.719453336510809E-4
411	9.966203401745588E-4	2.3888108824264367E-4	9.812032349145738E-4	3.197981285754597E-4	9.364410743728513E-4	2.3173244278204482E-4	0.002480692943208851	8.388615133542021E-4
412	9.602428249309014E-4	2.3493388458259039E-4	8.560793430660851E-4	2.7623604665905077E-4	9.041784996952629E-4	2.857176362424166E-4	0.002508641660824651	8.142735859785792E-4
413	9.897418131004088E-4	2.4444199500196973E-4	9.042872588906903E-4	2.693803250066493E-4	9.315767074440373E-4	2.4826470519201393E-4	0.0025109166526817717	8.259444285962126E-4
414	9.397379672009265E-4	2.1989710895858089E-4	8.407251170865493E-4	2.752319954500611E-4	9.070954322396574E-4	2.545250410943673E-4	0.002514344192604767	8.12099746973638E-4
415	9.535278923067381E-4	2.2306085686198327E-4	9.768140753294574E-4	3.4197103887992044E-4	9.882123263196263E-4	2.71938853523735E-4	0.002545884552091593	7.897311301773155E-4
416	9.927435125973716E-4	2.3884118529947176E-4	9.236316491296748E-4	3.235745410342537E-4	9.849304569797823E-4	2.432102248745557E-4	0.0025093886906688567	8.448945552919831E-4
417	9.947019070750684E-4	2.399899499973149E-4	9.997770393965766E-4	3.391179902602441E-4	9.530331699352246E-4	3.013187765406512E-4	0.002482733518263558	9.436777607679184E-4
418	9.273194445995614E-4	2.3547670473687634E-4	9.253691489448101E-4	2.6207884631427686E-4	9.25510215893155E-4	3.2951543926174054E-4	0.002359052345127566	8.246315694928285E-4
419	9.457135456614196E-4	2.1743319884340702E-4	9.008000706671737E-4	2.6368022573327227E-4	9.518397782812826E-4	2.583455036587204E-4	0.0025188722283928655	8.630671638495173E-4
420	9.554373459650378E-4	2.3886462018448844E-4	8.813650226784375E-4	2.6531774955174114E-4	8.972087925940286E-4	3.0481485751615285E-4	0.0023034570658637676	8.123650300310933E-4
421	9.849837624642532E-4	2.453009412550143E-4	9.387113450429752E-4	3.081681812331125E-4	8.605743678344879E-4	2.827178303313734E-4	0.002446264999889536	7.971276218409668E-4
422	9.800713037293463E-4	2.376183663597788E-4	9.057986326297396E-4	3.08451048845705E-4	8.807725353108253E-4	3.324238359231171E-4	0.002337763464311138	8.392499364177465E-4
423	9.569825406288146E-4	2.506197047945794E-4	8.725947818675195E-4	3.122267459742842E-4	9.641020860726712E-4	3.943537376471795E-4	0.002343309883144684	9.256172272806199E-4
424	9.842270369517792E-4	2.377381273228301E-4	8.724424444608303E-4	3.037648966900027E-4	9.068060453500948E-4	2.704948816851053E-4	0.002383948685746873	7.910891512982959E-4
425	9.576066122463089E-4	2.340465975976258E-4	8.759249560625904E-4	3.2435897300173464E-4	9.317963485955261E-4	3.111994952261835E-4	0.002348225680179894	8.574341605733632E-4
426	9.777634413694614E-4	2.3923820114240307E-4	8.777621385434031E-4	3.219870844759498E-4	9.971616418624762E-4	3.8937494712411677E-4	0.002321074261999456	9.827893038411937E-4
427	9.986597228817118E-4	2.531963465506643E-4	8.53825074955239E-4	2.662023244334301E-4	9.529790531814797E-4	3.467120989171235E-4	0.002271389628731413	7.850003878709024E-4
428	9.89415384538006E-4	2.3677840064400307E-4	9.170888761218521E-4	3.22476337329489E-4	9.515890867533017E-4	4.088143865900699E-4	0.0024217852151195984	9.582344701891049E-4
429	9.62185253683856E-4	2.3497606538772482E-4	8.126656448439462E-4	2.9696058911415294E-4	9.742826691763184E-4	2.830032426281366E-4	0.0023935922727105208	7.985407194346339E-4
430	9.742764500515477E-4	2.454707069188901E-4	8.86618714503129E-4	3.304128656951535E-4	9.957302488601272E-4	3.251785917595235E-4	0.0023915046331239864	9.023988919982628E-4
431	9.265792286896612E-4	2.401646764675596E-4	8.547301267753937E-4	2.559148850751727E-4	9.983968298001855E-4	3.836741289098044E-4	0.002258315547805978	8.457517741564818E-4
432	9.6666222816566E-4	2.4174253462661E-4	9.313912842117134E-4	3.030877869163204E-4	9.12431063625263E-4	2.73379756995732E-4	0.0025286131494794972	8.86145372553893E-4
433	9.135792206507176E-4	2.3981315754489124E-4	8.85360389474954E-4	3.035565613092533E-4	8.921166336222086E-4	3.31263552168007E-4	0.0022877999326738063	8.335642893528461E-4
434	9.585580774000846E-4	2.4037684222223885E-4	8.812229280010797E-4	3.206924515918925E-4	9.533729607937858E-4	3.69105581518469E-4	0.0023156691386247985	9.232608065061141E-4
435	9.369117451569764E-4	2.3913369279528394E-4	8.07016552244022E-4	3.084811835441946E-4	9.973477499443106E-4	3.879613658634633E-4	0.002268713797093369	9.353571757147932E-4
436	9.511547300462553E-4	2.3967235876755564E-4	7.978684036515915E-4	3.1482340369848316E-4	8.723910650587641E-4	3.559404560208254E-4	0.0022838362856418826	8.95276350578203E-4
437	9.522493046461022E-4	2.4687175924295194E-4	9.921072114593699E-4	3.7451052152290585E-4	9.672009018686367E-4	4.004913621548966E-4	0.002453082393913064	0.0010608039942008143
438	9.643508656154154E-4	2.503347024490462E-4	8.974287620731047E-4	3.380233477388275E-4	9.489287640462862E-4	3.9702804068192084E-4	0.0023426242551067844	0.0010072361142480263
439	9.608424197722343E-4	2.4255225928625026E-4	9.122163064603228E-4	3.396809425200647E-4	9.868622164503904E-4	4.109655410023774E-4	0.0023435932998836506	0.0010315402399248392
440	9.620149521651911E-4	2.3548007009464657E-4	9.197092767863069E-4	3.3906843459716483E-4	8.916990573197836E-4	2.65556131184078E-4	0.0023596060782438144	8.497334519674708E-4
441	9.752536375344789E-4	2.596091049846499E-4	8.087257294846495E-4	3.1314855662382496E-4	9.761487217474496E-4	3.3281759218234104E-4	0.002207625650044065	9.093136136488977E-4
442	9.978339435292582E-4	2.61345594058834E-4	9.430127311134129E-4	3.5599098319810056E-4	8.727880797323451E-4	3.0753553305298977E-4	0.0023367143621726427	9.313804125146705E-4
443	9.820056511671282E-4	2.6416631531641803E-4	8.26125677122036E-4	3.1758979364187527E-4	8.737852585909422E-4	3.357551958719054E-4	0.002210757156717591	9.025968245699008E-4
444	9.77976393642166E-4	2.54238602337864E-4	9.883759503281908E-4	3.6579822980482076E-4	9.40628375246888E-4	3.6598303184195844E-4	0.0023565775918541476	0.0010185045842806028
445	9.866609175332997E-4	2.5001895427781813E-4	9.261211598641239E-4	3.4604102020491863E-4	9.486177186772693E-4	3.750223449132088E-4	0.0022884444369992707	0.0010026423962803733
446	9.889996144920588E-4	2.804980697744343E-4	9.261211598641239E-4	3.4604102020491863E-4	9.486177186772693E-4	3.750223449132088E-4	0.0022884444369992707	0.0010026423962803733
447	9.889996144920588E-4	2.804980697744343E-4	9.261211598641239E-4	3.4604102020491863E-4	9.486177186772693E-4	3.750223449132088E-4	0.0022884444369992707	0.0010026423962803733
448	9.889996144920588E-4	2.804980697744343E-4	9.261211598641239E-4	3.4604102020491863E-4	9.486177186772693E-4	3.750223449132088E-4	0.0022884444369992707	0.0010026423962803733
449	9.889996144920588E-4	2.804980697744343E-4	9.261211598641239E-4	3.4604102020491863E-4	9.486177186772693E-4	3.750223449132088E-4	0.0022884444369992707	0.0010026423962803733
450	9.889996144920588E-4	2.804980697744343E-4	9.261211598641239E-4	3.4604102020491863E-4	9.486177186772693E-4	3.750223449132088E-4	0.0022884444369992707	0.0010026423962803733
451	9.889996144920588E-4	2.804980697744343E-4	9.261211598641239E-4	3.4604102020491863E-4	9.486177186772693E-4	3.750223449132088E-4	0.0022884444369992707	0.0010026423962803733
452	9.889996144920588E-4	2.804980697744343E-4	9.261211598641239E-4	3.4604102020491863E-4	9.486177186772693E-4	3.750223449132088E-4	0.0022884444369992707	0.0010026423962803733
453	9.889996144920588E-4	2.804980697744343E-4	9.261211598641239E-4	3.4604102020491863E-4	9.486177186772693E-4	3.750223449132088E-4	0.0022884444369992707	0.0010026423962803733
454	9.889996144920588E-4	2.804980697744343E-4	9.261211598641239E-4	3.4604102020491863E-4	9.486177186772693E-4	3.750223449132088E-4	0.0022884444369992707	0.0010026423962803733
455	9.889996144920588E-4	2.804980697744343E-4	9.261211598641239E-4	3.4604102020491863E-4	9.486177186772693E-4	3.750223449132088E-4	0.0022884444369992707	0.0010026423962803733
456	9.889996144920588E-4	2.804980697744343E-4	9.261211598641239E-4	3.4604102020491863E-4	9.486177186772693E-4	3.750223449132088E-4	0.0022884444369992707	0.0010026423962803733
457	9.889996144920588E-4	2.804980697744343E-4	9.261211598641239E-4	3.4604102020491863E-4	9.486177186772693E-4	3.750223449132088E-4	0.0022884444369992707	0.0010026423962803733
458	9.889996144920588E-4	2.804980697744343E-4	9.261211598641239E-4	3.4604102020491863E-4	9.486177186772693E-4	3.750223449132088E-4	0.0022884444369992707	0.0010026423962803733
459	9.889996144920588E-4	2.804980697744343E-4	9.261211598641239E-4	3.4604102020491863E-4	9.486177186772693E-4	3.750223449132088E-4	0.0022884444369992707	0.0010026423962803733
460	9.889996144920588E-4	2.804980697744343E-4	9.261211598641239E-4	3.4604102020491863E-4	9.486177186772693E-4	3.750223449132088E-4	0.0022884444369992707	0.0010026423962803733
461	9.889996144920588E-4	2.804980697744343E-4	9.261211598641239E-4	3.4604102020491863E-4	9.486177186772693E-4	3.750223449132088E-4	0.0022884444369992707	0.0010026423962803733
462	9.889996144920588E-4	2.804980697744343E-4	9.261211598641239E-4	3.4604102020491863E-4	9.486177186772693E-4	3.750223449132088E-4	0.0022884444369992707	0.0010026423962803733
463	9.889996144920588E-4	2.804980697744343E-4	9.261211598641239E-4	3.4604102020491863E-4	9.486177186772693E-4	3.750223449132088E-4	0.0022884444369992707	0.0010026423962803733
464	9.889996144920588E-4	2.804980697744343E-4	9.261211598641239E-4	3.4604102020491863E-4	9.486177186772693E-4	3.750223449132088E-4	0.0022884444369992707	0.0010026423962803733
465	9.889996144920588E-4	2.804980697744343E-4	9.261211598641239E-4	3.4604102020491863E-4	9.486177186772693E-4	3.750223449132088E-4	0.0022884444369992707	0.0010026423962803733
466	9.889996144920588E-4	2.804980697744343E-4	9.261211598641239E-4	3.4604102020491863E-4	9.486177186772693E-4	3.750223449132088E-4	0.0022884444369992707	0.0010026423962803733
467	9.889996144920588E-4	2.804980697744343E-4	9.261211598641239E-4	3.4604102020491863E-4	9.486177186772693E-4	3.750223449132088E-4	0.0022884444369992707	0.0010026423962803733
468	9.889996144920588E-4	2.804980697744343E-4	9.261211598641239E-4	3.4604102020491863E-4	9.486177186772693E-4	3.750223449132088E-4	0.0022884444369992707	0.0010026423962803733
469	9.889996144920588E-4	2.804980697744343E-4	9.261211598641239E-4	3.4604102020491863E-4	9.486177186772693E-4	3.750223449132088E-4	0.0022884444369992707	0.0010026423962803733
470	9.889996144920588E-4	2.804980697744343E-4	9.261211598641239E-4	3.4604102020491863E-4	9.486177186772693E-4	3.750223449132088E-4	0.0022884444369992707	0.0010026423962803733
471	9.889996144920588E-4	2.804980697744343E-4	9.261211598641239E-4	3.4604102020491863E-4	9.486177186772693E-4	3.750223449132088E-4	0.0022884444369992707	0.0010026423962803733
472	9.889996144920588E-4	2.804980697744343E-4	9.261211598641239E-4	3.4604102020491863E-4	9.486177186772693E-4	3.750223449132088E-4	0.0022884444369992707	0.0010026423962803733
473	9.889996144920588E-4	2.804980697744343E-4	9.261211598641239E-4	3.4604102020491863E-4	9.486177186772693E-4	3.750223449132088E-4	0.0022884444369992707	0.0010026423962803733
474	9.889996144920588E-4	2.804980697744343E-4	9.261211598641239E-4	3.4604102020491863E-4	9.486177186772693E-4	3.750223449132088E-4	0.0022884444369992707	0.0010026423962803733
475	9.889996144920588E-4	2.804980697744343E-4	9.261211598641239E-4	3.4604102020491863E-4	9.486177186772693E-4	3.750223449132088E-4	0.0022884444369992707	0.0010026423962803733
476	9.889996144920588E-4	2.804980697744343E-4	9.261211598641239E-4	3.4604102020491863E-4	9.486177186772693E-4	3.750223449132088E-4	0.0022884444369992707	0.0010026423962803733
477	9.889996144920588E-4	2.804980697744343E-4	9.261211598641239E-4	3.4604102020491863E-4	9.486177186772693E-4	3.750223449132088E-4	0.0022884444369992707	0.0010026423962803733
478	9.889996144920588E-4	2.804980697744343E-4	9.261211598641239E-4	3.4604102020491863E-4	9.486177186772693E-4	3.750223449132088E-4	0.0022884444369992707	0.0010026423962803733
479	9.889996144920588E-4	2.804980697744343E-4	9.261211598641239E-4	3.4604102020491863E-4	9.486177186772693E-4	3.750223449132088E-4	0.0022884444369992707	0.0010026423962803733
480	9.889996144920588E-4	2.804980697744343E-4	9.261211598641239E-4	3.4604102020491863E-4	9.486177186772693E-4	3.750223449132088E-4	0.0022884444369992707	0.0010026423962803733
481	9.889996144920588E-4	2.804980697744343E-4	9.261211598641239E-4	3.4604102020491863E-4	9.486177186772693E-4	3.750223449132088E-4	0.0022884444369992707	0.0010026423962803733
482	9.889996144920588E-4	2.804980697744343E-4	9.261211598641239E-4	3.4604102020491863E-4	9.486177186772693E-4	3.750223449132088E-4	0.0022884444369992707	0.0010026423962803733
483	9.889996144920588E-4	2.804980697744343E-4	9.261211598641239E-4	3.4604102020491863E-4	9.486177186772693E-4	3.750223449132088E-4	0.0022884444369992707	0.0010026423962803733
484	9.889996144920588E-4	2.804980697744343E-4	9.261211598641239E-4	3.4604102020491863E-4	9.486177186772693E-4	3.750223449132088E-4	0.0022884444369992707	0.0010026423962803733
485	9.889996144920588E-4	2.804980697744343E-4	9.261211598641239E-4	3.4604102020491863E-4	9.486177186772693E-4	3.750223449132088E-4	0.0022884444369992707	0.0010026423962803733
486	9.889996144920588E-4	2.804980697744343E-4	9.261211598641239E-4	3.4604102020491863E-4	9.486177186772693E-4	3.750223449132088E-4	0.0022884444369992707	0.0010026423962803733
487	9.889996144920588E-4	2.804980697744343E-4	9.261211598641239E-4	3.4604102020491863E-4	9.486177186772693E-4	3.750223449132088E-4	0.0022884444369992707	0.0010026423962803733
488	9.889996144920588E-4	2.804980697744343E-4	9.261211598641239E-4	3.4604102020491863E-4	9.486177186772693E-4	3.750223449132088E-4	0.0022884444369992707	0.0010026423962803733
489	9.889996144920588E-4	2.804980697744343E-4	9.261211598641239E-4	3.4604102020491863E-4	9.486177186772693E-4	3.750223449132088E-4	0.0022884444369992707	0.0010026423962803733
490	9.889996144920588E-4	2.804980697744343E-4	9.261211598641239E-4	3.4604102020491863E-4	9.486177186772693E-4	3.750223449132088E-4	0.0022884444369992707	0.0010026423962803733
491	9.889996144920588E-4	2.804980697744343E-4	9.261211598641239E-4	3.4604102020491863E-4	9.486177186772693E-4	3.750223449132088E-4	0.0022884444369992707	0.0010026423962803733
492	9.889996144920588E-4	2.804980697744343E-4	9.261211598641239E-4	3.4604102020491863E-4	9.486177186772693E-4	3.750223449132088E-4	0.0022884444369992707	0.0010026423962803733
493	9.889996144920588E-4	2.804980697744343E-4	9.261211598641239E-4	3.4604102020491863E-4	9.486177186772693E-4	3.750223449132088E-4	0.0022884444369992707	0.0010026423962803733
494	9.889996144920588E-4	2.804980697744343E-4	9.261211598641239E-4	3.4604102020491863E-4	9.486177186772693E-4	3.750223449132088E-4	0.0022884444369992707	0.0010026423962803733
495	9.889996144920588E-4	2.804980697744343E-4	9.261211598641239E-4	3.4604102020491863E-4	9.486177186772693E-4	3.750223449132088E-4	0.0022884444369992707	0.0010026423962803733
496	9.889996144920588E-4	2.804980697744343E-4	9.261211598641239E-4	3.4604102020491863E-4	9.486177186772693E-4	3.750223449132088E-4	0.0022884444369992707	0.0010026423962803733
497	9.889996144920588E-4	2.804980697744343E-4	9.261211598641239E-4	3.4604102020491863E-4	9.486177186772693E-4	3.750223449132088E-4	0.0022884444369992707	0.0010026423962803733
498	9.889996144920588E-4	2.804980697744343E-4	9.261211598641239E-4	3.4604102020491863E-4	9.486177186772693E-4	3.750223449132088E-4	0.0022884444369992707	0.0010026423962803733
499	9.889996144920588E-4	2.804980697744343E-4	9.261211598641239E-4	3.4604102020491863E-4	9.486177186772693E-4	3.750223449132088E-4	0.0022884444369992707	0.0010026423962803733
500	9.889996144920588E-4	2.804980697744343E-4	9.261211598641239E-4	3.4604102020491863E-4	9.486177186772693E-4	3.750223449132088E-4	0.0022884444369992707	0.0010026423962803733
