iteration	solveMasterNet(ms)	updateSubDemand(ms)	solveSubNets(ms)	mapFlow(ms)	getGapFullNet(ms)
0	16	0	312	0	0
1	16	0	391	0	0
2	0	0	754	2	0
3	3	1	740	0	0
4	0	0	564	0	0
5	16	0	765	1	2
6	2	0	661	16	0
7	0	0	563	0	0
8	16	0	463	0	0
9	16	0	406	0	0
10	15	0	392	0	0
11	15	0	391	0	0
12	16	0	344	15	0
13	0	0	344	0	0
14	15	0	324	1	1
15	12	0	302	0	16
16	0	0	298	0	0
17	16	0	281	0	0
18	15	0	266	0	0
19	15	0	285	1	1
20	12	1	265	0	0
21	16	0	249	0	0
22	16	0	270	0	0
23	15	0	274	0	2
24	11	1	264	1	1
25	12	0	250	0	1
26	12	0	246	1	1
27	12	0	270	0	0
28	0	0	250	16	0
29	0	0	264	0	0
30	16	0	234	0	0
31	16	0	251	0	0
32	16	0	253	0	0
33	16	0	263	0	0
34	15	0	250	0	0
35	0	0	251	0	0
36	16	0	232	0	0
37	15	0	223	0	0
38	16	0	218	0	0
39	0	0	236	0	0
40	0	0	234	0	0
41	16	0	218	0	0
42	15	0	218	0	0
43	16	0	238	0	0
44	16	0	234	0	0
45	16	0	233	0	0
46	16	0	203	0	0
47	15	0	217	0	2
48	12	0	207	0	0
49	16	0	219	0	0
50	15	0	206	0	0
51	16	0	218	0	0
52	16	0	218	0	0
53	16	0	211	0	0
54	16	0	229	0	0
55	16	0	187	0	0
56	16	0	210	0	1
57	12	1	209	1	1
58	12	0	206	0	1
59	13	0	207	1	1
60	11	1	187	0	0
61	15	0	207	0	0
62	15	0	188	0	0
63	15	0	212	0	0
64	17	1	193	0	0
65	0	0	190	0	0
66	16	0	204	0	0
67	16	0	188	0	0
68	15	0	204	1	1
69	12	0	185	0	0
70	16	0	187	0	0
71	16	0	188	0	0
72	15	0	192	0	0
73	16	0	196	0	2
74	13	0	177	0	0
75	16	0	187	0	0
76	16	0	191	0	0
77	16	0	187	0	0
78	16	0	187	0	0
79	16	0	187	0	0
80	15	0	188	0	0
81	0	0	203	0	0
82	0	0	187	0	0
83	16	0	188	0	0
84	15	0	190	0	0
85	15	0	172	0	0
86	16	0	184	0	1
87	12	0	179	0	0
88	16	0	181	0	0
89	0	0	194	0	0
90	16	0	172	0	0
91	15	0	172	0	0
92	16	0	238	0	0
93	15	0	188	0	0
94	15	0	189	0	0
95	0	0	172	0	0
96	15	0	172	0	0
97	16	0	172	0	0
98	0	0	172	0	0
99	15	0	172	0	0
100	16	0	166	0	1
101	11	1	166	0	1
102	12	0	164	1	1
103	11	0	170	0	1
104	12	0	164	0	2
105	11	0	163	0	1
106	12	0	148	0	15
107	0	0	156	0	0
108	16	0	172	0	1
109	12	0	159	0	0
110	16	0	156	0	0
111	16	0	156	0	0
112	16	0	156	0	0
113	16	0	156	0	0
114	16	0	156	0	0
115	15	0	156	0	0
116	16	0	145	0	0
117	16	0	153	0	0
118	15	0	157	0	0
119	15	0	157	0	0
120	15	0	157	0	0
121	16	0	156	0	0
122	15	0	157	0	0
123	15	0	157	0	0
124	0	0	157	0	0
125	15	0	156	0	0
126	16	0	157	0	0
127	0	0	156	0	0
128	16	0	156	0	0
129	15	0	157	0	0
130	16	0	140	0	0
131	16	0	149	0	0
132	16	0	162	1	0
133	0	0	156	0	0
134	16	0	156	0	0
135	16	0	155	0	1
136	11	0	147	0	0
137	15	0	141	0	0
138	15	0	161	0	1
139	11	0	140	0	0
140	16	0	156	0	0
141	15	0	141	0	0
142	24	0	149	0	0
143	0	0	156	0	0
144	16	0	156	0	0
145	0	0	157	0	0
146	15	0	134	0	0
147	16	0	163	1	1
148	11	0	143	0	2
149	11	0	147	0	1
150	12	0	149	0	2
151	11	0	145	1	1
152	11	0	145	0	1
153	12	0	144	0	1
154	11	0	131	0	16
155	0	0	141	0	0
156	15	0	141	0	0
157	16	0	145	0	1
158	11	0	139	0	0
159	16	0	140	0	0
160	16	0	140	0	0
161	16	0	142	0	0
162	0	0	145	0	0
163	16	0	146	0	0
164	16	0	131	0	0
165	16	0	141	0	0
166	15	0	141	0	0
167	16	0	141	0	1
168	11	0	127	0	0
169	16	0	141	0	0
170	15	0	141	0	0
171	0	0	156	0	0
172	0	0	141	0	15
173	0	0	141	0	0
174	16	0	142	0	0
175	0	0	140	0	0
176	16	0	141	0	0
177	15	0	148	0	1
178	7	0	145	0	0
179	0	0	141	0	0
180	15	0	141	0	0
181	0	0	136	0	0
182	16	0	140	0	0
183	16	0	141	0	0
184	15	0	142	0	16
185	0	0	140	0	0
186	16	0	141	0	0
187	15	0	146	1	1
188	9	0	125	0	0
189	16	0	140	0	0
190	16	0	131	0	0
191	16	0	135	0	0
192	0	0	141	0	0
193	16	0	138	0	0
194	0	0	143	0	0
195	16	0	125	0	0
196	15	0	141	0	0
197	16	0	125	0	0
198	21	0	135	0	0
199	15	0	125	0	0
200	16	0	146	1	1
201	10	1	133	0	1
202	11	0	136	0	1
203	11	0	135	0	1
204	11	0	137	0	1
205	11	0	137	0	1
206	11	0	135	0	0
207	0	0	150	0	0
208	0	0	131	0	15
209	0	0	141	0	0
210	0	0	141	0	0
211	15	0	141	0	0
212	0	0	145	0	0
213	16	0	125	0	0
214	16	0	140	0	0
215	0	0	136	0	0
216	16	0	141	0	0
217	0	0	146	0	0
218	16	0	135	0	0
219	16	0	125	0	0
220	15	0	141	0	0
221	15	0	137	0	1
222	11	0	133	0	0
223	0	0	141	0	0
224	16	0	125	0	15
225	0	0	141	0	0
226	16	0	125	0	16
227	0	0	140	0	0
228	16	0	139	1	0
229	0	0	141	0	0
230	0	0	139	0	0
231	15	0	150	0	2
232	10	0	137	0	0
233	0	0	140	0	0
234	21	0	136	1	1
235	10	0	134	0	2
236	10	0	134	0	1
237	11	0	137	0	0
238	0	0	151	0	1
239	11	0	130	0	0
240	16	0	141	0	0
241	0	15	125	0	16
242	0	0	141	0	0
243	16	0	125	0	0
244	15	0	147	0	0
245	0	0	150	0	0
246	16	0	131	0	15
247	0	0	141	0	0
248	16	0	149	0	1
249	11	0	131	0	0
250	0	0	141	0	0
251	15	0	141	0	0
252	0	0	141	0	0
253	16	0	140	0	0
254	16	0	125	0	16
255	0	0	148	0	1
256	11	0	122	0	0
257	16	0	141	0	0
258	0	0	140	0	0
259	16	0	140	0	0
260	16	0	125	0	0
261	15	0	141	0	0
262	15	0	139	0	1
263	2	0	141	0	0
264	0	0	141	0	0
265	15	0	141	0	0
266	0	0	141	0	0
267	16	0	143	0	0
268	0	0	140	0	0
269	16	0	139	0	0
270	0	0	148	0	0
271	15	0	125	0	0
272	16	0	147	1	1
273	10	0	130	0	0
274	16	0	141	0	0
275	15	0	141	0	0
276	0	0	142	0	0
277	15	0	141	0	0
278	0	0	141	0	0
279	15	0	141	0	0
280	15	0	141	0	0
281	16	0	125	0	0
282	15	0	141	0	0
283	18	0	124	0	0
284	16	0	140	0	0
285	0	0	141	0	0
286	16	0	140	0	0
287	15	0	125	0	0
288	16	0	141	0	0
	3315	23	52709	66	231
