Origin	Destination	Demand	Cost
1	64	1.93676	25.207588725766023
1	65	1.93676	23.524324006624134
1	2	63.802849	7.962390391796383
1	66	1.93676	25.292332259831237
1	3	471.81948	4.779925189328005
1	67	1.948398	21.925087041274573
1	69	1.965538	23.26100695848536
1	7	918.488499	4.456426620647507
1	21	28.772957	14.524250345147246
1	22	31.681824	12.414840325956218
1	29	29.681628	14.566162334739898
1	30	8.606275	17.11377079904097
1	31	8.606275	17.772013275093055
1	32	8.606275	19.080607884808817
1	33	8.606275	20.827378317511048
1	36	11.722161	25.52690743645107
1	37	20.428002	19.9650622631493
1	38	20.428002	18.907462846459428
1	39	20.428002	17.928001645585084
1	40	20.428002	17.525732273231714
1	42	23.394305	20.655097414911687
1	48	14.575279	23.957657822122552
1	49	8.505481	27.95721687648916
1	50	9.077854	31.70146537295176
1	51	9.077854	35.46002006383004
1	52	4.484028	31.21646620903373
1	53	4.452338	28.225006317870694
1	54	1.875118	26.052041984234492
1	59	2.02354	19.779515657600452
1	60	2.02354	19.39806859393962
1	61	1.880171	32.40166283268263
1	62	1.93676	24.13938474072453
1	63	1.93676	22.974446293811987
2	16	90.951624	9.818532822436989
2	1	44.610847	8.006594011234984
2	17	90.951624	10.244335888229207
2	18	90.951624	11.511879136494159
2	3	118.65221	3.200435207836015
2	6	381.411877	5.391260128571796
2	10	167.195351	8.48968021285015
2	13	104.283571	11.05568308451622
2	14	104.283571	12.355952775010897
3	1	67.639683	4.8061588033989695
3	2	72.07049	3.1824652024683773
3	12	134.776233	15.752117894707954
6	1	56.935997	6.965635386563427
6	2	320.643351	5.3419417856328355
6	3	329.230351	2.1594765831644582
6	37	30.94704	12.994312153085536
6	38	30.94704	11.936712736395659
6	39	30.94704	10.957251535521312
6	40	30.94704	10.554982163167944
6	10	957.700233	3.0984200842783536
6	42	32.851189	13.6843473048479
6	13	136.941407	5.664422955944424
6	14	136.941407	6.964692646439101
6	16	181.417875	4.427272693865192
6	48	20.758405	16.986907712058763
6	17	181.417875	4.853075759657411
6	49	10.05071	20.986466766425334
6	18	181.417875	6.120619007922362
6	50	11.007453	24.730715262887955
6	51	11.007453	28.48926995376619
6	52	4.830574	24.245734583077667
6	21	54.322955	7.553500235083442
6	53	4.854254	21.25425620780691
6	22	64.777032	5.444090215892451
6	29	60.697739	7.5954122246761235
7	1	724.768919	4.378100801496034
10	1	4.448323	9.971094846191225
10	2	465.677208	8.347401245260631
10	3	4.605681	5.164936042792254
10	37	15.86574	10.075492298982905
10	6	190.63577	3.005459459627796
10	38	15.86574	11.075869687420354
10	39	15.86574	11.641619842661372
10	40	15.86574	11.239350470308004
10	42	17.17806	12.823504255872596
10	13	4.525612	8.669882415572221
10	14	4.525612	7.649060953579162
10	48	12.195396	17.671276019198814
10	49	7.651356	21.670835073565385
10	50	8.154251	25.41508357002804
10	51	8.154251	29.173638260906344
10	52	4.284714	24.930056705715
10	53	4.26372	21.938624514946984
10	22	21.565511	6.128458523032511
10	29	20.731984	8.279780531816183
12	1	35.255907	10.937236524940888
12	3	123.040888	14.600352681626521
12	55	146.285293	32.0564772515804
12	56	146.285293	31.644015324774315
13	64	2.007117	23.82822798391513
13	65	2.007117	22.144963264773242
13	66	2.007117	23.912971517980345
13	3	86.78809	7.75086595137734
13	67	2.01248	20.545726299423674
13	69	9.568677	21.881646216634465
13	20	29.539054	12.027796733519185
13	21	46.76841	8.45460137256126
13	22	51.400936	6.345191349376707
13	29	54.525265	8.496513358160364
13	30	10.879468	15.734410057190068
13	31	10.879468	16.392652533242153
13	32	10.879468	16.724842126727953
13	33	10.879468	14.757729340931474
13	37	30.048272	13.8954132865698
13	38	30.048272	12.837813869879927
13	39	30.048272	11.858352669005578
13	40	30.048272	11.45608329665221
13	42	32.076354	14.58544843833213
13	48	18.612489	17.888008845543
13	49	9.839607	21.887567899909556
13	50	10.662938	25.63181639637223
13	51	10.662938	29.3903710872505
13	52	4.778146	25.146789532059156
13	53	4.783582	22.155357341291182
13	54	1.950833	19.98239300765498
13	59	2.034743	18.40015491574955
13	60	2.034743	18.018707852088713
13	61	2.019167	31.022302090831747
13	62	2.007117	22.76002399887364
13	63	2.007117	21.595085551961095
14	64	2.007117	21.94982397697878
14	65	2.007117	20.266558243980217
14	66	2.007117	22.03456649718732
14	3	86.78809	8.943664811258872
14	67	2.01248	18.667321278630638
14	69	9.568677	20.00324119584144
14	20	29.539054	11.238228653721878
14	21	46.76841	5.597538441149298
14	22	51.400936	3.488128421958306
14	29	54.525265	5.639450430741968
14	30	10.879468	14.944841977392754
14	31	10.879468	15.075225600063076
14	32	10.879468	13.867779183691026
14	33	10.879468	11.900666413513079
14	37	30.048272	11.038350359151398
14	38	30.048272	9.980750942461524
14	39	30.048272	9.001289741587176
14	40	30.048272	8.599020369233806
14	42	32.076354	11.728385510913734
14	48	18.612489	15.0309459181246
14	49	9.839607	19.030504972491155
14	50	10.662938	22.774753468953826
14	51	10.662938	26.533372786849984
14	52	4.778146	22.289726604640762
14	53	4.783582	19.298294413872778
14	54	1.950833	17.12533008023658
14	59	2.034743	17.61058683595225
14	60	2.034743	16.140302831295678
14	61	2.019167	29.143897070038722
14	62	2.007117	20.88161897808061
14	63	2.007117	19.716680531168066
16	20	62.737552	8.766917753790842
16	21	688.877784	3.126227541218253
16	10	260.414981	5.5111994805948346
17	20	62.737552	9.2131427052802
17	21	688.877784	3.5724524927076096
17	10	260.414981	5.957424432084192
18	20	62.737552	6.3508581670195765
18	21	688.877784	1.5829171755062725
18	10	260.414981	3.012870885991627
20	64	7.642929	11.800431250395933
20	1	3.252073	13.361473004951332
20	65	7.642929	10.117166531254046
20	66	7.642929	11.885174784461146
20	3	3.391481	8.555314201552362
20	67	7.803461	8.517929565904486
20	69	8.319704	9.85384948311527
20	6	21.933356	6.395837618387904
20	13	18.287751	12.060260574332329
20	14	18.287751	11.039439112339268
20	16	33.115467	8.50201915976536
20	17	33.115467	8.927822225557579
20	18	33.115467	6.412577082404116
20	21	45.27844	6.105329595491186
20	22	35.129881	8.237864290113524
20	29	33.350341	10.389186298897197
20	37	22.259766	11.57570579532381
20	38	22.259766	12.576083183761257
20	39	22.259766	13.568343488916385
20	40	22.259766	13.348756237389019
20	48	15.777547	19.59799966545382
20	49	8.825479	23.7802408406464
20	50	9.573856	27.52448933710904
20	51	9.573856	29.920512962841418
20	52	4.553094	25.676835513991826
20	53	4.532077	22.685353826384524
20	54	6.749569	18.540637009831702
20	59	8.792995	6.372358182230363
20	60	8.792995	5.990911118569532
20	61	7.339336	18.99450535731254
20	62	7.642929	10.732227265354442
20	63	7.642929	9.567288818441899
21	64	2.594958	16.35228452197274
21	1	0.600509	14.386852773392214
21	65	2.594958	14.669019802830858
21	2	69.588982	12.763159172461638
21	66	2.594958	16.437028056037956
21	3	34.152265	9.580693969993261
21	67	2.604952	13.069782837481334
21	69	113.704639	14.405702754692133
21	6	90.624224	7.421217386828803
21	10	82.94767	4.605654988042426
21	13	31.164585	8.478916911293773
21	14	31.164585	5.645760502854772
21	16	130.672428	3.1083407711169926
21	17	130.672428	3.534143836909211
21	18	130.672428	1.5927841020507985
21	20	69.508539	5.64069021257259
21	22	165.778825	2.132534694622338
21	29	127.215304	4.283856703406011
21	30	343.118218	9.347303536243475
21	31	343.118218	9.477687158913806
21	32	343.118218	8.27024074254176
21	33	343.118218	6.303127972363796
21	37	43.112684	5.470376199832623
21	38	43.112684	6.470753588270071
21	39	43.112684	7.463013893425195
21	40	43.112684	7.243426641897832
21	48	25.087764	13.492670069962639
21	49	11.060213	17.674911245155215
21	50	12.263162	21.41915974161787
21	51	12.263162	24.995128205328466
21	52	5.013749	20.751450756478853
21	53	5.135306	17.76001856571078
21	54	2.470772	13.615332726045136
21	59	2.681068	12.013048394802956
21	60	2.681068	10.542823154394961
21	61	2.552272	23.54641739313793
21	62	2.594958	15.28413930117982
21	63	2.594958	14.11920085426728
22	64	2.091389	18.461753305412323
22	1	0.600056	12.254318078769861
22	65	2.091389	16.778488586270434
22	2	44.509766	10.6306244778393
22	66	2.091389	18.546496839477538
22	3	43.44791	7.448159275370923
22	67	2.100453	15.17925162092093
22	69	13.610696	16.515170267670115
22	6	203.084968	5.288682692206465
22	10	212.162678	6.487005557089489
22	13	38.866391	6.346382216671424
22	14	38.866391	3.5132258082324292
22	20	56.677571	7.750100231763584
22	84	4000.0	65.12024813704262
22	21	366.769954	2.1094100191909946
22	29	689.866708	2.151322008783673
22	30	18.184193	11.456713555434458
22	31	18.184193	11.587097182639562
22	32	18.184193	10.37965310615332
22	33	18.184193	8.412537991554789
22	37	59.84674	7.550221937193086
22	38	59.84674	6.492622520503209
22	39	59.84674	5.513161319628862
22	40	59.84674	5.110891947275494
22	42	173.300132	8.24025708895545
22	48	33.526332	11.542817496166311
22	49	11.874589	15.542376550532873
22	50	13.242918	19.286625046995532
22	114	3000.0	46.256538174306414
22	51	13.242918	23.045179737873784
22	52	5.197101	18.801598182682497
22	53	5.198821	15.81016599191446
22	54	2.031226	13.637201658278272
22	59	2.129852	14.122458413993947
22	60	2.129852	12.652176471884097
22	61	2.10535	25.655770764423416
22	62	2.091389	17.39349271689238
22	63	2.091389	16.22855430672886
23	64	42.32433	15.010250766716856
23	65	42.32433	13.326986048736655
23	66	42.32433	15.095050726416568
23	67	55.673431	11.727805507859907
23	42	204.469722	6.876352062852309
23	48	108.105939	12.150633976092639
23	52	271.588602	19.409483226726728
23	53	208.158371	16.41800070944741
23	54	27.61604	12.273296632175132
23	57	84.474335	13.894108573304896
23	59	142.622365	11.837425615091757
23	60	142.622365	9.200787060524934
23	61	49.334142	22.204381299267943
23	62	42.32433	13.942103207309863
23	63	42.32433	12.777164760397321
24	64	42.32433	14.272240609749302
24	65	42.32433	12.588975890607413
24	66	42.32433	14.356984143814516
24	67	55.673431	10.989738925257852
24	42	204.469722	6.138285480250254
24	48	108.105939	11.412567393490583
24	52	271.588602	18.671348080006773
24	53	208.158371	15.679946866125903
24	54	27.61604	11.535230049573073
24	57	84.474335	14.613532169050705
24	59	142.622365	11.099359032489701
24	60	142.622365	8.46272047792288
24	61	49.334142	21.466314716665895
24	62	42.32433	13.204036624707808
24	63	42.32433	12.039098177795264
25	64	42.32433	14.807530287419999
25	65	42.32433	13.12426556827811
25	66	42.32433	14.892273821485214
25	67	55.673431	11.52502860292855
25	42	204.469722	6.673575157920951
25	48	108.105939	11.94785707116128
25	52	271.588602	19.20663775767747
25	53	208.158371	16.215236543796603
25	54	27.61604	12.070519727243772
25	57	84.474335	15.148821846721402
25	59	142.622365	11.634648710160397
25	60	142.622365	8.998010155593576
25	61	49.334142	22.00160439433659
25	62	42.32433	13.73932630237849
25	63	42.32433	12.574387855465961
26	64	42.32433	14.587452476975805
26	65	42.32433	12.904187757833919
26	66	42.32433	14.672252430869005
26	67	55.673431	11.304950792484359
26	42	204.469722	5.660148877195915
26	48	108.105939	10.934430790436247
26	52	271.588602	18.193211476952435
26	53	208.158371	15.201785956064873
26	54	27.61604	11.057093446518737
26	57	84.474335	14.928800456105197
26	59	142.622365	11.414582979907786
26	60	142.622365	8.777930473155331
26	61	49.334142	21.781524258862273
26	62	42.32433	13.519246165597512
26	63	42.32433	12.354307715069643
29	64	1.949547	22.95183412679218
29	1	0.593797	18.47601400089238
29	65	1.949547	21.268588034285152
29	2	16.349612	16.852320399961783
29	66	1.949547	23.03659628749225
29	3	16.226002	13.669855197493387
29	67	1.959887	19.669351068935594
29	69	7.654282	20.156083674508565
29	6	22.998423	11.510378614328932
29	10	23.463504	12.708701479211957
29	13	15.247569	12.568078138793894
29	14	15.247569	9.734921730354898
29	20	18.701883	13.971796153886036
29	21	23.837413	8.331105941313469
29	22	26.127718	6.221695922122461
29	30	8.29172	16.73717632669621
29	31	8.29172	16.077198970540067
29	32	8.29172	14.869752554168011
29	33	8.29172	12.902637439569471
29	37	65.639699	5.43508516092446
29	38	65.639699	4.3413005117195365
29	39	65.639699	3.3618393108451894
29	40	65.639699	2.9595699384918213
29	49	12.129825	13.391054541749213
29	50	13.404984	17.135303038211855
29	51	13.404984	20.89385772909011
29	59	2.006949	19.778971176167456
29	60	2.006949	17.142332621600637
29	61	1.932233	30.145926860343653
29	62	1.949547	21.883648768385548
29	63	1.949547	20.718710321473004
30	64	12.688184	8.093817926725052
30	65	12.688184	6.410553207583164
30	66	12.688184	8.178561460790267
30	35	188.593258	6.519299995928638
30	67	13.570124	4.8113162422336035
30	36	127.05706	8.413136637410116
30	69	14.559331	6.147236159444388
30	43	74.977687	12.122254491869846
30	44	74.977687	10.737430087724801
30	45	74.977687	12.214178540731139
30	46	74.977687	11.663631718879374
30	54	10.748869	14.834023686160808
30	23	658.05059	11.195664972858193
30	24	658.05059	11.227315398649745
30	25	658.05059	11.788158819010869
30	57	15.833958	10.198535398106147
30	26	658.05059	11.705459751508817
30	58	18.989162	7.5090386984059
30	59	15.424837	4.920936349465473
30	60	15.424837	2.284297794898649
30	61	12.182856	15.287892033641656
30	62	12.688184	7.0256139416835595
30	63	12.688184	5.860675494771016
31	64	12.688184	8.753795282881196
31	65	12.688184	7.070530563739308
31	66	12.688184	8.83853881694641
31	35	188.593258	5.861057519876553
31	67	13.570124	5.471293598389748
31	36	127.05706	7.754894161358029
31	69	14.559331	6.807213515600533
31	43	74.977687	11.464012015817762
31	44	74.977687	10.079187611672717
31	45	74.977687	11.555936064679052
31	46	74.977687	11.005389242827288
31	54	10.748869	14.17578121010872
31	23	658.05059	10.537357598550479
31	24	658.05059	10.569072274041757
31	25	658.05059	11.129918457607014
31	57	15.833958	10.858512754262291
31	26	658.05059	11.047245022697371
31	58	18.989162	8.169016054562045
31	59	15.424837	5.580913705621617
31	60	15.424837	2.9442751510547938
31	61	12.182856	15.947869389797804
31	62	12.688184	7.685591297839704
31	63	12.688184	6.52065285092716
32	64	12.688184	8.082043779431036
32	65	12.688184	6.398779060289148
32	66	12.688184	8.16678731349625
32	35	188.593258	4.552462910160782
32	67	13.570124	4.7995420949395875
32	36	127.05706	6.446299551642271
32	69	14.559331	6.135462012150373
32	43	74.977687	10.155417406102023
32	44	74.977687	8.770593001956977
32	45	74.977687	10.247341454963315
32	46	74.977687	9.696794633111551
32	54	10.748869	12.867186600392957
32	23	658.05059	9.97990369155005
32	24	658.05059	9.260480095804239
32	25	658.05059	9.821324164687162
32	57	15.833958	10.18676125081213
32	26	658.05059	9.738668790228672
32	58	18.989162	7.632353353001124
32	59	15.424837	4.909162202171457
32	60	15.424837	2.272523647604633
32	61	12.182856	15.276117886347642
32	62	12.688184	7.013839794389544
32	63	12.688184	5.848901347477
33	64	12.688184	10.04915654960899
33	65	12.688184	8.365891830467103
33	66	12.688184	10.133900083674204
33	35	188.593258	4.068310162669899
33	67	13.570124	6.766654865117541
33	36	127.05706	5.962146804151389
33	69	14.559331	8.102574782328325
33	43	74.977687	9.67126465861114
33	44	74.977687	8.286440254466093
33	45	74.977687	9.76318870747243
33	46	74.977687	9.212641885620666
33	54	10.748869	12.383033852902072
33	23	658.05059	6.613027221837206
33	24	658.05059	5.893603626091394
33	25	658.05059	6.454447694974317
33	57	15.833958	12.153874020990084
33	26	658.05059	6.371740229145733
33	58	18.989162	9.599466123179077
33	59	15.424837	6.87627497234941
33	60	15.424837	4.239636417782586
33	61	12.182856	17.243230656525597
33	62	12.688184	8.980952564567497
33	63	12.688184	7.816014117654953
35	32	181.020679	3.1350569988649513
35	64	7.295317	11.217100778295988
35	33	181.020679	4.05066795090896
35	65	7.295317	9.533836059154101
35	66	7.295317	11.301844312361203
35	36	383.046581	1.8938366414814896
35	42	107.989628	7.341893738678092
35	43	121.2551	5.602954495941241
35	44	121.2551	4.218130091796195
35	45	121.2551	5.694878544802533
35	46	121.2551	5.144331722950769
35	20	101.145694	8.750810928698886
35	57	8.221421	13.321818249677083
35	58	9.727774	10.767410351866076
35	59	8.500181	8.044219201036409
35	60	8.500181	5.407580646469585
35	61	7.353849	18.411174885212596
35	30	181.020679	5.002480771393151
35	62	7.295317	10.148896793254496
35	31	181.020679	4.342503415237007
35	63	7.295317	8.983958346341952
36	32	8.114739	5.065446239501804
36	1	76.614241	24.04267317428707
36	33	8.114739	5.981057191545813
36	2	13.09929	22.41897957335648
36	3	12.974707	19.236514370888102
36	35	8.45922	1.9303892406368528
36	42	127.932872	5.448057097196601
36	43	162.812439	3.7091178544597514
36	12	14.326261	34.98863226559606
36	44	162.812439	2.324293450314705
36	45	162.812439	3.8010419033210425
36	46	162.812439	3.2504950814692783
36	20	7.846065	10.681200169335739
36	30	8.114739	6.932870012030004
36	31	8.114739	6.27289265587386
37	64	4.787765	17.516708828254004
37	1	0.590858	19.674612954711016
37	65	4.787765	15.833444109112117
37	2	15.837108	18.050919353780415
37	66	4.787765	17.601452362319222
37	3	15.662349	14.868454151312031
37	35	6.96326	9.818730779051375
37	67	4.906394	14.23420714376256
37	36	46.213419	7.8883415384145215
37	6	21.83349	12.708977568147565
37	10	22.518272	9.893415169361205
37	42	146.899241	2.7480119568896906
37	13	14.567283	13.766677092612559
37	14	14.567283	10.933520684173558
37	22	24.745023	7.420294875941115
37	54	104.125219	8.144956526212512
37	57	5.217101	17.85805915180399
37	59	5.028408	14.343827250994428
37	60	5.028408	11.707188696427604
37	29	498.945235	5.264505665223921
37	61	4.613064	24.710782935170613
37	62	4.787765	16.448504843212515
37	63	4.787765	15.283566396299971
38	64	4.787765	18.61049347745893
38	1	0.590858	20.768397603915936
38	65	4.787765	16.927228758317042
38	2	15.837108	19.14470400298534
38	66	4.787765	18.695237011524146
38	3	15.662349	15.962238800516953
38	35	6.96326	8.818353390613925
38	67	4.906394	15.327991792967483
38	36	46.213419	6.887964149977074
38	6	21.83349	13.80276221735249
38	10	22.518272	10.987199818566129
38	42	146.899241	1.7476345684522419
38	13	14.567283	14.860461741817483
38	14	14.567283	12.027305333378484
38	22	24.745023	8.514079525146037
38	54	104.125219	7.144579137775063
38	57	5.217101	18.951843801008913
38	59	5.028408	15.437611900199352
38	60	5.028408	12.80097334563253
38	29	498.945235	4.264128276786472
38	61	4.613064	25.804567584375537
38	62	4.787765	17.54228949241744
38	63	4.787765	16.377351045504895
39	64	4.787765	19.589954678333278
39	1	0.590858	21.747858804790283
39	65	4.787765	17.90668995919139
39	2	15.837108	20.12416520385969
39	66	4.787765	19.674698212398493
39	3	15.662349	16.94170000139129
39	35	6.96326	9.797814591488272
39	67	4.906394	16.307452993841828
39	36	46.213419	7.86742535085142
39	6	21.83349	14.782223418226817
39	10	22.518272	11.966661019440492
39	42	146.899241	2.7270957693265894
39	13	14.567283	15.839922942691832
39	14	14.567283	13.006766534252831
39	22	24.745023	9.49354072602038
39	54	104.125219	8.12404033864941
39	57	5.217101	19.93130500188324
39	59	5.028408	16.417073101073697
39	60	5.028408	13.780434546506877
39	29	498.945235	3.27186797163135
39	61	4.613064	26.784028785249884
39	62	4.787765	18.521750693291786
39	63	4.787765	17.356812246379242
40	64	4.787765	19.992224050686644
40	1	0.590858	21.362095213333042
40	65	4.787765	18.308959331544756
40	2	15.837108	19.738402168004168
40	66	4.787765	20.07696758475186
40	3	15.662349	16.5559336300817
40	35	6.96326	10.20008396384164
40	67	4.906394	16.709722366195194
40	36	46.213419	8.269694723204788
40	6	21.83349	14.396437648779745
40	10	22.518272	12.36893039179386
40	42	146.899241	3.1293651416799575
40	13	14.567283	15.454137173587695
40	14	14.567283	12.62098076508011
40	22	24.745023	9.107754956573295
40	54	104.125219	8.526309711002778
40	57	5.217101	20.3335743742366
40	59	5.028408	16.819342473427064
40	60	5.028408	14.182703918860241
40	29	498.945235	2.886081768042401
40	61	4.613064	27.18629815760325
40	62	4.787765	18.924020065645152
40	63	4.787765	17.75908161873261
42	1	0.496327	22.789965324468035
42	2	2.416144	21.166271723537445
42	3	2.412158	17.98380652106906
42	35	7.339751	7.070718822161683
42	36	69.17995	5.14032958152483
42	6	2.428495	15.82432993790462
42	13	2.373871	16.882029462369584
42	14	2.373871	14.048873053930581
42	48	295.103713	6.582410673185029
42	53	20.649333	9.54166138587566
42	22	2.437443	10.535647245698149
42	54	347.505229	5.396944569322821
42	23	275.055078	7.07930294825612
42	24	275.055078	6.359879352510309
42	25	275.055078	6.920723421393232
42	26	275.055078	6.04461106545582
43	32	7.423145	8.545932523885604
43	48	495.813688	6.612962952868056
43	33	7.423145	9.461543475929611
43	35	7.772933	5.410875525020652
43	36	85.28845	3.4804862843837996
43	30	7.423145	10.413356296413804
43	31	7.423145	9.75337894025766
44	32	7.423145	7.215029273315735
44	48	495.813688	5.282059702298188
44	33	7.423145	8.130640225359743
44	35	7.772933	4.079972274450784
44	36	85.28845	2.149583033813931
44	30	7.423145	9.082453045843936
44	31	7.423145	8.422475689687792
45	32	7.423145	8.669298599422769
45	48	495.813688	4.8970974233998446
45	33	7.423145	9.58490955146678
45	35	7.772933	5.534241600557817
45	36	85.28845	3.603852359920965
45	30	7.423145	10.53672237195097
45	31	7.423145	9.876745015794826
46	32	7.423145	8.128059247166538
46	48	495.813688	4.355858071143614
46	33	7.423145	9.043670199210547
46	35	7.772933	4.993002248301587
46	36	85.28845	3.062613007664734
46	30	7.423145	9.995483019694738
46	31	7.423145	9.335505663538594
48	1	0.544804	27.338589507356364
48	2	4.766722	25.714895906425745
48	3	4.742102	22.532430703957388
48	6	5.201306	20.372954120792894
48	10	5.264023	17.557391722006525
48	42	149.787104	6.922747393900079
48	13	4.697908	21.43065364525786
48	14	4.697908	18.59749723681886
48	49	38.749915	4.930344672696767
48	50	60.560394	8.674593169159413
48	51	60.560394	11.50245402987797
48	20	4.837528	18.36981301305984
48	52	6.464663	7.258780686516188
48	21	5.288314	12.951736733964104
48	53	6.447164	4.267348495748147
48	22	5.401379	15.084271428586423
48	54	465.407703	7.108305668303761
48	23	103.15795	11.62792713114442
48	24	103.15795	10.908503535398609
48	25	103.15795	11.46934760428153
48	26	103.15795	10.593235248344117
49	1	0.571588	31.9149519068381
49	2	7.606273	30.291258305907604
49	3	7.583014	27.108793103439247
49	6	8.7594	24.949316520274756
49	10	8.940253	22.442708673607772
49	13	7.340665	26.007016044739743
49	14	7.340665	23.173859636300726
49	48	34.795661	4.88531695160122
49	50	55.381488	3.7442484964626472
49	51	55.381488	9.520567755376906
49	20	7.855097	23.25512996466106
49	52	5.497575	12.144097638117408
49	21	8.940739	17.837053685565333
49	53	5.458531	9.152665447349367
49	22	9.258434	19.660633828068345
49	54	32.645398	11.993622619904981
49	29	14.551527	13.438937905945844
50	1	0.579193	35.68325929541165
50	2	9.282696	34.05956569448106
50	3	9.27495	30.877100492012747
50	6	11.092619	28.717623908848267
50	10	11.349321	26.2110160621812
50	13	8.88281	29.775323433313183
50	14	8.88281	26.942167024874188
50	48	225.872637	8.65362434017466
50	49	11.520449	3.768307388573441
50	20	9.683341	27.0234373532345
50	52	388.124058	10.160488895543608
50	21	11.333564	21.605361074138774
50	53	69.876441	12.864136843999821
50	22	11.832665	23.428941216641753
50	54	31.992984	15.761930008478423
50	57	121.442833	31.594444674212696
50	29	22.049089	17.2072452945193
51	1	0.579193	38.75524024351906
51	2	9.282696	37.13154664258847
51	3	9.27495	33.94908144012016
51	6	11.092619	31.78960485695565
51	10	11.349321	28.9740424581693
51	13	8.88281	32.8473043814206
51	14	8.88281	30.0141479729816
51	48	225.872637	11.41672618713322
51	49	11.520449	9.650152806120314
51	20	9.683341	27.931286441787275
51	52	388.124058	4.384169636629349
51	21	11.333564	24.368484026387275
51	53	69.876441	7.087817585085563
51	22	11.832665	26.501018571573205
51	54	31.992984	11.108285114895333
51	57	121.442833	32.50235252701405
51	29	22.049089	20.279345966620568
52	32	5.700315	17.931362875324
52	1	0.544491	34.37116759729183
52	33	5.700315	18.846973827368014
52	2	4.633824	32.74747356221951
52	3	4.613355	29.565008359751168
52	35	5.900486	14.796305876459039
52	36	19.065057	12.865916635822204
52	6	5.058002	27.40553177658671
52	10	5.102921	24.589969377800355
52	13	4.553321	28.46323130105161
52	14	4.553321	25.630074892612615
52	48	181.068397	7.032635693965942
52	49	31.554972	11.963003817008172
52	50	88.038327	10.12552286639648
52	51	88.038327	4.243677448849608
52	20	4.692664	23.547116805157913
52	21	5.19048	19.9843958782755
52	53	84.28561	2.7036479484562146
52	22	5.196287	22.116849084380245
52	54	34.681336	6.724115478265984
52	30	5.700315	19.798786647852204
52	31	5.700315	19.13880929169606
53	1	0.546041	31.667600703211587
53	2	4.662076	30.0439071022809
53	3	4.645671	26.861441899812608
53	6	5.052007	24.701965316648064
53	10	5.109795	21.886402917861712
53	13	4.560125	25.759664841113096
53	14	4.560125	22.926508432674094
53	20	4.710273	20.843468856701715
53	21	5.093015	17.28074792981932
53	22	5.207074	19.41328262444165
53	30	6.125598	17.09513869939598
53	31	6.125598	16.435161343239837
53	32	6.125598	15.227714926867781
53	33	6.125598	16.14332587891179
53	35	6.348829	12.09265792800283
53	36	24.483848	10.162268687365977
53	42	15.686674	9.396403237541959
53	43	33.906862	9.397510057697092
53	44	33.906862	8.012685653552046
53	45	33.906862	7.6502025015530055
53	46	33.906862	7.099655679701241
53	48	168.926402	4.329011195855194
53	49	31.400682	9.25935586855196
53	50	63.973167	13.00360436501461
53	51	63.973167	7.235159136456912
53	52	234.005453	2.991481687607304
53	54	56.171572	4.020467529809769
54	64	8.54667	19.289291176489044
54	1	0.529152	28.1659010322003
54	65	8.54667	17.60602645734716
54	66	8.54667	19.374034710554263
54	3	1.904684	23.35974222880127
54	67	42.247234	16.006789491997598
54	69	562.289671	15.06862017036816
54	6	3.592571	21.200265645636794
54	13	4.757789	22.257965170101766
54	14	4.757789	19.424808761662767
54	20	4.932186	16.823001326891944
54	21	0.959323	13.779048258807999
54	22	5.467891	15.911582953430326
54	23	9.224858	12.45523865598831
54	24	9.224858	11.7358150602425
54	25	9.224858	12.296659129125423
54	26	9.224858	11.42054677318801
54	30	9.646155	13.07467116958621
54	31	9.646155	12.414693813430066
54	32	9.646155	11.20724739705801
54	33	9.646155	12.122858349102017
54	36	41.941758	6.141801157556207
54	42	21.310982	5.3759357077321885
54	43	80.459532	5.377042527887322
54	44	80.459532	3.9922181237422754
54	45	80.459532	3.6297349717432357
54	46	80.459532	3.079188149891472
54	48	187.877796	7.226697620455501
54	49	32.255685	12.157042293152267
54	50	16.518454	15.901290789614915
54	51	16.518454	11.379875953009751
54	52	19.659907	7.136198504160143
54	53	21.569117	4.1447168165528385
54	57	9.348803	21.39400864787014
54	58	10.843154	18.839600750059134
54	59	10.099291	16.116409599229467
54	60	10.099291	13.479771044662645
54	61	8.493613	26.483365283405654
54	62	8.54667	18.221087191447555
54	63	8.54667	17.05614874453501
55	12	136.826753	35.156627089521145
56	12	136.826753	34.58884522384847
57	32	31.207997	10.843356781617393
57	64	21.093195	14.402469958621808
57	33	31.207997	14.21023325133024
57	65	21.093195	12.719205239479919
57	66	21.093195	14.48721349268702
57	35	9.65516	15.395819691778152
57	67	24.06731	11.11996827413036
57	69	29.464662	12.455888191341147
57	50	157.185283	33.57060265503197
57	51	157.185283	35.090419335020094
57	54	16.79222	23.710543382010318
57	23	27.201724	14.551048375254716
57	24	27.201724	15.289114957856768
57	25	27.201724	15.849959026739691
57	26	27.201724	15.767251560911106
57	59	34.470231	5.340071625565928
57	60	34.470231	8.592949826795403
57	61	23.341177	21.596544065538414
57	30	31.207997	10.810296009564402
57	62	21.093195	13.334265973580315
57	31	31.207997	11.468538485616486
57	63	21.093195	12.169327526667772
58	64	18.025677	11.674047974186083
58	1	3.121589	17.216523159323167
58	65	18.025677	9.990783255044196
58	66	18.025677	11.758791508251297
58	3	3.198683	12.410364355924198
58	67	19.992593	8.391546289694634
58	69	22.93063	9.727466206905419
58	6	10.860629	10.250887772759738
58	13	14.842005	15.915310728704162
58	14	14.842005	14.894489266711098
58	16	23.688343	12.357069314137195
58	17	23.688343	12.782872379929415
58	18	23.688343	10.267627236775951
58	20	85.600503	3.8550501543718356
58	21	29.697176	9.960379749863023
58	22	24.790304	12.092914444485361
58	29	23.706615	14.244236453269034
58	30	24.997455	7.5616634780427185
58	31	24.997455	8.219905954094802
58	32	24.997455	8.114934797181668
58	33	24.997455	11.481811266894514
58	35	8.85386	12.66739770734245
58	37	17.462714	15.430755949695646
58	38	17.462714	16.431133338133094
58	39	17.462714	17.423393643288218
58	40	17.462714	17.203806391760857
58	49	8.12843	27.0979321741336
58	50	8.669538	30.842180670596274
58	51	8.669538	32.36199735058442
58	54	14.435015	20.982121397574616
58	57	128.693118	3.168900216812457
58	59	23.668492	2.611649641130202
58	60	23.668492	5.86452784235968
58	61	18.936814	18.86812208110269
58	62	18.025677	10.60584398914459
58	63	18.025677	9.440905542232047
59	64	58.257931	9.062398333055878
59	1	0.584093	19.939714310152837
59	65	58.257931	7.379133613913992
59	66	58.257931	9.147141867121094
59	3	2.342811	15.133555506753867
59	67	86.322694	5.779896648564431
59	69	251.253473	7.115816565775216
59	6	6.160351	12.974078923589408
59	13	9.680315	18.638501879533834
59	14	9.680315	17.61768041754077
59	20	10.215358	6.578241305201503
59	21	1.070399	12.68357090069268
59	22	13.726485	14.816105595315035
59	23	117.686596	14.025606994562692
59	24	117.686596	14.763673577164749
59	25	117.686596	15.324517646047669
59	26	117.686596	15.241812650303395
59	29	13.372854	16.96742760409871
59	30	211.109733	5.610474958319196
59	31	211.109733	6.268717434371282
59	32	211.109733	5.503285156051465
59	33	211.109733	8.870159316352614
59	35	14.018481	10.055748066212244
59	54	33.092327	18.37047175644443
59	61	83.196113	16.256472439972487
59	62	58.257931	7.994194348014387
59	63	58.257931	6.829255901101844
60	64	58.257931	5.809520131826401
60	1	0.584093	19.46739991934679
60	65	58.257931	4.126255412684515
60	66	58.257931	5.894263665891616
60	3	2.342811	14.661241115947819
60	67	86.322694	2.5270184473349544
60	69	251.253473	3.862938364545739
60	6	6.160351	12.50176453278336
60	13	9.680315	18.166187488727786
60	14	9.680315	17.145366026734724
60	20	10.215358	6.1059269143954555
60	21	1.070399	12.211256509886631
60	22	13.726485	14.343791204508987
60	23	117.686596	12.230308214893768
60	24	117.686596	11.5109000016973
60	25	117.686596	12.071809040883869
60	26	117.686596	11.989114015977734
60	29	13.372854	16.49511321329266
60	30	211.109733	2.35759675708972
60	31	211.109733	3.015839233141805
60	32	211.109733	2.2504069548219885
60	33	211.109733	5.61728100288506
60	35	14.018481	6.802960230853221
60	54	33.092327	15.117683921085398
60	61	83.196113	13.003594238743007
60	62	58.257931	4.741316146784911
60	63	58.257931	3.5763776998723666
61	64	13.458986	18.810646869195743
61	1	0.550263	32.46852665671612
61	65	13.458986	17.127382150053855
61	66	13.458986	18.895390403260958
61	3	2.074518	27.662367853317154
61	67	14.497015	15.528145184704295
61	69	15.798465	16.864065101915084
61	6	4.333691	25.502891270152695
61	13	6.02138	31.167314226097112
61	14	6.02138	30.146492764104053
61	20	6.325123	19.107053651764794
61	21	1.015204	25.21238324725598
61	22	7.195995	27.344917941878304
61	23	15.216327	25.23152774961184
61	24	15.216327	24.512104153866026
61	25	15.216327	25.072948222748966
61	26	15.216327	24.990240756920382
61	29	7.102218	29.496239950661987
61	30	16.360618	15.35872349445906
61	31	16.360618	16.016965970511144
61	32	16.360618	15.251533692191328
61	33	16.360618	18.618409124356432
61	35	7.755535	19.804086968222553
61	54	11.362737	28.118810658454723
61	57	15.788832	20.915364340576836
61	58	20.615381	18.360956442765833
61	59	17.726091	15.637765291936164
61	60	17.726091	13.00112673736934
61	62	13.458986	17.74244288415425
61	63	13.458986	16.577504437241707
62	1	0.546584	23.326307995324488
62	3	1.993297	18.52014919192552
62	67	10.781305	6.385926523312653
62	69	11.633072	7.721846440523438
62	6	3.935759	16.36067260876106
62	13	5.225736	22.02509556470548
62	14	5.225736	21.00427410271242
62	20	5.528133	9.964834990373154
62	21	0.978248	16.070164585864344
62	22	6.111092	18.202699280486662
62	23	10.979506	16.089309088220205
62	24	10.979506	15.369885492474385
62	25	10.979506	15.930729561357316
62	26	10.979506	15.84802209552873
62	29	6.066674	20.354021289270342
62	30	11.220804	6.21650483306742
62	31	11.220804	6.874747309119504
62	32	11.220804	6.109315030799688
62	33	11.220804	9.476189146999978
62	35	6.509325	10.661868306830922
62	54	9.048537	18.97659199706311
62	57	11.902776	11.773145679185196
62	58	14.019985	9.218737781374191
62	59	12.142594	6.495546630544523
62	60	12.142594	3.8589080759776992
62	61	10.181054	16.862502314720707
63	1	0.546584	22.2808238554677
63	3	1.993297	17.47466505206873
63	67	10.781305	5.340442383455867
63	69	11.633072	6.676362300666652
63	6	3.935759	15.315188468904273
63	13	5.225736	20.979611424848695
63	14	5.225736	19.958789962855633
63	20	5.528133	8.919350850516368
63	21	0.978248	15.024680446007556
63	22	6.111092	17.15721514062988
63	23	10.979506	15.043824948363415
63	24	10.979506	14.324401352617597
63	25	10.979506	14.885245421500528
63	26	10.979506	14.802537955671944
63	29	6.066674	19.30853714941356
63	30	11.220804	5.171020693210632
63	31	11.220804	5.829263169262718
63	32	11.220804	5.063830890942901
63	33	11.220804	8.430797726526196
63	35	6.509325	9.616384166974136
63	54	9.048537	17.931107857206324
63	57	11.902776	10.72766153932841
63	58	14.019985	8.173253641517405
63	59	12.142594	5.450062490687737
63	60	12.142594	2.813423936120913
63	61	10.181054	15.817018174863922
64	1	0.546584	24.50845264855367
64	3	1.993297	19.702293845154703
64	67	10.781305	7.568071176541841
64	69	11.633072	8.903991093752625
64	6	3.935759	17.54281726199024
64	13	5.225736	23.207240217934665
64	14	5.225736	22.186418755941606
64	20	5.528133	11.146979643602341
64	21	0.978248	17.252309239093528
64	22	6.111092	19.38484393371585
64	23	10.979506	17.27145374144937
64	24	10.979506	16.552030145703576
64	25	10.979506	17.112874214586505
64	26	10.979506	17.03016674875791
64	29	6.066674	21.53616594249953
64	30	11.220804	7.3986494862966055
64	31	11.220804	8.05689196234869
64	32	11.220804	7.291459684028874
64	33	11.220804	10.658426519612176
64	35	6.509325	11.844012960060107
64	54	9.048537	20.158736650292294
64	57	11.902776	12.955290332414384
64	58	14.019985	10.400882434603378
64	59	12.142594	7.67769128377371
64	60	12.142594	5.041052729206886
64	61	10.181054	18.044646967949895
65	1	0.546584	22.85431445509136
65	3	1.993297	18.04815565169239
65	67	10.781305	5.913932983079527
65	69	11.633072	7.249852900290312
65	6	3.935759	15.888679068527933
65	13	5.225736	21.553102024472356
65	14	5.225736	20.532280562479293
65	20	5.528133	9.492841450140029
65	21	0.978248	15.598171045631217
65	22	6.111092	17.73070574025354
65	23	10.979506	15.61731554798708
65	24	10.979506	14.897891952241267
65	25	10.979506	15.458736021124189
65	26	10.979506	15.376028555295603
65	29	6.066674	19.88202774903722
65	30	11.220804	5.744511292834294
65	31	11.220804	6.402753768886378
65	32	11.220804	5.637321490566562
65	33	11.220804	9.004288326149855
65	35	6.509325	10.189874766597796
65	54	9.048537	18.50459845682998
65	57	11.902776	11.30115213895207
65	58	14.019985	8.746744241141064
65	59	12.142594	6.023553090311395
65	60	12.142594	3.3869145357445727
65	61	10.181054	16.390508774487582
66	1	0.546584	24.780578931852727
66	3	1.993297	19.974420128453758
66	67	10.781305	7.840197459840893
66	69	11.633072	9.176117377051678
66	6	3.935759	17.8149435452893
66	13	5.225736	23.47936650123372
66	14	5.225736	22.45854503924066
66	20	5.528133	11.419105926901395
66	21	0.978248	17.524435522392583
66	22	6.111092	19.65697021701491
66	23	10.979506	17.543580024748444
66	24	10.979506	16.824156429002624
66	25	10.979506	17.38500049788555
66	26	10.979506	17.302293032056966
66	29	6.066674	21.808292225798585
66	30	11.220804	7.670775769595659
66	31	11.220804	8.329018245647744
66	32	11.220804	7.563585967327928
66	33	11.220804	10.93055280291122
66	35	6.509325	12.116139243359163
66	54	9.048537	20.43086293359135
66	57	11.902776	13.227416615713437
66	58	14.019985	10.67300871790243
66	59	12.142594	7.949817567072763
66	60	12.142594	5.31317901250594
66	61	10.181054	18.316773251248947
67	64	10.834004	8.419926208455117
67	1	0.541428	22.077805995975503
67	65	10.834004	6.73666148931323
67	66	10.834004	8.504669742520331
67	3	2.007721	17.271647192576534
67	69	194.332498	5.5871347027078695
67	6	4.005885	15.112170609412075
67	13	5.383699	20.776593565356517
67	14	5.383699	19.75577210336346
67	20	5.685916	8.71633299102417
67	21	0.979881	14.82166258651536
67	22	6.328726	16.954197281137702
67	23	11.91284	14.840807088871188
67	24	11.91284	14.121383493125384
67	25	11.91284	14.682227562008299
67	26	11.91284	14.599520096179718
67	29	6.270266	19.105519289921368
67	30	12.547047	4.968002833718435
67	31	12.547047	5.626245309770519
67	32	12.547047	4.860813031450704
67	33	12.547047	8.227779867034
67	54	56.919569	17.728089997714118
67	57	12.231377	10.524643679836213
67	58	14.879226	7.970235782025206
67	59	13.339367	5.247044631195538
67	60	13.339367	2.6104060766287147
67	61	10.724136	15.614000315371724
67	62	10.834004	7.351722223413626
67	63	10.834004	6.186783776501081
69	64	28.685999	9.478858921588628
69	1	0.580411	23.136738709109014
69	65	28.685999	7.795594202446741
69	66	28.685999	9.563602455653843
69	3	2.225744	18.330579905710046
69	67	310.301041	5.624568827574611
69	6	5.385822	16.171103322545587
69	13	12.417476	21.835526278489994
69	14	12.417476	20.814704816496935
69	20	8.490513	9.77526570415768
69	21	3.624397	15.880595299648874
69	22	57.006301	18.013129994271203
69	29	16.350051	20.16445200305488
69	30	44.807886	6.026935546851945
69	31	44.807886	6.685178022904029
69	32	44.807886	5.919745744584213
69	33	44.807886	9.286622797487636
69	54	624.560928	15.39618762340013
69	57	43.638067	11.583576392969723
69	58	141.860661	9.029168495158718
69	59	57.598934	6.305977344329048
69	60	57.598934	3.6693387897622256
69	61	28.856281	16.672933028505234
69	62	28.685999	8.410654936547136
69	63	28.685999	7.245716489634592
75	96	400.0	46.62392811956937
75	97	300.0	33.596269274240974
75	98	100.0	29.862325867518784
75	76	100.0	6.001420898821666
75	77	100.0	4.012867624813987
75	78	500.0	8.49033723263464
75	79	200.0	10.94983487594053
75	80	300.0	12.871587350332582
75	81	500.0	36.60211834971908
75	82	800.0	30.412696987581143
75	83	500.0	22.17200549049965
75	84	1300.0	29.010708973128086
75	85	500.0	15.990698859430728
75	86	200.0	8.067358711058755
75	87	500.0	11.090552897128564
75	88	300.0	30.827679180540713
75	89	500.0	43.9064510855799
75	90	500.0	41.94020753564108
75	91	400.0	45.3187265668831
75	92	100.0	38.6593137056058
75	93	300.0	48.659659135393966
75	94	300.0	43.05376419259011
75	95	100.0	42.34284238694323
76	96	100.0	45.12849110643304
76	75	100.0	6.001645934032366
76	77	100.0	10.014513558846353
76	78	200.0	14.491983166667012
76	79	100.0	16.951545068523675
76	80	400.0	6.870166451510915
76	81	200.0	30.600697450897368
76	82	400.0	24.411276088759454
76	83	200.0	28.173715683082815
76	84	600.0	35.01241057288222
76	85	200.0	21.992344793463094
76	86	100.0	14.069004645091121
76	87	300.0	17.09219883116093
76	88	100.0	36.8293251145731
76	89	100.0	49.908097467561674
76	90	400.0	35.93879051489995
76	91	200.0	45.82226261315208
76	93	100.0	49.644675990717
76	94	100.0	37.05234329376843
77	96	100.0	42.61106647484673
77	97	100.0	29.58340164942699
77	75	100.0	4.01179225475782
77	76	100.0	10.013213153579485
77	78	200.0	4.477469607820653
77	79	100.0	6.936967251126541
77	80	300.0	16.883395623313138
77	81	100.0	40.61390056972927
77	82	200.0	34.42447920759136
77	83	100.0	18.159137865685658
77	84	300.0	24.99784179132865
77	85	300.0	11.977831234616733
77	86	200.0	4.054491086244768
77	87	100.0	7.077685272314576
77	88	100.0	26.814811555726738
77	89	100.0	39.893583899427774
77	90	200.0	45.951993633505246
77	91	100.0	41.30585894206907
78	96	400.0	44.593310993209144
78	97	500.0	31.565603285977723
78	98	200.0	30.396049513554807
78	75	500.0	8.558383525607832
78	76	200.0	14.559804424429503
78	77	200.0	4.546591270850012
78	79	500.0	2.459497643305889
78	80	400.0	12.405926951447718
78	81	400.0	36.13644635043191
78	82	700.0	29.94703658869626
78	83	700.0	13.681668257865008
78	84	1200.0	20.520372183508
78	85	1400.0	7.5003616267960815
78	86	600.0	8.60108235709478
78	87	600.0	11.624276543164587
78	88	500.0	22.337341947906072
78	89	500.0	35.416114274403945
78	90	800.0	41.474549195188196
78	91	500.0	36.82838933424842
78	92	100.0	38.193653306720904
78	93	200.0	40.16932190242309
78	94	300.0	42.58810379370524
78	95	200.0	42.87656603297926
79	96	200.0	42.13382218646595
79	97	100.0	34.06540391849048
79	75	200.0	11.058184158120604
79	76	100.0	17.059672846335864
79	77	100.0	7.046391903362783
79	78	500.0	2.4998006325127706
79	80	200.0	9.946429308141829
79	81	200.0	33.67696030752828
79	82	500.0	27.48753894539037
79	83	800.0	11.222170614559118
79	84	1000.0	18.06087454020211
79	85	500.0	10.000162259308851
79	86	200.0	11.10088298960755
79	87	200.0	14.12407717567736
79	88	100.0	24.837142580418842
79	89	200.0	32.956616649193336
79	90	500.0	39.01505092689971
79	91	200.0	34.36889169094253
79	93	100.0	37.70982425945344
79	94	100.0	40.12860615039935
79	95	100.0	45.37636666549202
80	96	200.0	38.25832465492209
80	97	100.0	44.146782535503235
80	98	100.0	42.97722901356299
80	75	300.0	13.114903474277671
80	76	400.0	7.113257540245305
80	77	300.0	17.127770738745895
80	78	400.0	12.581179249525526
80	79	200.0	10.081378617012756
80	81	400.0	23.730530999386453
80	82	800.0	17.54110963724854
80	83	400.0	21.303549231571875
80	84	800.0	28.142253157214878
80	85	400.0	20.081540876321608
80	86	200.0	21.182262185336434
80	87	200.0	24.205456371406243
80	88	100.0	34.9185211974316
80	89	200.0	43.03799526620612
80	90	900.0	29.068624063389013
80	91	500.0	38.952096161641144
80	92	100.0	25.787726355273186
80	93	200.0	42.77450953920611
80	94	300.0	30.182176842257515
80	95	100.0	38.464131546584994
81	96	500.0	14.527793655535636
81	97	200.0	28.04522268425032
81	98	100.0	27.836878967938155
81	75	500.0	38.378606406593015
81	76	200.0	32.37696047256065
81	77	100.0	42.391473892141086
81	78	400.0	37.84488218184085
81	79	200.0	35.345081549328086
81	80	400.0	25.263702932315315
81	82	1000.0	6.54249013484907
81	83	600.0	23.56111182815759
81	84	1900.0	30.399867410261827
81	85	500.0	43.92508302196201
81	86	700.0	46.446027862664124
81	87	400.0	47.54014642016048
81	88	200.0	37.33304510472824
81	89	500.0	23.866649125781258
81	90	1400.0	5.338031609338759
81	91	1000.0	15.221503707590887
81	92	200.0	2.0571953558867326
81	93	400.0	19.043978539819634
81	94	500.0	6.451645842871064
81	95	200.0	14.733600547198535
82	96	500.0	20.71721501767355
82	97	300.0	34.23464404638819
82	98	200.0	34.026300330076076
82	75	800.0	31.83611627174392
82	76	400.0	25.834470337711526
82	77	200.0	35.849002669184955
82	78	700.0	31.302394287324475
82	79	500.0	28.80259141447898
82	80	800.0	18.721212797466222
82	81	1000.0	6.189421362137914
82	83	800.0	17.018621693308496
82	84	1600.0	23.857325618951496
82	85	800.0	37.38251488101357
82	86	600.0	39.90347440408653
82	87	600.0	42.92666859015633
82	88	400.0	43.5224572925578
82	89	600.0	30.05607048791917
82	90	2200.0	11.527514426140474
82	91	1400.0	21.410986524392573
82	92	300.0	8.246616718024647
82	93	700.0	25.233399901957554
82	94	900.0	12.641067205008978
82	95	400.0	20.92302190933645
83	96	700.0	30.91165157190683
83	97	500.0	44.42908601099145
83	98	200.0	44.67991899478309
83	75	500.0	22.842253006836053
83	76	200.0	28.84369922234658
83	77	100.0	18.830460752078235
83	78	700.0	14.283869481228223
83	79	800.0	11.784068848715453
83	80	400.0	21.73049815685728
83	81	600.0	22.454762704043585
83	82	800.0	16.265341341905668
83	84	2800.0	6.838703925642991
83	85	1400.0	20.36389318770505
83	86	600.0	22.884951838323012
83	87	600.0	25.908146024392817
83	88	600.0	35.20082239535734
83	89	900.0	21.73444603463422
83	90	1400.0	27.792815673027032
83	91	900.0	23.146721076383415
83	92	200.0	24.511958059930326
83	93	400.0	26.48765364489433
83	94	600.0	28.90640854691468
83	95	300.0	35.15591060315247
84	75	1300.0	29.853577532306698
84	76	600.0	35.85503376197087
84	77	300.0	25.841785277548833
84	78	1200.0	21.29519400669882
84	79	1000.0	18.79539337418605
84	80	800.0	28.741822682327893
84	81	1900.0	29.4659926868163
84	82	1600.0	23.276665867376273
84	83	2800.0	7.011324525470599
84	85	4000.0	13.525189262062028
84	86	2000.0	29.89628532189656
84	22	3000.0	68.15022507732773
84	87	1900.0	32.91947054986341
84	88	2100.0	28.36216958317202
84	89	4000.0	14.895742108991229
84	90	4400.0	24.14233311929416
84	91	3900.0	16.308017150740397
84	92	700.0	27.4035946048483
84	93	1800.0	19.648949719251338
84	94	2500.0	31.79800543626282
84	95	1200.0	28.317206677509475
84	96	2600.0	24.072947646263838
84	97	1800.0	37.590377880326535
84	98	800.0	41.420485098249074
84	114	4000.0	54.49674554877847
85	96	1100.0	37.092927276372045
85	97	1300.0	24.065241659181623
85	98	600.0	27.895281252313442
85	75	500.0	16.32846067065155
85	76	200.0	22.329881569473223
85	77	300.0	12.316668415893727
85	78	1500.0	7.770077145043715
85	79	500.0	10.229574788349604
85	80	400.0	20.176004096491432
85	81	500.0	42.48603038349354
85	82	800.0	36.296646353103085
85	83	1400.0	20.03130501119741
85	84	3900.0	13.01998048572682
85	86	1400.0	16.37110352792151
85	87	1000.0	19.394297713991314
85	88	1600.0	14.83698032110999
85	89	1400.0	27.91572321572447
85	90	1400.0	37.16231360502099
85	91	1000.0	29.32799763646724
85	92	100.0	40.42357509057512
85	93	400.0	32.668933856426186
85	94	600.0	44.818018256209015
85	95	400.0	40.37579777173785
86	96	700.0	38.5565764475601
86	97	700.0	25.528910563182222
86	98	500.0	21.79496715646003
86	75	200.0	8.058944361908694
86	76	100.0	14.06036526073036
86	77	200.0	4.047152107150874
86	78	600.0	8.524621714971527
86	79	200.0	10.984119358277416
86	80	200.0	20.93054249738816
86	81	700.0	44.66107752573456
86	82	600.0	38.47165632151925
86	83	600.0	22.206289972836544
86	84	2000.0	29.044992938309065
86	85	1400.0	16.02494365063237
86	87	1300.0	3.0231941860698077
86	88	700.0	30.861916740365665
86	89	700.0	43.94070397695966
86	90	700.0	49.999148021634966
86	91	600.0	45.35298057748366
86	92	200.0	46.718270784678296
86	93	300.0	48.693869210919544
86	94	400.0	42.28078524149571
86	95	300.0	34.275483675884445
87	96	1300.0	35.53332494960325
87	97	800.0	22.505716377112414
87	98	800.0	18.77177297039022
87	75	500.0	11.08427374422094
87	76	300.0	17.085694643042608
87	77	100.0	7.0724814894631205
87	78	600.0	11.549951097283774
87	79	200.0	14.009448740589665
87	80	200.0	23.955878048731506
87	81	400.0	45.75753336593447
87	82	600.0	41.496985480971766
87	83	600.0	25.231619355148798
87	84	1900.0	32.07024628729476
87	85	1000.0	19.050265801567924
87	86	1300.0	3.025329382312247
87	88	600.0	31.7936044329363
87	89	700.0	44.87237047485613
87	90	600.0	46.9759715374185
87	91	500.0	48.378284777414535
87	92	100.0	43.695135283966444
87	93	300.0	49.62562722770873
87	94	600.0	39.25759105542589
87	95	600.0	31.25228948981463
88	96	1200.0	22.255931995763405
88	97	1100.0	9.228261338071633
88	98	400.0	13.058300931203448
88	75	300.0	31.75263973799862
88	76	100.0	37.754060636820306
88	77	100.0	27.740847483240813
88	78	500.0	23.194256212390783
88	79	100.0	25.653753855696692
88	80	100.0	35.60018316383852
88	81	200.0	36.48090595404317
88	82	400.0	43.02339603544324
88	83	600.0	35.45541488769071
88	84	2100.0	28.444087104051402
88	85	1600.0	15.424179067347072
88	86	700.0	31.79528259526859
88	87	600.0	32.76156838342577
88	89	1300.0	13.078745925056097
88	90	700.0	34.75999311514087
88	91	700.0	25.065759829470817
88	92	100.0	34.418507817156375
88	93	300.0	17.831953535316195
88	94	500.0	29.980963590085636
88	95	400.0	25.53881745062786
89	96	2600.0	9.17720553727261
89	97	1000.0	22.69463279820412
89	98	400.0	26.524681528247427
89	75	500.0	45.21891871130195
89	76	100.0	51.22037897706534
89	77	100.0	41.20712645654411
89	78	500.0	36.66053518569406
89	79	200.0	34.16073455318133
89	80	200.0	44.10716386132318
89	81	500.0	23.402159975538126
89	82	600.0	29.944650110387194
89	83	1000.0	22.37666570446588
89	84	4000.0	15.36534117899528
89	85	1400.0	28.89054151939414
89	86	700.0	45.26164782301523
89	87	700.0	46.22797023700677
89	88	1300.0	13.466371301384068
89	90	1200.0	21.68124719008472
89	91	1500.0	11.98701390441469
89	92	200.0	21.339761893570103
89	93	800.0	4.753207610260098
89	94	1100.0	16.90221766502954
89	95	800.0	13.421464568518244
90	96	1200.0	15.731859785203035
90	97	500.0	29.249288813917683
90	98	300.0	29.04094509760554
90	75	500.0	43.7021676500043
90	76	400.0	37.70052171597193
90	77	200.0	47.715034696102165
90	78	800.0	43.16844342525215
90	79	500.0	40.668642792739384
90	80	900.0	30.587264175726627
90	81	1400.0	5.3236595675221565
90	82	2200.0	11.866051378260389
90	83	1400.0	28.88472824898365
90	84	4400.0	25.06187730506453
90	85	1400.0	38.587066567126556
90	86	700.0	51.769529411045525
90	87	600.0	48.744212549827814
90	88	700.0	35.560262978705076
90	89	1200.0	22.09389167732096
90	91	2800.0	9.883472098252117
90	92	500.0	3.2612614855541286
90	93	1300.0	17.271221091359337
90	94	1600.0	7.65571197253846
90	95	600.0	15.937666676865934
91	96	1700.0	21.38762511634145
91	97	600.0	34.9050541325342
91	98	300.0	38.735168809867666
91	75	400.0	46.161629574881275
91	76	200.0	47.39475500164198
91	77	100.0	42.149802428289206
91	78	500.0	37.60321115743919
91	79	200.0	35.10341052492642
91	80	500.0	40.28149746139667
91	81	1000.0	15.017892853192174
91	82	1400.0	21.56028466393042
91	83	900.0	23.31934167621096
91	84	3900.0	16.308017150740337
91	85	1000.0	29.83320641280237
91	86	600.0	46.2043020592772
91	87	500.0	49.227504117934885
91	88	700.0	25.676790880452916
91	89	1500.0	12.21041957906884
91	90	2800.0	9.694233285670016
91	92	600.0	12.955494771224146
91	93	1700.0	7.387748993107218
91	94	1700.0	17.34994525820848
91	95	600.0	25.631886851957553
92	96	300.0	12.470598299648902
92	97	100.0	25.988027328363543
92	75	100.0	40.44100448856099
92	78	100.0	39.90728026380885
92	80	100.0	27.32610101428332
92	81	200.0	2.0623980819680283
92	82	300.0	8.604888216817098
92	83	200.0	25.623509910125605
92	84	700.0	28.342713558516557
92	85	200.0	41.867902820578585
92	86	200.0	48.508330513255615
92	87	100.0	45.48295106427372
92	88	100.0	35.27591264628812
92	89	200.0	21.809453769894525
92	90	500.0	3.2808362534520263
92	91	600.0	13.164308351704143
92	93	300.0	16.98678318393287
92	94	400.0	4.394450486984331
92	95	100.0	12.676405191311803
93	96	1200.0	13.999876123234236
93	97	300.0	27.517305151948875
93	98	100.0	31.34741125014152
93	75	300.0	50.04158929726357
93	76	100.0	51.02591283783866
93	78	200.0	41.48320577165575
93	79	100.0	38.98340513914297
93	80	200.0	43.912655297593346
93	81	400.0	18.648952365278024
93	82	700.0	25.191442500127103
93	83	400.0	27.199336290427514
93	84	1800.0	20.188011764956915
93	85	400.0	33.713207372556944
93	86	300.0	50.084316638245895
93	87	300.0	51.050677334639765
93	88	300.0	18.289041887345693
93	89	800.0	4.822670585961624
93	90	1300.0	16.928039579824613
93	91	1700.0	7.233806294154598
93	92	300.0	16.586554283309997
93	94	1200.0	12.149010054769443
93	95	400.0	18.24413515447987
94	96	2400.0	8.076147812664571
94	97	700.0	21.59357684137921
94	98	400.0	21.385233125067078
94	75	300.0	44.878548717101545
94	76	100.0	38.87690278306918
94	78	300.0	44.3448244923494
94	79	100.0	41.84502385983663
94	80	300.0	31.76364524282387
94	81	500.0	6.499942310508581
94	82	900.0	13.042432445357651
94	83	600.0	30.061054138666137
94	84	2500.0	32.780262480832285
94	85	600.0	46.30544792976755
94	86	500.0	44.113829959601645
94	87	600.0	41.088500577289395
94	88	500.0	30.881375119004062
94	89	1100.0	17.415003282910185
94	90	1600.0	7.71838048199258
94	91	1700.0	17.601852580244696
94	92	400.0	4.4375442285405535
94	93	1200.0	12.592332696948562
94	95	1200.0	8.281954704327472
95	96	1800.0	4.281010666462165
95	97	700.0	16.8372218274618
95	98	500.0	13.103278420739606
95	75	100.0	43.89081961718286
95	78	200.0	44.356496970245686
95	79	100.0	46.81599461355158
95	80	100.0	39.76894680843513
95	81	200.0	14.505243876119843
95	82	400.0	21.04773401096891
95	83	300.0	35.996716372238666
95	84	1200.0	28.985391846768064
95	85	400.0	41.54928895063276
95	86	300.0	35.83187525527417
95	87	600.0	32.80654587296192
95	88	400.0	26.125109883285685
95	89	800.0	13.620050667772787
95	90	600.0	15.723682047603843
95	91	600.0	25.607128857837985
95	92	100.0	12.442845794151815
95	93	400.0	18.3732582780329
95	94	1200.0	8.005301565611262
96	97	2100.0	13.517429028714641
96	98	1100.0	17.347468621846453
96	75	400.0	48.13501258248976
96	76	100.0	46.601935627944016
96	77	100.0	44.123286392778745
96	78	400.0	45.99964518833375
96	79	200.0	43.49977455449195
96	80	200.0	39.48867808769871
96	81	500.0	14.224975155383415
96	82	500.0	20.767465290232487
96	83	700.0	31.7157057057765
96	84	2600.0	24.7043811803059
96	85	1100.0	38.22958796220898
96	86	700.0	40.0761342865198
96	87	1300.0	37.05080490420756
96	88	1200.0	22.805317084538544
96	89	2600.0	9.339040001310622
96	90	1200.0	15.443413326867415
96	91	1700.0	21.326053905725317
96	92	300.0	12.162577073415386
96	93	1200.0	14.09224761157072
96	94	2400.0	7.725032844874833
96	95	1800.0	4.244259031245638
97	96	2100.0	13.0276661086668
97	98	700.0	3.830039593131816
97	75	300.0	34.61758078957507
97	77	100.0	30.60578853481725
97	78	500.0	32.48214426821471
97	79	100.0	34.94164191152056
97	80	100.0	44.888071219662415
97	81	200.0	27.25264126405021
97	82	300.0	33.79513139889928
97	83	500.0	44.7433538647094
97	84	1800.0	37.732013861675746
97	85	1300.0	24.71206712317096
97	86	700.0	26.55863642766638
97	87	800.0	23.53330704535413
97	88	1100.0	9.287888055823888
97	89	1000.0	22.36670610997742
97	90	500.0	28.47107943553422
97	91	600.0	34.35372001439212
97	92	100.0	25.190243182082185
97	93	300.0	27.11991372023752
97	94	700.0	20.752698953541632
97	95	700.0	16.310556112556228
98	96	1100.0	16.76153002067626
98	97	700.0	3.7339434067221924
98	75	100.0	30.787541196443257
98	78	200.0	31.253218549506087
98	80	100.0	43.659138656828674
98	81	100.0	26.985760395544254
98	82	200.0	33.52825053039332
98	83	200.0	44.934886807371115
98	84	800.0	41.46590836887325
98	85	600.0	28.446010529893154
98	86	500.0	22.728596834534564
98	87	700.0	19.703267452222317
98	88	400.0	13.021831462546082
98	89	400.0	26.10056722300287
98	90	300.0	28.204198567028254
98	91	300.0	38.08758488858697
98	93	100.0	30.853774800431136
98	94	400.0	20.485818085035675
98	95	500.0	12.480516519424413
99	100	100.0	6.000784554179799
99	101	100.0	4.0085208661156315
99	102	500.0	8.28833000767779
99	103	200.0	10.61315097519121
99	104	300.0	12.591943368111185
99	105	500.0	32.395129058665546
99	106	800.0	27.1002518173581
99	107	500.0	20.32880115700339
99	108	1300.0	26.08735102925262
99	109	500.0	15.421630487857705
99	110	200.0	8.029979988069188
99	111	500.0	11.054259740638466
99	112	300.0	29.289561490865573
99	113	500.0	39.98933408245827
99	114	500.0	38.179473872466126
99	115	400.0	42.39536817999306
99	116	100.0	34.524569994169106
99	117	300.0	44.41333242913233
99	118	300.0	39.03699389798938
99	119	100.0	40.150859736028586
99	120	400.0	44.4204661443828
99	121	300.0	32.16508926496874
99	122	100.0	28.468310199797756
100	99	100.0	6.0008050007708835
100	101	100.0	10.009325866886515
100	102	200.0	14.289135008448676
100	103	100.0	16.613788890356638
100	104	400.0	6.591158813931385
100	105	200.0	26.394344504485716
100	106	400.0	21.099467263178262
100	107	200.0	26.329439072168825
100	108	600.0	32.088045460271886
100	109	200.0	21.422435488628594
100	110	100.0	14.030784988840072
100	111	300.0	17.05506474140935
100	112	100.0	35.290366491636476
100	113	100.0	45.989971997623705
100	114	400.0	32.178689706148695
100	115	200.0	41.640619492087346
100	117	100.0	42.9986919505712
100	118	100.0	33.03620934380953
100	120	100.0	40.74933934411478
101	99	100.0	4.008400362777119
101	100	100.0	10.009184916956919
101	102	200.0	4.279809141562157
101	103	100.0	6.604630109075579
101	104	300.0	16.600337058391617
101	105	100.0	36.40352797495316
101	106	200.0	31.108670293741305
101	107	100.0	16.32028029088776
101	108	300.0	22.078830163136967
101	109	300.0	11.413109621742073
101	110	200.0	4.021459121953557
101	111	100.0	7.045738874522835
101	112	100.0	25.28104062474996
101	113	100.0	35.980813216342625
101	114	200.0	42.187901833219165
101	115	100.0	38.38684731387742
101	120	100.0	40.41195655626481
101	121	100.0	28.156568398853114
102	99	500.0	8.290213181556574
102	100	200.0	14.29099773573638
102	101	200.0	4.281812818779455
102	103	500.0	2.324820967513422
102	104	400.0	12.320516394535735
102	105	400.0	32.123737340518346
102	106	700.0	26.82883136586332
102	107	700.0	12.040471149325601
102	108	1200.0	17.79902102157481
102	109	1400.0	7.133300480179916
102	110	600.0	8.303271940733012
102	111	600.0	11.32755169330229
102	112	500.0	21.001231483187798
102	113	500.0	31.701004074780464
102	114	800.0	37.908061837871074
102	115	500.0	34.107038172315235
102	116	100.0	34.25317847867336
102	117	200.0	36.12500242145454
102	118	300.0	38.76559922501872
102	119	200.0	40.424151688692426
102	120	400.0	40.8178818533158
102	121	500.0	30.107680556865365
102	122	200.0	28.74160215246158
103	99	200.0	10.616846172348694
103	100	100.0	16.617625148386693
103	101	100.0	6.608445809571575
103	102	500.0	2.32663299079212
103	104	200.0	9.995695427022312
103	105	200.0	29.79888111757664
103	106	500.0	24.504003876269188
103	107	800.0	9.71565018181218
103	108	1000.0	15.474200054061388
103	109	500.0	9.459933470972036
103	110	200.0	10.629904931525132
103	111	200.0	13.65418468409441
103	112	100.0	23.327864473979915
103	113	200.0	29.376183107267035
103	114	500.0	35.583226317763874
103	115	200.0	31.782217204801825
103	117	100.0	33.80018145394112
103	118	100.0	36.44074595690046
103	119	100.0	42.75078467948457
103	120	200.0	38.493060885802365
103	121	100.0	32.43431354765746
104	99	300.0	12.622728187522146
104	100	400.0	6.621923186751262
104	101	300.0	16.63114731101045
104	102	400.0	12.349263067217372
104	103	200.0	10.022630076425251
104	105	400.0	19.80318569055433
104	106	800.0	14.508308449246876
104	107	400.0	19.73828025823743
104	108	800.0	25.49683013048665
104	109	400.0	19.482563547397287
104	110	200.0	20.652708175591343
104	111	200.0	23.676987928160624
104	112	100.0	33.35049455040518
104	113	200.0	39.3988131836923
104	114	900.0	25.587530892217284
104	115	500.0	35.049460678155945
104	116	100.0	21.93262662605789
104	117	200.0	36.40753313663982
104	118	300.0	26.44505052987815
104	119	100.0	34.31386415380799
104	120	200.0	34.158180530183394
104	121	100.0	42.4569436240827
104	122	100.0	41.09103838731991
105	99	500.0	32.64597280301089
105	100	200.0	26.645167802240007
105	101	100.0	36.654202091806674
105	102	400.0	32.37247196616177
105	103	200.0	30.045756282235082
105	104	400.0	20.02324461548874
105	106	1000.0	5.359141651731372
105	107	600.0	20.311756534484502
105	108	1900.0	26.06715574621736
105	109	500.0	38.483262294600834
105	110	700.0	40.67569063011004
105	111	400.0	43.70131153229308
105	112	200.0	33.41788018515066
105	113	500.0	21.0358155766955
105	114	1400.0	5.784266579011071
105	115	1000.0	15.246196364949723
105	116	200.0	2.1294409355035637
105	117	400.0	16.604347446085466
105	118	500.0	6.641864839323819
105	119	200.0	14.510678463253662
105	120	500.0	14.354994839629065
105	121	200.0	26.72661531094718
105	122	100.0	26.349687388332384
106	99	800.0	27.28683115127948
106	100	400.0	21.28602615050861
106	101	200.0	31.29514037562141
106	102	700.0	27.01336603097473
106	103	500.0	24.686733040182595
106	104	800.0	14.664102963757346
106	105	1000.0	5.294877241307452
106	107	800.0	14.952614882753112
106	108	1600.0	20.711164755002322
106	109	800.0	33.127271303385754
106	110	600.0	35.31663797170773
106	111	600.0	38.340917724277006
106	112	400.0	38.712757426458104
106	113	600.0	26.33069281800295
106	114	2200.0	11.079222442380878
106	115	1400.0	20.54115222890904
106	116	300.0	7.424318176811014
106	117	700.0	21.89922468739292
106	118	900.0	11.936742080631271
106	119	400.0	19.805555704561115
106	120	500.0	19.649872080936518
106	121	300.0	32.021492552254614
106	122	200.0	31.644564629639845
107	99	500.0	20.350845920099264
107	100	200.0	26.35161838837935
107	101	100.0	16.342445557322144
107	102	700.0	12.060632738542688
107	103	800.0	9.73399974775057
107	104	400.0	19.729695174772882
107	105	600.0	20.083282732741374
107	106	800.0	14.788405491433899
107	108	2800.0	5.7585498722492074
107	109	1400.0	18.174656420632687
107	110	600.0	20.363904679275702
107	111	600.0	23.38818443184498
107	112	600.0	32.04259506925989
107	113	900.0	19.660532925454852
107	114	1400.0	25.869195659093045
107	115	900.0	22.066567022989645
107	116	200.0	22.212723668244927
107	117	400.0	24.084531272128938
107	118	600.0	26.725147572065197
107	119	300.0	33.043140125148085
107	120	700.0	28.77741070399018
107	121	500.0	41.14903399927337
107	122	200.0	40.8022348910043
108	99	1300.0	26.138860734158303
108	100	600.0	32.13963317558317
108	101	300.0	22.130460371381176
108	102	1200.0	17.84864755260172
108	103	1000.0	15.522014561809598
108	104	800.0	25.51770998883192
108	105	1900.0	25.871476548689408
108	106	1600.0	20.576420305492935
108	107	2800.0	5.7880148140590295
108	109	4000.0	12.416106548383453
108	110	2000.0	26.152084731007747
108	111	1900.0	29.176409108569572
108	112	2100.0	26.28404511991645
108	113	4000.0	13.901983053205644
108	114	4400.0	20.111000725568356
108	115	3900.0	16.308017150740422
108	116	700.0	23.75829174323268
108	117	1800.0	18.32598139987973
108	118	2500.0	28.271187585924366
108	119	1200.0	27.284590252898905
108	120	2600.0	23.018860831740973
108	121	1800.0	35.390483698890876
108	122	800.0	39.123517043401044
109	99	500.0	15.513237736750725
109	100	200.0	21.514022290930534
109	101	300.0	11.504837373973604
109	102	1500.0	7.223024555194151
109	103	500.0	9.547845522707572
109	104	400.0	19.543540949729884
109	105	500.0	38.082273582748634
109	106	800.0	32.78722102680365
109	107	1400.0	17.99881553536976
109	108	3900.0	12.210800721310731
109	110	1400.0	13.736022807616841
109	111	1000.0	16.76030256018612
109	112	1600.0	13.867931003007868
109	113	1400.0	26.112799831409507
109	114	1400.0	32.32180144687912
109	115	1000.0	28.518817872051162
109	116	100.0	35.96909246454341
109	117	400.0	30.536782121190463
109	118	600.0	40.481516368363664
109	119	400.0	38.389953493193566
109	120	1100.0	35.22970768473068
109	121	1300.0	22.97438007668542
109	122	600.0	26.707403956962764
110	99	200.0	8.029407981560858
110	100	100.0	14.03019253574066
110	101	200.0	4.021007618783738
110	102	600.0	8.300816760345896
110	103	200.0	10.625637727859317
110	104	200.0	20.62133315488165
110	105	700.0	40.42452787280696
110	106	600.0	35.12964162122318
110	107	600.0	20.3412879096715
110	108	2000.0	26.09988246167796
110	109	1400.0	13.88909436368699
110	111	1300.0	3.024279752569278
110	112	700.0	27.757025366694876
110	113	700.0	40.001943108788595
110	114	700.0	46.20889984623351
110	115	600.0	42.407896566960915
110	116	200.0	42.553978790492074
110	117	300.0	44.425943821360384
110	118	400.0	39.92952569585934
110	119	300.0	32.12087974795937
110	120	700.0	36.39048789260207
110	121	700.0	24.13510927689956
110	122	500.0	20.43833021172857
111	99	500.0	11.054374193308188
111	100	300.0	17.055158747487987
111	101	100.0	7.045973830531071
111	102	600.0	11.325782972093226
111	103	200.0	13.650603939606647
111	104	200.0	23.646299366628952
111	105	400.0	43.44937398955611
111	106	600.0	38.15460842911534
111	107	600.0	23.36625412141883
111	108	1900.0	29.124861294055133
111	109	1000.0	16.914060575434316
111	110	1300.0	3.024966211747332
111	112	600.0	30.198426004499026
111	113	700.0	42.4432778090391
111	114	600.0	44.99080292936311
111	115	500.0	45.43287586398773
111	116	100.0	41.3359772858556
111	117	300.0	46.86730592156846
111	118	600.0	36.90524594329006
111	119	600.0	29.09659999539009
111	120	1300.0	33.36617099294333
111	121	800.0	21.110829524330278
111	122	800.0	17.41405045915929
112	99	300.0	29.52139769596094
112	100	100.0	35.52218225014076
112	101	100.0	25.512997333183833
112	102	500.0	21.231184514404376
112	103	100.0	23.556005481917797
112	104	100.0	33.55170090894011
112	105	200.0	33.15811270852069
112	106	400.0	38.517254360252075
112	107	600.0	32.00700443255674
112	108	2100.0	26.21903462186286
112	109	1600.0	14.008159959210213
112	110	700.0	27.74418276682705
112	111	600.0	30.1921285330978
112	113	1300.0	12.244922502955243
112	114	700.0	33.6678092795787
112	115	700.0	24.25434210110909
112	116	100.0	31.04492778389218
112	117	300.0	16.668920849629316
112	118	500.0	26.614196441326637
112	119	400.0	24.5220224901857
112	120	1200.0	21.36182985201742
112	121	1100.0	9.106449073677553
112	122	400.0	12.839472953954898
113	99	500.0	40.112979318157066
113	100	100.0	46.1137528664266
113	101	100.0	36.10457895537995
113	102	500.0	31.822766136600492
113	103	200.0	29.49613314580836
113	104	200.0	39.491828572830684
113	105	500.0	20.913190205565446
113	106	600.0	26.272331857296805
113	107	1000.0	19.76213339805779
113	108	4000.0	13.974118583998763
113	109	1400.0	26.390225095973573
113	110	700.0	40.12624773412909
113	111	700.0	42.57420477356117
113	112	1300.0	12.382064608455124
113	114	1200.0	21.42288677662342
113	115	1500.0	12.009419598153826
113	116	200.0	18.800005280936936
113	117	800.0	4.423998346674074
113	118	1100.0	14.369273938371396
113	119	800.0	13.382607199693261
113	120	2600.0	9.11687777853533
113	121	1000.0	21.48850822989293
113	122	400.0	25.22152213507129
114	84	3000.0	47.038673384503404
114	22	4000.0	56.812601244094125
114	99	500.0	38.40635791499816
114	100	400.0	32.40555291422728
114	101	200.0	42.41441165993044
114	102	800.0	38.13289279469339
114	103	500.0	35.80625980390127
114	104	900.0	25.78362972747602
114	105	1400.0	5.760475942292796
114	106	2200.0	11.119526763718664
114	107	1400.0	26.071364470700825
114	108	4400.0	20.282889167206264
114	109	1400.0	32.69899571558974
114	110	700.0	46.436018124836416
114	111	600.0	45.22019304963597
114	112	700.0	33.9033895406536
114	113	1200.0	21.521324932198457
114	115	2800.0	9.461929785938642
114	116	500.0	3.6472910176642874
114	117	1300.0	17.089856801588404
114	118	1600.0	8.159714921484543
114	119	600.0	16.02852854541439
114	120	1200.0	15.872844921789792
114	121	500.0	28.244465393107898
114	122	300.0	27.867537470493094
115	99	400.0	42.44687788489867
115	100	200.0	41.81902009269688
115	101	100.0	38.43847752212153
115	102	500.0	34.15666470334208
115	103	200.0	31.830031712549957
115	104	500.0	35.197096905945656
115	105	1000.0	15.173943120762411
115	106	1400.0	20.5329939421883
115	107	900.0	22.09603196479939
115	108	3900.0	16.308017150740337
115	109	1000.0	28.724123699123812
115	110	600.0	42.460034346505694
115	111	500.0	45.484426259309934
115	112	700.0	24.44145975471493
115	113	1500.0	12.059395146259803
115	114	2800.0	9.41346717846961
115	116	600.0	13.060758196133897
115	117	1700.0	7.627927015649767
115	118	1700.0	17.57318274234261
115	119	600.0	25.44200079230986
115	120	1700.0	21.176272924795136
115	121	600.0	33.54789339611323
115	122	300.0	37.28092685424596
116	99	100.0	34.75915772763937
116	102	100.0	34.48559809169752
116	104	100.0	22.136429540117227
116	105	200.0	2.113184924628509
116	106	300.0	7.472326576359881
116	107	200.0	22.424941459113
116	108	700.0	23.93771481071379
116	109	200.0	36.353821359097246
116	110	200.0	42.78884613838874
116	111	100.0	41.57290203197171
116	112	100.0	31.288439249647062
116	113	200.0	18.90637464119194
116	114	500.0	3.654825643507507
116	115	600.0	13.11675542944615
116	117	300.0	14.474906510581896
116	118	400.0	4.512423903820256
116	119	100.0	12.381237527750097
116	120	300.0	12.225553904125501
116	121	100.0	24.5971743754436
117	99	300.0	44.544447448767094
117	100	100.0	43.13435966113135
117	102	200.0	36.254234267210535
117	103	100.0	33.92760127641841
117	104	200.0	36.512436474380095
117	105	400.0	16.48919185889137
117	106	700.0	21.848333510622737
117	107	400.0	24.193601528667838
117	108	1800.0	18.40558671460881
117	109	400.0	30.821693223872963
117	110	300.0	44.55770752396376
117	111	300.0	47.005677166045416
117	112	300.0	16.81353273906516
117	113	800.0	4.4314681306100345
117	114	1300.0	16.998888429949357
117	115	1700.0	7.585421251479748
117	116	300.0	14.376006934262865
117	118	1200.0	9.945275591697321
117	119	400.0	17.814075537981747
117	120	1200.0	13.548345909145365
117	121	300.0	25.919966380463464
117	122	100.0	29.653021625244453
118	99	300.0	39.189889070204906
118	100	100.0	33.189084069434024
118	102	300.0	38.91642345477326
118	103	100.0	36.589790959108015
118	104	300.0	26.567160882682764
118	105	500.0	6.543916267194044
118	106	900.0	11.903057918925416
118	107	600.0	26.855672801678534
118	108	2500.0	28.368146903641858
118	109	600.0	40.78447557639634
118	110	500.0	40.08544433989879
118	111	600.0	37.06047812815146
118	112	500.0	26.7760153458268
118	113	1100.0	14.393950737371675
118	114	1600.0	8.085556986073042
118	115	1700.0	17.54755262889174
118	116	400.0	4.430731342565535
118	117	1200.0	9.96248260676164
118	119	1200.0	7.868813623929842
118	120	2400.0	7.713130000305245
118	121	700.0	20.084750471623344
118	122	400.0	19.70782254900855
119	99	100.0	40.246038697529805
119	102	200.0	40.51744747631484
119	103	100.0	42.84257969488082
119	104	100.0	34.37580683058273
119	105	200.0	14.352562215094014
119	106	400.0	19.71170386682539
119	107	300.0	33.10879477274629
119	108	1200.0	27.320779958687265
119	109	400.0	38.631544429628654
119	110	300.0	32.21663071596895
119	111	600.0	29.191664504221613
119	112	400.0	24.62338447041844
119	113	800.0	13.3466613746885
119	114	600.0	15.894202933973016
119	115	600.0	25.35612817544294
119	116	100.0	12.239377290465505
119	117	400.0	17.770659721362595
119	118	1200.0	7.80864594789997
119	120	1800.0	4.269570997553214
119	121	700.0	15.535787990249698
119	122	500.0	11.839008925078709
120	99	400.0	44.511764285122894
120	100	100.0	40.90221406973923
120	101	100.0	40.50336775591062
120	102	400.0	40.89985651373578
120	103	200.0	38.57322352294365
120	104	200.0	34.28029088298797
120	105	500.0	14.257046267499256
120	106	500.0	19.616187919230626
120	107	700.0	28.839223775193073
120	108	2600.0	23.051208961134048
120	109	1100.0	35.46731549485804
120	110	700.0	36.48235990696207
120	111	1300.0	33.45739392537955
120	112	1200.0	21.45920698921376
120	113	2600.0	9.077090377135285
120	114	1200.0	15.798686986378259
120	115	1700.0	21.086509975289108
120	116	300.0	12.143861342870746
120	117	1200.0	13.50108872380936
120	118	2400.0	7.713130000305211
120	119	1800.0	4.265729421157932
120	121	2100.0	12.3716204713181
120	122	1100.0	16.10473832646112
121	99	300.0	32.14005365272844
121	101	100.0	28.13165328995132
121	102	500.0	30.318780994573107
121	103	100.0	32.64360196208653
121	104	100.0	42.63929738910884
121	105	200.0	26.512434424910925
121	106	300.0	31.8715760766423
121	107	500.0	41.09460530629476
121	108	1800.0	35.30661204659462
121	109	1300.0	23.095756439378956
121	110	700.0	24.110645671167582
121	111	800.0	21.08567945942025
121	112	1100.0	9.087596480168743
121	113	1000.0	21.33247853454695
121	114	500.0	28.054075143789934
121	115	600.0	33.34189813270078
121	116	100.0	24.399249500282416
121	117	300.0	25.756476881221026
121	118	700.0	19.96851815771688
121	119	700.0	15.415573416508147
121	120	2100.0	12.255388157411666
121	122	700.0	3.733023880277345
122	99	100.0	28.407029772451097
122	102	200.0	28.678438551236137
122	104	100.0	40.99895494577192
122	105	100.0	26.035111751324816
122	106	200.0	31.39425340305619
122	107	200.0	40.71890970056171
122	108	800.0	39.0033394149751
122	109	600.0	26.792535504549946
122	110	500.0	20.377621790890238
122	111	700.0	17.352655579142905
122	112	400.0	12.784375545339731
122	113	400.0	25.029211882350438
122	114	300.0	27.576752470203814
122	115	300.0	37.03863062705963
122	117	100.0	29.453209257593375
122	118	400.0	19.49119548413077
122	119	500.0	11.682549536230802
122	120	1100.0	15.952120533784017
122	121	700.0	3.696779065170989
