iteration 	 master_max 	 master_avg 	subnet_0_max 	 subnet_0_avg 	subnet_1_max 	 subnet_1_avg 	full_max 	 full_avg
0	13.013603822202356	0.7697586030357464	8.230189639877665	0.08460553567147622	4.924695441857708	0.2775329580227365	91.29216998107441	3.110653398195274
1	5.593024803397668	0.11126997633117193	0.06595266577824077	0.0015557609136676077	1.4971902197882443	0.0470250229353691	44.116260558028344	1.258371957520962
2	0.23215125626011002	0.010863153833613977	9.79410660271185E-4	7.953643541422419E-5	0.20591198103314312	0.012034383876659383	31.03522600572316	0.4371822461914642
3	0.05899619187015048	0.001656362462925044	8.223078860254418E-4	2.5300151940790273E-5	0.0049105861401734785	2.999020192477146E-4	25.65644791851848	0.710698174124619
4	9.97666555718979E-4	1.593125179126497E-4	8.951014718583394E-4	3.15518529010278E-5	0.008710790732930462	1.7964051672028031E-4	18.695132042870966	0.19532103892671698
5	9.99020160065811E-4	1.7825674174450957E-4	9.06153332188353E-4	9.500321186380482E-5	0.0012501291592705854	1.6664993296294466E-4	17.788198452431686	0.30883352868864794
6	9.987481589774916E-4	2.0386509790346844E-4	9.233322335262528E-4	6.423606653131698E-5	9.870565694356515E-4	9.000503590226123E-5	10.765202990549554	0.10483977533215155
7	9.983912176494414E-4	1.827660797452887E-4	8.415464903492875E-4	9.031214431400957E-5	9.908290548494847E-4	1.2250525029818186E-4	11.619932524233278	0.10918227905937532
8	9.965351286496116E-4	1.8623413789027178E-4	9.66425274881999E-4	6.651010257898555E-5	9.718836581313894E-4	1.0530435348094488E-4	8.291866270789995	0.0802093527798006
9	9.99415459972397E-4	1.8158976314339165E-4	9.032010988292427E-4	9.510060781642349E-5	9.679994833469152E-4	1.0323110028963646E-4	7.865456483750904	0.07534091664076953
10	9.996209124949473E-4	1.8820553280065184E-4	9.591108677327043E-4	6.315157849354357E-5	9.82736652424876E-4	1.0443910106338378E-4	7.2046616231002645	0.07085905690606813
11	9.941585012427367E-4	1.7374069635417961E-4	9.574227927089396E-4	9.852224088710038E-5	9.895540178561646E-4	1.108208539170249E-4	7.062816179550737	0.05952449706386435
12	9.836410595482903E-4	1.7641430739274712E-4	9.758047277443893E-4	6.349425786977264E-5	9.725886697111719E-4	9.07671902784116E-5	6.633181594920188	0.06920023013542247
13	9.927284089883415E-4	1.8784353220254157E-4	9.383468082262425E-4	9.714449217344561E-5	9.50630012866327E-4	1.6619487540933298E-4	6.6816431039383275	0.06259996920854434
14	9.823776364328296E-4	1.6834490711093567E-4	9.842634066465905E-4	7.08575968532121E-5	9.634647836804788E-4	9.803623039528198E-5	6.3042246851251775	0.06641459476532027
15	9.984027761333891E-4	2.081086029735586E-4	9.489961476987219E-4	9.715653070766351E-5	9.86045141097236E-4	1.5349034196821603E-4	6.413633587569976	0.06182372535789191
16	9.959711236433577E-4	1.6819158594343767E-4	9.565679293572771E-4	6.423817654118827E-5	9.986804171049357E-4	1.0238199373032877E-4	6.090470676013126	0.06586830323719911
17	9.99858250125385E-4	1.8718613253371433E-4	9.5458694588757E-4	9.694082693317346E-5	9.285858070491315E-4	1.4613855729540492E-4	6.220422892514108	0.061280470769671844
18	9.93192760574857E-4	1.754435451594293E-4	9.37982641282531E-4	6.352638459493369E-5	9.780240689494235E-4	9.793249828387347E-5	5.945288378594398	0.06562727064651042
19	9.900502616631002E-4	1.8705906427454228E-4	9.59831433917202E-4	9.682647389965804E-5	9.510824473473178E-4	1.634023584832025E-4	6.1036369652136955	0.06120990546150217
20	9.913256083109445E-4	1.7477154377909773E-4	9.239442634125794E-4	6.322826566845853E-5	9.835676333178611E-4	1.0061054348065828E-4	5.846809468928427	0.06509436856357408
21	9.911929359702754E-4	1.9417100168125706E-4	9.954780038690103E-4	1.0611791109057115E-4	9.88334268726021E-4	1.5290818330461573E-4	6.0141076055591896	0.06082471328163283
22	9.87188930636762E-4	1.8424819470721427E-4	9.091966555558884E-4	6.336118139993806E-5	9.470933982740348E-4	1.0535130938323029E-4	5.795974162318032	0.059827105948914584
23	9.986125822649683E-4	1.687165882320549E-4	9.845985248659872E-4	1.0580462001078615E-4	9.890868080049131E-4	1.66322663173864E-4	5.97639885852854	0.0610431760148717
24	9.971209068737608E-4	1.6949154970780068E-4	8.999101392852538E-4	6.331610377887035E-5	9.913302996906737E-4	1.0703573215356718E-4	5.764890456976218	0.05921722254119481
25	9.978233385652402E-4	1.6300928094201744E-4	9.77860332511682E-4	1.0592081266273056E-4	9.692294170520199E-4	1.8013725726191698E-4	5.945761222653957	0.05652493949428374
26	9.936829575991624E-4	1.5224894517631266E-4	8.922026458435539E-4	6.317622815335974E-5	9.910612237788996E-4	1.0580281300431674E-4	5.751119848452078	0.05850239378308976
27	9.963564678088233E-4	1.935801933297137E-4	9.735700844686335E-4	1.0569710404266203E-4	9.747931240227103E-4	1.4473181976662475E-4	5.943894392754146	0.05656494393948873
28	9.97735857467319E-4	1.9359790410268627E-4	8.880329467473302E-4	6.296788413637033E-5	9.602540591728825E-4	1.0439051160738515E-4	5.745453812931856	0.0571478188482507
29	9.999769720252516E-4	1.6072122945040275E-4	9.706306885419735E-4	9.164773267162474E-5	9.488729513904559E-4	1.6482905482252997E-4	5.941083822620087	0.05693799962674023
30	9.869718261938942E-4	1.8514452780067923E-4	8.873808721538978E-4	6.316020705466691E-5	9.859972503818426E-4	9.932154948623571E-5	5.751697459216501	0.05584715687828318
31	9.9357663808064E-4	1.6957596832034816E-4	9.722077030644982E-4	9.352281591606726E-5	9.733209709850144E-4	1.6646183591926197E-4	5.951877354491899	0.0567060166192749
32	9.855280233637131E-4	1.8631734882593572E-4	8.884320292104064E-4	6.28692458948598E-5	9.937756012021737E-4	1.0176589576087787E-4	5.747275944140114	0.055736401961298594
33	9.983289214119395E-4	1.8577169102149374E-4	9.739286551848636E-4	9.553277487604817E-5	9.661209184343988E-4	1.6546288642627435E-4	5.951664289417721	0.05663494721966686
34	9.947469832809475E-4	1.7715206130941002E-4	8.887314811332203E-4	6.247331838272329E-5	9.943748026444155E-4	1.2151003798481228E-4	5.740594941308359	0.06092150440594204
35	9.934934473392332E-4	1.6957458326978837E-4	9.759096892807406E-4	9.75290296181086E-5	9.870803429450348E-4	1.6732431341516502E-4	5.949717420465845	0.056551553324066486
36	9.903598907499145E-4	1.7499740959418412E-4	8.901723977743359E-4	6.248647520600132E-5	9.673445500339994E-4	1.0777071289476943E-4	5.739176030530132	0.06090018325560533
37	9.779383310046796E-4	1.6944774443641025E-4	9.970003488106727E-4	9.867420835171004E-5	9.669127797664601E-4	1.5699803597085714E-4	5.951847233465912	0.05636798106401376
38	9.993743044987013E-4	1.878108030294216E-4	8.912598486432444E-4	6.250609556980004E-5	8.916333031123713E-4	9.827480725772849E-5	5.740104995865124	0.06097657696418051
39	9.974926911127113E-4	1.9727459308127395E-4	9.870976408734577E-4	9.826038961083583E-5	9.977240475294025E-4	1.567086362532638E-4	5.956132003942173	0.05615784114054814
40	9.992828949947352E-4	1.6381336919751364E-4	8.905905261364921E-4	6.198928949654642E-5	9.95476082174207E-4	1.0973688408676931E-4	5.726291727637374	0.06263157394536996
41	9.978610804637356E-4	1.872063372427814E-4	9.434899491509441E-4	7.985199794421215E-5	9.79726991396035E-4	1.5767140069694748E-4	5.934208975904312	0.05661101990205913
42	9.907915219855568E-4	1.7794654327867295E-4	8.939304984707519E-4	7.130427936488829E-5	9.359975881437776E-4	1.1555552445323555E-4	5.727897398198195	0.06006037362206737
43	9.9835733547593E-4	1.9592761234498324E-4	8.65428461914064E-4	7.661087189573963E-5	9.861292009603062E-4	1.582782506066166E-4	5.953313230345984	0.05683387233912817
44	9.999003727045874E-4	1.696737871965031E-4	8.877533875235599E-4	7.092891325684162E-5	9.63840255288062E-4	1.0121824276068252E-4	5.740026185779811	0.0603434492732851
45	9.77992986662457E-4	1.6921262999738094E-4	8.935301159880282E-4	7.941456849851413E-5	9.795050748522272E-4	1.5786636346379335E-4	5.9789617645027135	0.05619243038093951
46	9.903258270753668E-4	1.9271028140266036E-4	8.853592514839193E-4	7.077218434766198E-5	9.409314101276323E-4	9.797619283567969E-5	5.756076226023197	0.06017146877353651
47	9.964024477255862E-4	1.767725578793748E-4	9.487497378515286E-4	7.887591031368315E-5	9.971548876386294E-4	1.567687941598228E-4	6.0004409192382155	0.05618804302878626
48	9.90404432741343E-4	1.7254233520953784E-4	8.892411992285076E-4	7.084713002457361E-5	9.964983147554562E-4	1.0269607907589672E-4	5.7763253125681615	0.06041829860015409
49	9.991487682441402E-4	1.8938886903496438E-4	8.188555552806065E-4	7.387226767830103E-5	9.86485268388293E-4	1.7255760401884495E-4	6.024163906419787	0.056382778515589635
50	9.987313837882539E-4	1.507549129575644E-4	8.947194948376591E-4	7.099267438234577E-5	9.961976952368445E-4	8.448573229939165E-5	5.797498479810429	0.06060347117429695
51	9.973375264991091E-4	1.9709033645532286E-4	8.383080761547035E-4	7.617094891726293E-5	9.780525223703762E-4	1.7234840323926108E-4	6.047490861216687	0.05650861495668004
52	9.894358396707048E-4	1.9585511214144092E-4	9.010530423338992E-4	7.130766378695516E-5	9.206489269359963E-4	8.224051584554439E-5	5.824401490878216	0.056688077978533334
53	9.854565442424246E-4	1.8487287186436078E-4	9.541449610779296E-4	8.210551229047446E-5	9.726132811387345E-4	1.5313209034321945E-4	6.074566812083489	0.05622274303852926
54	9.97779859289949E-4	1.732339576257622E-4	8.916246961874208E-4	7.12058739649961E-5	9.405531385482391E-4	8.261699888583522E-5	7.433318632704143	0.06768818991445759
55	9.963050615340308E-4	1.8173003775814842E-4	8.364504814402096E-4	7.522960135142197E-5	9.835940792655151E-4	1.7046627410412813E-4	6.051538429461786	0.05531550980165853
56	9.976621320504364E-4	1.8121008370803004E-4	9.763007035807902E-4	7.677729382854152E-5	9.765827515764158E-4	1.0100646751984619E-4	5.8130032513818435	0.06078815067014168
57	9.910737871337005E-4	1.963604853720371E-4	8.622853505073635E-4	7.56015827442348E-5	9.985891865014196E-4	1.5920576483382528E-4	6.052889653422838	0.05651135064637173
58	9.961594738001622E-4	1.6860374656900315E-4	9.097110006237585E-4	7.152743971574887E-5	9.94321844718371E-4	1.0634220560539217E-4	5.840860821698016	0.057147062775806244
59	9.868049505712406E-4	1.946156306854025E-4	9.100028501016766E-4	7.863661623059354E-5	9.733507592706303E-4	1.5545458502594007E-4	6.078459559019194	0.05540202430840376
60	9.941849299934802E-4	1.7076247565661986E-4	9.787915828169957E-4	7.680955324465045E-5	9.164936683312419E-4	9.560198956056743E-5	5.8158197694108935	0.06253327771555384
61	9.925193379842767E-4	1.9230584697326557E-4	9.039331821369956E-4	7.85188459278849E-5	9.925577940492758E-4	1.5678694201148868E-4	6.044680587369669	0.056823330838238366
62	9.978316863623604E-4	1.8063012652222595E-4	9.913672337589219E-4	7.696914775876257E-5	9.981168904005244E-4	9.710631215863591E-5	5.808870404843589	0.06230564065135234
63	9.914201598633099E-4	1.6318401641221957E-4	9.952175959853093E-4	8.392077120979799E-5	9.726141551098522E-4	1.6029183307309175E-4	6.035581510986006	0.056563294096726925
64	9.97808296204994E-4	1.760223421606434E-4	9.137378534873619E-4	7.125503935805899E-5	9.985177678046853E-4	1.1012915899587708E-4	5.791686030890901	0.06249719629454067
65	9.938212437958782E-4	1.8782715491434083E-4	9.010664649053979E-4	7.78399141994315E-5	9.890451308720571E-4	1.618117774350174E-4	6.011220221424452	0.057213065055503096
66	9.884906463355492E-4	1.8971503683328777E-4	9.131765772067979E-4	7.142966458977591E-5	9.825843070316864E-4	1.062846385548975E-4	5.766499248081715	0.06172686633418329
67	9.871532558491936E-4	1.868347650780901E-4	8.711462551609372E-4	7.680008432328381E-5	9.626213528548533E-4	1.5336115673326216E-4	5.983994128518447	0.05750844120925318
68	9.995873981409886E-4	1.6295007554137573E-4	9.172411644193801E-4	7.25722690804357E-5	9.302115233182917E-4	1.0233828191752154E-4	5.767649684163899	0.06108037438834472
69	9.850628611047796E-4	1.9066726322410234E-4	9.754134876587273E-4	8.219933420552406E-5	9.966940200527574E-4	1.6429459086192422E-4	6.001073426287519	0.05614613551571541
70	9.944582394325607E-4	1.8010441565003516E-4	9.282749584755834E-4	7.221316016455293E-5	9.830267746195887E-4	1.070653351715774E-4	5.755262759072394	0.06123212127781708
71	9.995417879622437E-4	2.1038912448116112E-4	9.986658236371682E-4	8.343715012569797E-5	9.85336821713645E-4	1.5754702430392174E-4	5.986647060896445	0.057249923815229094
72	9.967404556050496E-4	1.6239125109817801E-4	9.307674228153928E-4	7.333461818226814E-5	9.946260765758552E-4	1.0248367273041299E-4	5.766532990813062	0.060936619631829454
73	9.98041947966044E-4	1.5542087478227217E-4	9.631145450299528E-4	8.24200783054435E-5	9.92333443612381E-4	1.5662712307924764E-4	6.005754480638444	0.05658661434874336
74	9.965007104426604E-4	1.7218201911060676E-4	9.392307374795905E-4	7.271174232489058E-5	9.956807319113636E-4	1.0459957849368188E-4	5.758819637884869	0.06134156410445897
75	9.945250052680876E-4	1.549478566121538E-4	9.773912940431728E-4	8.221046521547845E-5	9.847007231016391E-4	1.5415187571199155E-4	5.99344913577265	0.05736368307776803
76	9.974222764412843E-4	1.6316388712218558E-4	9.40856024534753E-4	7.377794044120726E-5	9.972848819579383E-4	1.0619445549034944E-4	5.771630376413356	0.060903218792843036
77	9.947167387309719E-4	1.452704118650373E-4	9.562053514216018E-4	8.298793058711144E-5	9.843293469842251E-4	1.6880962221617102E-4	6.012567892601766	0.0525201241292138
78	9.88223456289461E-4	1.8601719134254456E-4	9.483128184726297E-4	7.307897590470818E-5	9.86301765006914E-4	9.576619979034316E-5	5.762687979372885	0.06148305517351193
79	9.932571444153382E-4	1.7617390167767207E-4	9.820284498331944E-4	8.370006566374797E-5	9.97305427670625E-4	1.351709721238092E-4	5.998077478063095	0.05735299834115675
80	9.906913432189413E-4	1.8173510062913833E-4	9.496551879806248E-4	7.41822664560531E-5	9.730216379892909E-4	1.035217206676644E-4	5.785969895360296	0.0609022872897898
81	9.950875820265992E-4	1.7939041963900494E-4	9.158650244742716E-4	7.912393362633193E-5	9.970045989859955E-4	1.5421552443301294E-4	6.028450488837677	0.05615259073134597
82	9.99266543772137E-4	1.7352371309822687E-4	9.594809580661945E-4	7.363196183531464E-5	9.646447755997656E-4	1.0314022358778309E-4	5.780058183366236	0.06138146517099085
83	9.95693315758217E-4	1.822217070585442E-4	9.156251006317007E-4	7.869711814712078E-5	9.791658023985406E-4	1.5582636553035554E-4	6.015638758797877	0.0572043710736314
84	9.99109664675757E-4	1.779581164627319E-4	9.61746553713283E-4	7.486991996439273E-5	9.589758791506142E-4	1.082860682604673E-4	5.804788690918798	0.06082040191382287
85	9.979505323798321E-4	1.962639040999922E-4	9.759423627286878E-4	8.19632842292448E-5	9.748637776922919E-4	1.5243861946669367E-4	6.047851657849662	0.05598275044971966
86	9.980214850600078E-4	1.8375147694705296E-4	9.713023339017468E-4	7.470546334703451E-5	9.758880478187848E-4	1.0437513620807158E-4	5.800603816195945	0.061157571758100944
87	9.961352199354678E-4	1.847690652135334E-4	9.745061595367588E-4	8.274482735069684E-5	9.88397386727513E-4	1.549577452150397E-4	6.037387741195602	0.05700324117020008
88	9.933063634264272E-4	1.9023523482589131E-4	9.692632668816259E-4	7.513394536722148E-5	9.889820473460986E-4	1.0292758867851198E-4	5.783381126570617	0.061344708812081275
89	9.917526629692475E-4	1.8696889735244225E-4	9.167755132892808E-4	7.756784914310269E-5	9.767278848258343E-4	1.5418099888903848E-4	6.00802026002215	0.0574332894652328
90	9.971232030778765E-4	1.7510271996623377E-4	9.704126966134652E-4	7.609994908222731E-5	9.991459544451686E-4	1.0222038143651312E-4	5.7877406737597425	0.0611110039905879
91	9.866266244529243E-4	1.6260270888503745E-4	9.23803234279319E-4	7.912116650492227E-5	9.811702971589398E-4	1.5663757674445888E-4	6.026943113843629	0.05608820886816924
92	9.91345695098289E-4	1.8314895993156553E-4	9.797820554950931E-4	7.586101796051876E-5	9.646852091229619E-4	1.0500479695212375E-4	5.774358021716495	0.06117523650523942
93	9.998283742049807E-4	1.6276366387015933E-4	9.543058238676849E-4	8.628826901810075E-5	9.821336140731773E-4	1.472563024996734E-4	6.009278443366341	0.057339400684357084
94	9.900564649711896E-4	1.770202208501628E-4	9.777675297399924E-4	7.671473983049659E-5	9.559057664816351E-4	1.0134435249297559E-4	5.782289806845597	0.060898646857666855
95	9.972177921468983E-4	2.0241220455251518E-4	9.249110977265218E-4	8.053411248343022E-5	9.403099819351723E-4	1.6278309618626582E-4	6.024129686805637	0.05616750719136135
96	9.979578788374965E-4	1.8446707438862648E-4	9.803716344265467E-4	7.594934362461661E-5	9.987806435987068E-4	9.396321538425837E-5	5.767645111186624	0.06139832457439387
97	9.977393896889453E-4	1.9031195844782642E-4	9.7641387866787E-4	8.852799621991787E-5	9.992553279474237E-4	1.3800589308448724E-4	6.005543950770843	0.05731260794516629
98	9.905024756733383E-4	1.668915405173139E-4	9.86559191076708E-4	7.699498022646493E-5	9.992152462814374E-4	1.0482254407241739E-4	5.790010494943914	0.06084820182698859
99	9.880366760626202E-4	1.8488710048348452E-4	8.600422020776932E-4	7.616573660237347E-5	9.912425680553838E-4	1.5626173817812693E-4	6.034477614966278	0.05672787859469887
100	9.898306976481308E-4	1.7137078579002081E-4	9.871389443638634E-4	7.621750363690743E-5	9.815826811916395E-4	1.011380921608263E-4	5.779774403191112	0.06245329568540265
101	9.954671571961171E-4	1.858436327634531E-4	9.548934002658882E-4	8.454248357456649E-5	9.91214462040091E-4	1.5816776171593744E-4	6.018305294047906	0.05715501923049842
102	9.91792746219744E-4	1.5481161848143624E-4	9.978222907705003E-4	7.7166686193787E-5	9.4372275430743E-4	9.416338872755173E-5	5.8078951248899955	0.06077533269968628
103	9.958514277457198E-4	1.668196108492173E-4	8.869219866340927E-4	7.95031768443869E-5	9.957793687789263E-4	1.5880141754806456E-4	6.052119564034854	0.056144783001726914
104	9.95617489053302E-4	1.812489195786721E-4	9.96685141785747E-4	7.640839640016386E-5	9.76571433476181E-4	1.0378423112937089E-4	5.797260970719947	0.061200433121444214
105	9.787982236986181E-4	1.7987367151808958E-4	9.99778700048637E-4	8.84055371339755E-5	9.758946656717171E-4	1.607610281167563E-4	6.034956062891922	0.05707574649781728
106	9.960278181750937E-4	1.924188512692404E-4	9.979942765276917E-4	7.61597168195082E-5	9.3339885805932E-4	9.713566445468685E-5	5.791467080337526	0.0614355547625257
107	9.980411620915675E-4	1.4865428077734044E-4	9.5317140350204E-4	8.132047345877812E-5	9.837528950384922E-4	1.5455018522796132E-4	6.018251024229727	0.05731351310432787
108	9.998177273189413E-4	1.7027257307932763E-4	8.431283760970132E-4	6.689457925176321E-5	9.94737610835017E-4	1.0987585954703992E-4	5.803177878913374	0.06089599539523791
109	9.878017621360868E-4	1.942693318408069E-4	9.664571031251512E-4	8.34937351980025E-5	9.788400753620863E-4	1.5463556924133045E-4	6.040752485112861	0.05618920630310097
110	9.894947025799183E-4	1.976884046102854E-4	8.24223042620531E-4	6.632527312719859E-5	9.884633303300916E-4	1.0381253591952859E-4	5.78721117912383	0.061195938096309084
111	9.967138440885037E-4	1.954899456930202E-4	9.227782607261759E-4	8.048991665213027E-5	9.718109453515922E-4	1.5606626407139488E-4	6.021502791798838	0.057159850285900426
112	9.950563331528883E-4	1.6148936321280964E-4	8.412338710677147E-4	6.733911772393677E-5	9.98785732051033E-4	1.02756829831937E-4	5.814367101636435	0.060848053638686915
113	9.92167863230975E-4	1.8314039805023333E-4	9.546053679514444E-4	8.361894153147423E-5	9.844157643641438E-4	1.5120333674342536E-4	6.057161115583881	0.05613762168845042
114	9.99817978538431E-4	1.648682602134842E-4	8.228255152502584E-4	6.672378726444393E-5	9.888800651296492E-4	1.0932554851743682E-4	5.806122966101583	0.061261240789247204
115	9.923466639492062E-4	1.860019274782802E-4	9.87310882756276E-4	8.284485214492643E-5	9.916515377383917E-4	1.5980038980920042E-4	6.043073538419179	0.056910378468039854
116	9.97111303092879E-4	2.005890253939339E-4	8.162057522937971E-4	6.658089076610915E-5	9.349935986406877E-4	9.757149883764998E-5	5.799886021785454	0.061404372090616686
117	9.88264888050594E-4	1.6340905084300956E-4	9.504894236869177E-4	7.315080521375764E-5	9.46773572493953E-4	1.6716840708287984E-4	6.026141112776159	0.05735311129671733
118	9.977700629093533E-4	1.6918528013970164E-4	8.409063020309304E-4	7.565690368974282E-5	9.396538355765927E-4	1.0270153400455889E-4	5.8149327058281415	0.06075812994221218
119	9.995510085190062E-4	1.8828492422937596E-4	8.398326601053441E-4	8.271567807749847E-5	9.491629411755298E-4	1.5542897417808368E-4	6.052628372927444	0.056115231766699004
120	9.856924372400044E-4	1.5790767737688344E-4	9.072261655944658E-4	7.814652363417982E-5	9.802037087816018E-4	1.0134678585800522E-4	5.803026823438216	0.060462655149941355
121	9.933788781921749E-4	2.014272129401643E-4	9.626359483974056E-4	8.700291255536285E-5	9.609320910684005E-4	1.629973159717488E-4	6.035075030119941	0.057257957769712764
122	9.963250252269518E-4	1.6142574535889467E-4	9.25246680637315E-4	7.9386075574005E-5	9.727887747423836E-4	8.451216963158922E-5	5.831346189061833	0.06009407891918092
123	9.885157004134726E-4	1.8533607438690836E-4	9.950104550426886E-4	9.492954595305747E-5	9.61741719066822E-4	1.5508562785189153E-4	6.072014868196135	0.05609672158771051
124	9.994561727211249E-4	1.8138596378362197E-4	8.578202091271692E-4	7.660127504767369E-5	9.992706491033232E-4	1.0662756954901243E-4	5.824359822008915	0.06054462369765978
125	9.934127364488177E-4	1.781911238471563E-4	9.794320057743278E-4	9.779954803157409E-5	9.815746175974027E-4	1.6012216141181312E-4	6.057677989388395	0.05692221010965642
126	9.994380554019244E-4	1.8241794661681836E-4	8.585165535208716E-4	7.671524445410222E-5	9.427975102482833E-4	9.807824211507033E-5	5.8186402317383	0.060675880584002195
127	9.879879933407665E-4	2.0766980522638433E-4	9.798062778827443E-4	9.355608370974267E-5	9.925230287990416E-4	1.633901048985346E-4	6.043079748294247	0.05671068868451272
128	9.919247669785136E-4	1.5189283268303018E-4	8.616806179446712E-4	7.683750177763086E-5	9.913563341044096E-4	1.0541128697854928E-4	5.797913235151356	0.05931087268049905
129	9.98943790307294E-4	1.8164798929957735E-4	9.643371785443833E-4	7.350553782399147E-5	9.999896884380632E-4	1.5787791708193977E-4	6.016389897434436	0.05708254380652963
130	9.923310408055386E-4	1.7518038585051564E-4	9.054716076093428E-4	7.90118578992985E-5	9.440338963386807E-4	1.0139114616943333E-4	5.805684727264918	0.06158389393870983
131	9.9490569880345E-4	2.1117481119309304E-4	9.921084102373356E-4	7.570074436139165E-5	9.628991270460574E-4	1.596350299296186E-4	6.037884536731951	0.05653623560726075
132	9.99517700606134E-4	1.8141735482463586E-4	8.622630576127222E-4	7.720054765690697E-5	9.796083090662933E-4	1.1501875156526495E-4	5.788917242401567	0.06252891468234711
133	9.990177986338722E-4	2.1216973760618385E-4	9.656493687089096E-4	7.428896737009845E-5	9.956552274204E-4	1.6584455380635603E-4	6.018311570539737	0.05741890765835814
134	9.715179668603469E-4	1.771317708253216E-4	9.211158767534755E-4	8.013785116099051E-5	9.930857087425693E-4	1.0290785632135962E-4	5.815638829775196	0.06033438159400434
135	9.969742950204363E-4	2.0950486075678652E-4	8.8388378495452E-4	7.104998601725754E-5	9.789351929896384E-4	1.576175503939606E-4	6.054557909400174	0.05634122414881788
136	9.969985486861788E-4	1.9723809431814574E-4	8.781020133170614E-4	7.832803052795066E-5	9.881482469964453E-4	1.0284322347844711E-4	5.807870829981397	0.06169851060452839
137	9.929272091540042E-4	1.7334110516251992E-4	8.82238778665112E-4	6.911313074716639E-5	9.746294087946694E-4	1.5855813578688198E-4	6.041200832202634	0.057404547407717325
138	9.999096393187301E-4	1.75184976561467E-4	9.037267037648178E-4	7.948625216086918E-5	9.981458532060117E-4	1.0188793188353678E-4	5.801598430499439	0.06204080525271624
139	9.959770074772223E-4	1.923728569679734E-4	8.88884576497162E-4	7.068896023416558E-5	9.623139258145841E-4	1.631341941684137E-4	6.025580139817976	0.057568327994852155
140	9.988467191135442E-4	1.65952117070157E-4	9.605610176706136E-4	8.231948654296826E-5	9.265880033098028E-4	1.0142092076165674E-4	5.828546798887601	0.06038389639226283
141	9.858549521624127E-4	2.1804618530526498E-4	8.968191023157601E-4	7.261282592941694E-5	9.827215386124522E-4	1.601420272740562E-4	6.064477897659415	0.05638876751708675
142	9.948862078204002E-4	1.671954311845181E-4	9.190075480418614E-4	8.054122180208587E-5	9.98288462405128E-4	1.044236467568295E-4	5.817235671538839	0.06167611039153636
143	9.97719711250511E-4	1.941541172267422E-4	8.451270216873752E-4	6.846213799104758E-5	9.409704263418917E-4	1.61905343849155E-4	6.047840087187694	0.0573555257509596
144	9.966664045890639E-4	1.855267853759226E-4	9.412171068916564E-4	8.159637375697739E-5	9.341413301413581E-4	1.0706386945627496E-4	5.811867491048702	0.06203359818299926
145	9.986019389600642E-4	1.9530528326097512E-4	9.239877280222686E-4	7.184049561713226E-5	9.969049067279911E-4	1.5216470831479838E-4	6.033832504628677	0.057742463720323545
146	9.968172252285967E-4	1.73087309760452E-4	9.978140544433245E-4	8.438378304369038E-5	9.585901290947163E-4	1.0342514536996646E-4	5.836282912385485	0.061743843091689746
147	9.933885001345288E-4	1.8031358121541703E-4	9.60828532299729E-4	7.698092706195528E-5	9.755174535683864E-4	1.5621160326794668E-4	6.071100832029359	0.05644951691421419
148	9.922298990261424E-4	1.6924265382536218E-4	9.573193003049596E-4	8.275090590126209E-5	9.865360702718817E-4	1.0866217935662275E-4	5.838488366024734	0.06170258364009763
149	9.989790580533509E-4	2.1602868013884813E-4	8.808937247692938E-4	7.06075367482346E-5	9.917222333974962E-4	1.5694951479143984E-4	6.069567448256237	0.0567443685137571
150	9.9294703143471E-4	1.8128525361106365E-4	9.802153464768537E-4	8.391463542853222E-5	9.337322831939332E-4	1.026138352255983E-4	5.835826069444607	0.0627010670508444
151	9.984028822174196E-4	2.1038348005127292E-4	9.315622251477862E-4	7.151636634492088E-5	9.96360164631227E-4	1.61512653532152E-4	6.055350645394398	0.05752425393090646
152	9.99996722924834E-4	1.6419424544446363E-4	8.786564754394988E-4	7.676640537027018E-5	9.364880571638423E-4	1.0588036087940926E-4	5.828071843236245	0.0625800985644068
153	9.975855778918685E-4	1.7212090551789596E-4	9.824279151899873E-4	7.982462195483276E-5	9.843822422794801E-4	1.634112956244543E-4	6.046317576432429	0.05689595938903713
154	9.96483487341493E-4	1.7975156679289964E-4	8.901986708487186E-4	7.905996292590036E-5	9.619062157284475E-4	1.0186614677546357E-4	5.850233062821815	0.062282162127110414
155	9.957536892386543E-4	1.831599908537207E-4	9.454298820656959E-4	7.583066555059091E-5	9.876284342382746E-4	1.5668092222685133E-4	6.082345157220402	0.05631912256646233
156	9.995027514833055E-4	1.8947789603099052E-4	8.892555229422783E-4	7.772031796115402E-5	9.882602896027493E-4	1.0285567511392988E-4	5.849926271083348	0.062376208394785894
157	9.917990610261995E-4	1.8400682904944318E-4	8.905325270660569E-4	6.968722998348885E-5	9.78719578263565E-4	1.5404355612015216E-4	6.078190800451068	0.05671242392552097
158	9.972344609678885E-4	1.5719886248679503E-4	8.942553755986182E-4	7.861542743341656E-5	9.377963896497477E-4	1.0297881843147488E-4	5.84573057324539	0.06272504585005224
159	9.939428090603997E-4	1.6912964784539128E-4	9.432585454689502E-4	7.147683999425672E-5	9.665785097681123E-4	1.6803447934983246E-4	6.063214830990958	0.05739221182988433
160	9.94610854220923E-4	1.950995396673694E-4	9.054121470342125E-4	8.085390070364885E-5	9.48570587823383E-4	1.0718163694781745E-4	5.845233194007335	0.06148649722241997
161	9.887000964852177E-4	1.850343276402474E-4	8.669385591844048E-4	6.896788191948897E-5	9.883769435958811E-4	1.6449576207103037E-4	6.050891459478692	0.05610882558689147
162	9.993818792963793E-4	1.815179227272443E-4	9.026924241801737E-4	7.964466428976958E-5	9.749062966903921E-4	1.1175489635071567E-4	5.852442888476077	0.06450259105634794
163	9.98523541625218E-4	1.9982188259299555E-4	9.608456533953813E-4	7.558214242104129E-5	9.533337629648031E-4	1.603469567558602E-4	6.101008243672766	0.05688973982131173
164	9.95006702368073E-4	1.8131176107454993E-4	9.090598545498096E-4	8.089035252898256E-5	9.994481664818977E-4	1.1084253950252907E-4	5.853689040148851	0.06314994354644422
165	9.94377115688394E-4	1.8186750449658402E-4	8.865575794843039E-4	7.139282992428129E-5	9.602953445337903E-4	1.4566686136126855E-4	6.066432359896027	0.05720681925031283
166	9.95400742141328E-4	1.705448166623153E-4	9.189604228083681E-4	8.279512053531713E-5	9.918889626803207E-4	9.895339654699824E-5	5.885971589195975	0.06435208371021979
167	9.807002076627214E-4	1.6834301464436257E-4	9.580673842037868E-4	7.447337713186322E-5	9.92064492997713E-4	1.6384468375204496E-4	6.124420414433388	0.05637321402279679
168	9.929267797303964E-4	1.6593375997880086E-4	9.178048550673168E-4	8.172188753116621E-5	9.946771918478703E-4	1.0798644819804302E-4	5.883616057148004	0.0632180959394765
169	9.93952239753071E-4	1.9134594725573361E-4	8.922754306226466E-4	6.950838743201774E-5	9.887058506095059E-4	1.582871958002481E-4	6.109122797121117	0.05699453082168768
170	9.996032915893238E-4	1.807550225580809E-4	9.239385833694769E-4	8.248414028040061E-5	9.990753555300103E-4	1.0239599720287088E-4	5.851039588515562	0.06318556944149302
171	9.93556177490973E-4	1.9597413172773253E-4	9.388607868068277E-4	7.221918572573673E-5	9.905497605586788E-4	1.514291517492993E-4	6.043621103878351	0.056718591195269986
172	9.999479884186258E-4	1.548474936793178E-4	9.50164881583504E-4	8.571282852205722E-5	9.98946308378379E-4	1.0739868813665296E-4	5.898411086559946	0.06307926384610764
173	9.945754865441359E-4	2.0950601676710594E-4	9.87659376562533E-4	7.41512431549006E-5	9.84159230981163E-4	1.6338342077230254E-4	6.155349544634348	0.05533172613819889
174	9.977923613178064E-4	1.8211457688287113E-4	9.333496156429533E-4	8.385573743322079E-5	9.855222826473664E-4	9.954886154220232E-5	5.853672188165717	0.06074191121437735
175	9.99328794620169E-4	2.0320627323261814E-4	9.610868950957752E-4	7.239031632226924E-5	9.861935855965953E-4	1.578430473740273E-4	6.040703587861799	0.05643608752859771
176	9.98519127108466E-4	2.0851708692646873E-4	9.331969993873201E-4	8.422470618652202E-5	9.876391431475895E-4	9.567055134016822E-5	5.856018567709754	0.06333576997384935
177	9.972150616874842E-4	2.0249862261428292E-4	9.645766584043258E-4	7.40569316667577E-5	9.546008551950536E-4	1.541179438523956E-4	6.102521920318253	0.057375487080008884
178	9.92956794220845E-4	1.9008466909159504E-4	9.488112261237802E-4	8.575144884336406E-5	9.822550083455894E-4	1.034795034285675E-4	5.847090717059416	0.06223857370214588
179	9.947014337114979E-4	2.163198243134933E-4	9.486955580655376E-4	7.236787139410375E-5	9.934454144513438E-4	1.2900580929635908E-4	6.052297218556703	0.057361389292855586
180	9.994842629055256E-4	1.8482675649059325E-4	9.573903132888972E-4	8.601230311825392E-5	9.897746448572775E-4	1.0532751478348447E-4	5.841248418313143	0.06422399133057373
181	9.91625630987869E-4	1.699245501172413E-4	9.565228048060703E-4	7.304479322469284E-5	9.921881111623065E-4	1.542790794341097E-4	6.062157273451305	0.05667919828793605
182	9.927751088696368E-4	1.750231626339268E-4	9.834538746886778E-4	8.721549556501066E-5	9.783542346255558E-4	1.1129086005935982E-4	5.82259817340389	0.06346575461718539
183	9.820476618784824E-4	1.8117744393521623E-4	9.790623136041177E-4	7.710844503901278E-5	9.34852233584138E-4	1.323039522171381E-4	6.030782979890802	0.05618108218126206
184	9.919656297654456E-4	1.640029362948893E-4	9.95565113747432E-4	8.768677552469649E-5	9.584727223241885E-4	9.217304283997933E-5	5.817476369999952	0.06294526904671573
185	9.943876352878078E-4	1.8606745603322154E-4	8.494112036245838E-4	6.904980603766308E-5	9.754034707114556E-4	1.1166801142020688E-4	6.0441285013252894	0.05692622808242244
186	9.990976028291243E-4	1.6283776720796357E-4	9.53849104931237E-4	8.212246206996687E-5	9.702331108734086E-4	9.27193146790753E-5	5.838705984953151	0.062432629383289466
187	9.857800906019065E-4	1.7163830942119336E-4	9.543279258679149E-4	7.670973346952908E-5	9.988176715438613E-4	1.4961600986553153E-4	6.061368501235933	0.05786642339250842
188	9.986682295703986E-4	1.859517463938681E-4	9.53182904545713E-4	8.176880160628698E-5	9.876048589916309E-4	8.105390133368854E-5	7.352611715000521	0.0684666514433301
189	9.799857621572983E-4	1.6074174209026302E-4	9.731146209972508E-4	7.466746432665075E-5	9.766337195813435E-4	1.6377826903634992E-4	6.030009574614738	0.05428481041769266
190	9.929532544248332E-4	1.9581706393229504E-4	9.599385525831394E-4	8.095440077614636E-5	9.410001329897E-4	7.830850753196658E-5	5.831474936744797	0.060748284312435716
191	9.97156112561015E-4	1.5178163602731713E-4	9.936418789919799E-4	7.723294092519341E-5	9.80948394897041E-4	1.3983303425659698E-4	6.080599007179188	0.05594598665078019
192	9.993377812804738E-4	1.8250005433956913E-4	9.679933338446745E-4	8.132360204946206E-5	9.996197396056061E-4	1.0758776596234678E-4	5.836879246772327	0.06177433749141764
193	9.97311802080958E-4	1.6821362877100237E-4	8.481364824071136E-4	6.791641522074561E-5	9.427325736837133E-4	1.3977153083086225E-4	6.043775382287436	0.056025024593616336
194	9.95096977248977E-4	1.7329171332238725E-4	9.693749971262378E-4	8.23173835051346E-5	9.769950862121846E-4	1.0198682392520197E-4	5.858352770022833	0.06558403838791062
195	9.982528640790633E-4	2.0502184983559336E-4	9.749386989810205E-4	7.383349101276946E-5	9.827362983614307E-4	1.708154952648123E-4	6.1054887946544625	0.05755385576240227
196	9.992602973056819E-4	1.8201031612403225E-4	9.854228613193072E-4	8.518675641188234E-5	9.48202642135243E-4	8.60742815850701E-5	5.897062493645649	0.05638081449628428
197	9.98223580324975E-4	1.6565202923273932E-4	9.158890729779046E-4	7.399531650955457E-5	9.729167131595773E-4	1.3809408324106257E-4	6.1173577446101035	0.055105608538094
198	9.95391581483318E-4	1.7199092139436636E-4	9.852799250253952E-4	8.383968122635168E-5	9.830055824124884E-4	1.1432506192756815E-4	5.880818991597437	0.06295723334176495
199	9.795140487511844E-4	1.8727918868534675E-4	9.679875007151395E-4	7.787850320713757E-5	9.867570129387104E-4	1.626882336629268E-4	6.1086700789199995	0.05647345939492292
200	9.929187364861036E-4	1.8576333178926818E-4	9.89974885275302E-4	8.47116451698793E-5	9.800634221903692E-4	1.1804045922698904E-4	5.88296845598893	0.06385076305439127
