iteration	solveMasterNet(ms)	updateSubDemand(ms)	solveSubNets(ms)	mapFlow(ms)	getGapFullNet(ms)
0	22.0	0.0	292.0	0.0	0.0
1	16.0	0.0	1826.0	0.0	0.0
2	16.0	0.0	387.0	1.0	1.0
3	2.0	0.0	375.0	0.0	0.0
4	15.0	0.0	8990.0	0.0	0.0
5	16.0	0.0	1016.0	0.0	0.0
6	32.0	0.0	2542.0	1.0	2.0
7	24.0	1.0	2342.0	15.0	0.0
8	16.0	0.0	2408.0	0.0	0.0
9	31.0	0.0	1768.0	0.0	0.0
10	15.0	0.0	1678.0	1.0	1.0
11	23.0	0.0	1254.0	0.0	0.0
12	16.0	0.0	1205.0	0.0	0.0
13	27.0	0.0	1207.0	0.0	0.0
14	15.0	0.0	939.0	0.0	16.0
15	16.0	0.0	1031.0	0.0	0.0
16	16.0	0.0	887.0	1.0	1.0
17	22.0	1.0	756.0	0.0	0.0
18	15.0	0.0	722.0	1.0	1.0
19	21.0	0.0	883.0	1.0	1.0
20	22.0	0.0	697.0	0.0	0.0
21	31.0	0.0	721.0	0.0	0.0
22	31.0	0.0	708.0	0.0	0.0
23	32.0	0.0	697.0	0.0	1.0
24	21.0	0.0	436.0	1.0	1.0
25	21.0	0.0	532.0	0.0	0.0
26	16.0	0.0	425.0	0.0	0.0
27	16.0	0.0	407.0	0.0	0.0
28	15.0	0.0	437.0	0.0	0.0
29	16.0	0.0	421.0	0.0	0.0
30	16.0	0.0	429.0	0.0	0.0
31	16.0	0.0	449.0	0.0	2.0
32	13.0	0.0	421.0	0.0	0.0
33	16.0	0.0	446.0	0.0	0.0
34	15.0	0.0	401.0	0.0	0.0
35	15.0	0.0	424.0	0.0	0.0
36	16.0	0.0	438.0	0.0	0.0
37	15.0	0.0	422.0	0.0	0.0
38	16.0	0.0	432.0	0.0	1.0
39	21.0	0.0	427.0	0.0	0.0
40	30.0	0.0	465.0	0.0	0.0
41	15.0	0.0	485.0	0.0	0.0
42	16.0	0.0	456.0	0.0	0.0
43	31.0	0.0	467.0	0.0	2.0
44	21.0	1.0	483.0	1.0	1.0
45	22.0	0.0	490.0	0.0	0.0
46	31.0	0.0	486.0	0.0	0.0
47	31.0	0.0	535.0	0.0	0.0
48	31.0	0.0	481.0	0.0	0.0
49	16.0	0.0	477.0	0.0	0.0
50	16.0	0.0	523.0	0.0	16.0
51	16.0	0.0	533.0	0.0	0.0
52	27.0	0.0	514.0	0.0	1.0
53	21.0	1.0	488.0	0.0	1.0
54	21.0	0.0	490.0	0.0	1.0
55	22.0	0.0	481.0	0.0	1.0
56	22.0	0.0	489.0	0.0	1.0
57	22.0	0.0	481.0	0.0	1.0
58	21.0	0.0	604.0	0.0	0.0
59	16.0	0.0	501.0	0.0	0.0
60	15.0	0.0	502.0	0.0	0.0
61	16.0	0.0	484.0	0.0	16.0
62	15.0	0.0	484.0	0.0	0.0
63	16.0	0.0	499.0	0.0	0.0
64	16.0	0.0	470.0	0.0	0.0
65	16.0	0.0	454.0	0.0	16.0
66	15.0	0.0	468.0	0.0	0.0
67	15.0	0.0	455.0	0.0	0.0
68	16.0	0.0	453.0	0.0	0.0
69	31.0	0.0	441.0	0.0	1.0
70	20.0	1.0	482.0	0.0	1.0
71	22.0	0.0	447.0	0.0	0.0
72	16.0	0.0	444.0	0.0	0.0
73	15.0	0.0	439.0	0.0	0.0
74	32.0	0.0	437.0	0.0	0.0
75	22.0	1.0	408.0	0.0	0.0
76	16.0	0.0	427.0	0.0	0.0
77	16.0	0.0	409.0	0.0	0.0
78	15.0	0.0	394.0	0.0	2.0
79	20.0	0.0	390.0	0.0	1.0
80	20.0	0.0	382.0	0.0	2.0
81	20.0	0.0	379.0	0.0	0.0
82	16.0	0.0	376.0	0.0	0.0
83	15.0	0.0	360.0	0.0	16.0
84	21.0	0.0	369.0	0.0	0.0
85	15.0	0.0	376.0	0.0	0.0
86	31.0	0.0	360.0	0.0	0.0
87	15.0	0.0	378.0	0.0	1.0
88	13.0	0.0	375.0	0.0	0.0
89	15.0	0.0	377.0	0.0	0.0
90	15.0	0.0	365.0	0.0	0.0
91	16.0	0.0	370.0	0.0	16.0
92	15.0	0.0	360.0	0.0	0.0
93	15.0	0.0	360.0	0.0	0.0
94	32.0	0.0	358.0	0.0	0.0
95	16.0	0.0	346.0	0.0	0.0
96	32.0	0.0	343.0	0.0	0.0
97	32.0	0.0	358.0	0.0	0.0
98	16.0	0.0	375.0	0.0	0.0
99	16.0	0.0	375.0	0.0	0.0
100	16.0	0.0	375.0	0.0	0.0
101	15.0	0.0	360.0	0.0	0.0
102	16.0	0.0	396.0	0.0	1.0
103	21.0	1.0	374.0	1.0	1.0
104	20.0	0.0	377.0	2.0	1.0
105	19.0	0.0	365.0	0.0	0.0
106	31.0	0.0	361.0	0.0	0.0
107	32.0	0.0	357.0	0.0	0.0
108	16.0	0.0	361.0	0.0	0.0
109	15.0	0.0	360.0	0.0	0.0
110	16.0	0.0	371.0	1.0	1.0
111	19.0	1.0	362.0	1.0	1.0
112	20.0	0.0	365.0	0.0	1.0
113	20.0	0.0	334.0	0.0	0.0
114	32.0	0.0	331.0	0.0	0.0
115	31.0	0.0	343.0	0.0	0.0
116	16.0	0.0	373.0	1.0	1.0
117	17.0	0.0	359.0	0.0	0.0
118	32.0	0.0	380.0	1.0	1.0
119	19.0	0.0	386.0	0.0	1.0
120	20.0	0.0	384.0	1.0	1.0
121	19.0	1.0	381.0	0.0	2.0
122	11.0	0.0	385.0	0.0	0.0
123	15.0	0.0	376.0	0.0	0.0
124	15.0	0.0	366.0	0.0	0.0
125	31.0	0.0	361.0	0.0	0.0
126	31.0	0.0	375.0	0.0	0.0
127	33.0	0.0	374.0	0.0	0.0
128	15.0	0.0	392.0	0.0	0.0
129	15.0	0.0	390.0	0.0	0.0
130	16.0	0.0	392.0	0.0	0.0
131	16.0	0.0	380.0	0.0	0.0
132	16.0	0.0	384.0	0.0	0.0
133	16.0	0.0	392.0	0.0	0.0
134	16.0	0.0	374.0	0.0	0.0
135	16.0	0.0	376.0	0.0	2.0
136	14.0	0.0	375.0	0.0	0.0
137	16.0	0.0	365.0	0.0	0.0
138	31.0	0.0	354.0	0.0	0.0
139	32.0	0.0	359.0	0.0	0.0
140	32.0	0.0	375.0	0.0	0.0
141	15.0	0.0	372.0	0.0	1.0
142	16.0	0.0	362.0	0.0	0.0
143	16.0	0.0	360.0	0.0	0.0
144	31.0	0.0	361.0	0.0	0.0
145	31.0	0.0	358.0	0.0	0.0
146	31.0	0.0	360.0	0.0	0.0
147	17.0	0.0	373.0	0.0	0.0
148	16.0	0.0	373.0	0.0	2.0
149	19.0	1.0	377.0	0.0	2.0
150	19.0	0.0	364.0	0.0	1.0
151	20.0	0.0	355.0	0.0	0.0
152	15.0	0.0	360.0	0.0	0.0
153	15.0	0.0	360.0	0.0	0.0
154	16.0	0.0	359.0	0.0	0.0
155	32.0	0.0	344.0	0.0	0.0
156	31.0	0.0	350.0	1.0	1.0
157	7.0	0.0	360.0	0.0	0.0
158	15.0	0.0	345.0	0.0	0.0
159	32.0	0.0	343.0	0.0	0.0
160	16.0	0.0	343.0	0.0	16.0
161	19.0	1.0	340.0	0.0	0.0
162	16.0	0.0	344.0	0.0	0.0
163	31.0	0.0	333.0	0.0	0.0
164	16.0	0.0	344.0	0.0	0.0
165	31.0	0.0	342.0	0.0	1.0
166	19.0	1.0	347.0	0.0	2.0
167	19.0	0.0	341.0	0.0	2.0
168	19.0	0.0	324.0	0.0	0.0
169	32.0	0.0	344.0	0.0	0.0
170	16.0	0.0	344.0	0.0	1.0
171	19.0	0.0	338.0	0.0	1.0
172	19.0	0.0	337.0	0.0	2.0
173	19.0	0.0	326.0	0.0	0.0
174	15.0	0.0	350.0	0.0	2.0
175	19.0	0.0	317.0	0.0	16.0
176	15.0	0.0	329.0	0.0	0.0
177	16.0	0.0	337.0	0.0	2.0
178	4.0	0.0	328.0	0.0	0.0
179	16.0	15.0	330.0	0.0	1.0
180	19.0	0.0	331.0	0.0	2.0
181	19.0	0.0	327.0	0.0	0.0
182	16.0	0.0	378.0	0.0	0.0
183	16.0	0.0	363.0	0.0	2.0
184	19.0	0.0	337.0	0.0	2.0
185	18.0	0.0	333.0	0.0	1.0
186	19.0	0.0	330.0	0.0	2.0
187	19.0	1.0	326.0	0.0	2.0
188	19.0	0.0	320.0	0.0	1.0
189	20.0	0.0	328.0	0.0	2.0
190	19.0	0.0	329.0	0.0	2.0
191	19.0	0.0	302.0	0.0	0.0
192	31.0	0.0	316.0	0.0	0.0
193	16.0	0.0	316.0	0.0	0.0
194	22.0	0.0	317.0	0.0	15.0
195	16.0	0.0	316.0	0.0	0.0
196	16.0	0.0	320.0	0.0	2.0
197	17.0	1.0	315.0	0.0	1.0
198	19.0	0.0	321.0	0.0	2.0
199	19.0	0.0	306.0	0.0	0.0
200	31.0	0.0	316.0	0.0	0.0
201	16.0	16.0	318.0	0.0	2.0
202	18.0	0.0	316.0	0.0	0.0
203	15.0	0.0	326.0	0.0	0.0
204	27.0	1.0	324.0	0.0	0.0
205	23.0	0.0	307.0	0.0	0.0
206	16.0	0.0	317.0	0.0	0.0
207	15.0	0.0	308.0	0.0	0.0
208	15.0	0.0	316.0	0.0	1.0
209	19.0	0.0	310.0	1.0	1.0
210	19.0	0.0	306.0	0.0	1.0
211	19.0	0.0	305.0	0.0	0.0
212	15.0	0.0	313.0	0.0	0.0
213	15.0	0.0	299.0	0.0	0.0
214	31.0	0.0	296.0	0.0	0.0
215	16.0	0.0	313.0	0.0	0.0
216	15.0	0.0	298.0	0.0	0.0
217	15.0	0.0	309.0	1.0	1.0
218	19.0	0.0	296.0	0.0	0.0
219	15.0	0.0	297.0	0.0	0.0
220	31.0	0.0	297.0	0.0	0.0
221	16.0	0.0	287.0	0.0	0.0
222	16.0	0.0	307.0	0.0	0.0
223	16.0	0.0	297.0	0.0	0.0
224	15.0	0.0	299.0	0.0	0.0
225	31.0	0.0	295.0	0.0	2.0
226	18.0	1.0	277.0	0.0	16.0
227	15.0	0.0	282.0	0.0	0.0
228	16.0	0.0	310.0	0.0	0.0
229	15.0	0.0	286.0	0.0	16.0
230	16.0	0.0	285.0	0.0	1.0
231	10.0	0.0	282.0	0.0	0.0
232	15.0	0.0	298.0	0.0	0.0
233	15.0	0.0	301.0	0.0	2.0
234	18.0	0.0	308.0	0.0	1.0
235	18.0	1.0	291.0	0.0	1.0
236	19.0	0.0	275.0	0.0	0.0
237	31.0	0.0	283.0	0.0	0.0
238	15.0	0.0	287.0	0.0	16.0
239	18.0	0.0	289.0	0.0	0.0
240	15.0	0.0	282.0	0.0	0.0
241	16.0	0.0	281.0	16.0	0.0
242	15.0	0.0	292.0	0.0	1.0
243	19.0	0.0	294.0	0.0	1.0
244	19.0	0.0	291.0	1.0	1.0
245	18.0	0.0	292.0	0.0	1.0
246	19.0	1.0	265.0	0.0	0.0
247	31.0	0.0	281.0	0.0	0.0
248	16.0	0.0	296.0	0.0	1.0
249	17.0	0.0	281.0	0.0	0.0
250	16.0	0.0	280.0	0.0	0.0
251	16.0	0.0	281.0	0.0	0.0
252	16.0	0.0	291.0	0.0	1.0
253	17.0	1.0	279.0	0.0	1.0
254	19.0	0.0	277.0	1.0	1.0
255	18.0	0.0	277.0	0.0	2.0
256	18.0	0.0	262.0	0.0	0.0
257	16.0	0.0	269.0	0.0	0.0
258	32.0	0.0	265.0	0.0	0.0
259	16.0	0.0	282.0	0.0	0.0
260	16.0	0.0	280.0	0.0	0.0
261	16.0	0.0	266.0	0.0	15.0
262	16.0	0.0	267.0	0.0	0.0
263	16.0	0.0	265.0	0.0	0.0
264	16.0	0.0	281.0	0.0	0.0
265	15.0	0.0	266.0	0.0	0.0
266	31.0	0.0	275.0	0.0	1.0
267	18.0	0.0	273.0	0.0	1.0
268	18.0	0.0	269.0	0.0	1.0
269	18.0	1.0	259.0	0.0	0.0
270	16.0	0.0	276.0	0.0	0.0
271	15.0	0.0	263.0	0.0	0.0
272	15.0	0.0	256.0	0.0	0.0
273	31.0	0.0	260.0	0.0	0.0
274	16.0	0.0	264.0	0.0	1.0
275	19.0	0.0	264.0	0.0	0.0
276	15.0	0.0	252.0	0.0	0.0
277	33.0	1.0	247.0	0.0	2.0
278	18.0	0.0	252.0	0.0	2.0
279	18.0	0.0	250.0	1.0	1.0
280	18.0	0.0	242.0	0.0	0.0
281	16.0	15.0	250.0	0.0	0.0
282	16.0	0.0	259.0	0.0	0.0
283	16.0	0.0	266.0	0.0	0.0
284	15.0	0.0	267.0	0.0	2.0
285	18.0	0.0	258.0	0.0	1.0
286	19.0	0.0	252.0	1.0	1.0
287	18.0	0.0	242.0	0.0	0.0
288	15.0	0.0	250.0	0.0	16.0
289	16.0	0.0	249.0	0.0	0.0
290	15.0	0.0	255.0	0.0	0.0
291	16.0	0.0	246.0	0.0	0.0
292	31.0	0.0	235.0	0.0	0.0
293	15.0	0.0	252.0	0.0	0.0
294	16.0	0.0	250.0	0.0	0.0
295	15.0	0.0	250.0	0.0	0.0
296	31.0	0.0	234.0	0.0	16.0
297	16.0	0.0	235.0	0.0	15.0
298	16.0	0.0	234.0	0.0	0.0
299	31.0	0.0	235.0	0.0	0.0
300	16.0	0.0	250.0	0.0	0.0
301	16.0	0.0	233.0	0.0	0.0
302	32.0	0.0	234.0	0.0	0.0
303	32.0	1.0	250.0	0.0	0.0
304	16.0	0.0	253.0	0.0	1.0
305	18.0	0.0	243.0	0.0	0.0
306	15.0	0.0	245.0	0.0	2.0
307	17.0	0.0	238.0	0.0	0.0
308	16.0	0.0	249.0	0.0	0.0
309	16.0	0.0	254.0	0.0	0.0
310	16.0	0.0	261.0	0.0	0.0
311	16.0	0.0	234.0	0.0	0.0
312	31.0	0.0	236.0	0.0	0.0
313	16.0	0.0	250.0	0.0	0.0
314	15.0	0.0	263.0	0.0	2.0
315	17.0	1.0	252.0	0.0	1.0
316	18.0	0.0	246.0	0.0	2.0
317	17.0	0.0	241.0	0.0	2.0
318	15.0	0.0	236.0	0.0	0.0
319	16.0	0.0	248.0	0.0	0.0
320	15.0	0.0	238.0	0.0	0.0
321	16.0	0.0	234.0	0.0	0.0
322	16.0	0.0	235.0	0.0	0.0
323	31.0	0.0	234.0	0.0	0.0
324	16.0	0.0	249.0	0.0	0.0
325	16.0	0.0	234.0	0.0	0.0
326	16.0	0.0	251.0	0.0	0.0
327	15.0	0.0	250.0	0.0	0.0
328	16.0	0.0	236.0	0.0	0.0
329	16.0	0.0	234.0	0.0	0.0
330	16.0	0.0	248.0	0.0	0.0
331	16.0	0.0	234.0	0.0	16.0
332	18.0	1.0	241.0	0.0	0.0
333	15.0	0.0	235.0	0.0	0.0
334	30.0	0.0	232.0	0.0	0.0
335	15.0	0.0	249.0	0.0	1.0
336	18.0	0.0	227.0	0.0	0.0
337	15.0	0.0	254.0	0.0	1.0
338	17.0	1.0	212.0	0.0	16.0
339	9.0	0.0	234.0	0.0	0.0
340	25.0	1.0	231.0	0.0	0.0
341	16.0	0.0	251.0	0.0	1.0
342	18.0	0.0	215.0	0.0	15.0
343	16.0	0.0	219.0	0.0	0.0
344	29.0	1.0	220.0	0.0	0.0
345	16.0	0.0	234.0	0.0	0.0
346	16.0	0.0	219.0	0.0	0.0
347	15.0	0.0	235.0	0.0	0.0
348	20.0	0.0	230.0	15.0	0.0
349	16.0	0.0	234.0	0.0	0.0
350	16.0	0.0	227.0	0.0	0.0
351	16.0	0.0	234.0	0.0	0.0
352	16.0	0.0	228.0	0.0	0.0
353	15.0	0.0	235.0	0.0	0.0
354	15.0	0.0	220.0	0.0	0.0
355	15.0	0.0	235.0	0.0	0.0
356	15.0	0.0	234.0	0.0	0.0
357	32.0	0.0	218.0	0.0	0.0
358	16.0	0.0	236.0	0.0	0.0
359	16.0	0.0	234.0	0.0	0.0
360	16.0	0.0	233.0	0.0	0.0
361	16.0	0.0	219.0	0.0	0.0
362	16.0	0.0	220.0	0.0	0.0
363	16.0	0.0	234.0	0.0	0.0
364	16.0	0.0	218.0	0.0	16.0
365	16.0	0.0	218.0	0.0	0.0
366	16.0	0.0	226.0	0.0	16.0
367	15.0	0.0	225.0	0.0	0.0
368	16.0	0.0	222.0	0.0	0.0
369	15.0	0.0	235.0	0.0	0.0
370	15.0	0.0	232.0	0.0	2.0
371	2.0	0.0	235.0	0.0	0.0
372	15.0	0.0	229.0	0.0	2.0
373	17.0	0.0	221.0	0.0	0.0
374	15.0	0.0	219.0	0.0	0.0
375	30.0	0.0	221.0	0.0	0.0
376	15.0	0.0	219.0	0.0	0.0
377	33.0	0.0	218.0	0.0	0.0
378	15.0	0.0	235.0	0.0	0.0
379	15.0	0.0	216.0	0.0	0.0
380	15.0	0.0	219.0	0.0	0.0
381	31.0	0.0	208.0	0.0	0.0
382	15.0	0.0	219.0	0.0	0.0
383	16.0	0.0	218.0	0.0	0.0
384	15.0	0.0	219.0	0.0	0.0
385	16.0	0.0	220.0	0.0	0.0
386	16.0	0.0	241.0	0.0	1.0
387	19.0	0.0	228.0	0.0	1.0
388	17.0	0.0	235.0	0.0	1.0
389	19.0	0.0	232.0	1.0	1.0
390	18.0	0.0	244.0	0.0	0.0
391	16.0	0.0	227.0	0.0	0.0
392	16.0	0.0	219.0	0.0	0.0
393	31.0	0.0	204.0	0.0	0.0
394	25.0	0.0	216.0	0.0	0.0
395	15.0	0.0	219.0	0.0	1.0
396	8.0	0.0	235.0	0.0	1.0
397	18.0	1.0	226.0	1.0	1.0
398	18.0	0.0	204.0	0.0	0.0
399	16.0	0.0	225.0	0.0	0.0
400	22.0	0.0	202.0	0.0	0.0
401	32.0	0.0	234.0	0.0	0.0
402	20.0	0.0	225.0	0.0	1.0
403	18.0	1.0	211.0	0.0	1.0
404	17.0	0.0	223.0	0.0	1.0
405	17.0	0.0	216.0	0.0	2.0
406	17.0	0.0	213.0	0.0	0.0
407	16.0	0.0	219.0	0.0	0.0
408	17.0	0.0	228.0	3.0	2.0
409	15.0	0.0	217.0	0.0	0.0
410	16.0	0.0	213.0	0.0	0.0
411	16.0	0.0	219.0	0.0	0.0
412	15.0	0.0	220.0	0.0	1.0
413	15.0	0.0	203.0	0.0	0.0
414	16.0	0.0	219.0	0.0	0.0
415	13.0	0.0	228.0	0.0	0.0
416	15.0	0.0	209.0	0.0	0.0
417	16.0	0.0	223.0	0.0	0.0
418	15.0	0.0	215.0	0.0	0.0
419	15.0	0.0	209.0	0.0	0.0
420	15.0	0.0	204.0	0.0	15.0
421	16.0	0.0	206.0	0.0	0.0
422	17.0	0.0	208.0	0.0	0.0
423	17.0	1.0	207.0	0.0	1.0
424	18.0	0.0	211.0	0.0	2.0
425	18.0	0.0	219.0	0.0	1.0
426	18.0	0.0	209.0	0.0	1.0
427	17.0	1.0	210.0	1.0	1.0
428	17.0	0.0	210.0	0.0	4.0
429	17.0	0.0	203.0	0.0	0.0
430	16.0	0.0	208.0	0.0	0.0
431	24.0	0.0	213.0	0.0	0.0
432	20.0	0.0	215.0	0.0	0.0
433	20.0	0.0	207.0	0.0	0.0
434	16.0	0.0	218.0	0.0	2.0
435	18.0	0.0	214.0	0.0	0.0
436	15.0	0.0	206.0	0.0	0.0
437	15.0	0.0	207.0	0.0	0.0
438	15.0	0.0	203.0	0.0	0.0
439	16.0	0.0	205.0	0.0	16.0
440	15.0	0.0	189.0	0.0	15.0
441	16.0	0.0	202.0	0.0	0.0
442	15.0	0.0	225.0	0.0	0.0
443	15.0	0.0	225.0	0.0	2.0
444	3.0	0.0	203.0	0.0	0.0
445	31.0	0.0	203.0	0.0	0.0
446	19.0	1.0	209.0	0.0	0.0
447	20.0	0.0	196.0	0.0	0.0
448	31.0	0.0	197.0	0.0	0.0
449	15.0	0.0	204.0	0.0	0.0
450	15.0	0.0	226.0	0.0	0.0
451	17.0	0.0	203.0	0.0	0.0
452	16.0	0.0	203.0	0.0	1.0
453	18.0	0.0	197.0	0.0	0.0
454	16.0	0.0	208.0	0.0	1.0
455	18.0	0.0	209.0	0.0	1.0
456	18.0	0.0	200.0	0.0	1.0
457	18.0	0.0	195.0	0.0	1.0
458	17.0	1.0	198.0	0.0	1.0
459	17.0	1.0	187.0	0.0	0.0
460	16.0	0.0	187.0	0.0	0.0
461	31.0	0.0	188.0	0.0	0.0
462	16.0	0.0	187.0	0.0	15.0
463	16.0	0.0	187.0	0.0	0.0
464	16.0	0.0	189.0	0.0	0.0
465	16.0	0.0	202.0	0.0	0.0
466	20.0	0.0	202.0	0.0	1.0
467	19.0	0.0	192.0	0.0	0.0
468	20.0	0.0	197.0	0.0	2.0
469	17.0	0.0	199.0	0.0	1.0
470	18.0	0.0	193.0	0.0	2.0
471	17.0	0.0	213.0	1.0	1.0
472	17.0	1.0	194.0	0.0	1.0
473	19.0	0.0	193.0	1.0	1.0
474	17.0	0.0	190.0	0.0	0.0
475	16.0	0.0	187.0	0.0	0.0
476	16.0	0.0	182.0	0.0	0.0
477	16.0	0.0	186.0	0.0	15.0
478	16.0	0.0	191.0	1.0	1.0
479	17.0	1.0	194.0	0.0	2.0
480	17.0	1.0	194.0	0.0	1.0
481	18.0	0.0	189.0	0.0	2.0
482	17.0	0.0	194.0	0.0	2.0
483	18.0	1.0	169.0	0.0	16.0
484	16.0	0.0	187.0	0.0	0.0
485	16.0	0.0	180.0	0.0	0.0
486	31.0	0.0	189.0	0.0	0.0
487	16.0	0.0	203.0	0.0	0.0
488	15.0	0.0	179.0	0.0	0.0
489	16.0	0.0	192.0	0.0	0.0
490	16.0	0.0	187.0	0.0	0.0
491	32.0	0.0	177.0	0.0	0.0
492	29.0	0.0	176.0	0.0	0.0
493	15.0	0.0	195.0	0.0	0.0
494	16.0	0.0	187.0	0.0	0.0
495	16.0	0.0	183.0	0.0	0.0
496	29.0	0.0	178.0	0.0	0.0
497	16.0	0.0	197.0	0.0	1.0
498	19.0	0.0	187.0	0.0	1.0
499	17.0	1.0	181.0	0.0	2.0
500	17.0	1.0	184.0	0.0	1.0
