source	dest	fft	coef	power	capacity
577	545	3.61	0.15	4.0	4000.0
757	768	7.48	0.15	4.0	2000.0
688	142	0.0	0.15	4.0	49500.0
757	761	4.7	0.15	4.0	3000.0
712	710	5.11	0.15	4.0	3000.0
643	97	0.0	0.15	4.0	49500.0
704	538	4.18	0.15	4.0	8000.0
704	539	4.88	0.15	4.0	5000.0
622	623	5.02	0.15	4.0	3500.0
667	666	4.68	0.15	4.0	2000.0
622	615	5.03	0.15	4.0	4000.0
622	614	6.06	0.15	4.0	4000.0
491	559	0.6	0.15	4.0	6500.0
577	576	6.38	0.15	4.0	2000.0
491	558	3.2	0.15	4.0	6500.0
577	578	4.63	0.15	4.0	8000.0
585	771	3.88	0.15	4.0	3000.0
757	800	3.71	0.15	4.0	3000.0
553	7	0.0	0.15	4.0	49500.0
622	625	4.8	0.15	4.0	2500.0
200	746	0.0	0.15	4.0	49500.0
577	573	4.91	0.15	4.0	6500.0
598	52	0.0	0.15	4.0	49500.0
614	439	2.72	0.15	4.0	6000.0
536	615	1.52	0.15	4.0	2000.0
618	552	4.34	0.15	4.0	5000.0
532	531	1.65	0.15	4.0	6500.0
532	533	1.51	0.15	4.0	6500.0
618	548	3.52	0.15	4.0	7500.0
909	363	0.0	0.15	4.0	49500.0
659	509	0.59	0.15	4.0	5000.0
798	796	4.39	0.15	4.0	1000.0
110	656	0.0	0.15	4.0	49500.0
487	488	2.65	0.15	4.0	5000.0
65	611	0.0	0.15	4.0	49500.0
397	398	2.36	0.15	4.0	5000.0
573	528	5.67	0.15	4.0	4000.0
532	569	2.95	0.15	4.0	5000.0
397	396	2.11	0.15	4.0	5000.0
573	531	3.42	0.15	4.0	3500.0
20	566	0.0	0.15	4.0	49500.0
532	574	2.23	0.15	4.0	5000.0
753	756	4.66	0.15	4.0	4500.0
798	804	4.48	0.15	4.0	3000.0
753	751	4.36	0.15	4.0	8000.0
798	800	3.46	0.15	4.0	1000.0
376	922	0.0	0.15	4.0	49500.0
774	228	0.0	0.15	4.0	49500.0
487	535	4.12	0.15	4.0	6500.0
753	762	3.45	0.15	4.0	3500.0
618	616	3.18	0.15	4.0	6500.0
618	621	3.88	0.15	4.0	3500.0
639	93	0.0	0.15	4.0	49500.0
544	904	3.25	0.15	4.0	5000.0
573	577	4.91	0.15	4.0	6500.0
921	743	8.94	0.15	4.0	2500.0
905	359	0.0	0.15	4.0	49500.0
549	3	0.0	0.15	4.0	49500.0
196	742	0.0	0.15	4.0	49500.0
921	739	5.84	0.15	4.0	2000.0
528	526	9.84	0.15	4.0	5000.0
573	569	5.09	0.15	4.0	6000.0
594	48	0.0	0.15	4.0	49500.0
573	572	4.91	0.15	4.0	6500.0
544	903	5.39	0.15	4.0	5000.0
569	499	2.32	0.15	4.0	12500.0
614	554	5.04	0.15	4.0	3500.0
528	529	1.43	0.15	4.0	6500.0
106	652	0.0	0.15	4.0	49500.0
483	481	1.67	0.15	4.0	6500.0
483	480	1.68	0.15	4.0	5000.0
438	439	2.4	0.15	4.0	5000.0
438	437	4.14	0.15	4.0	5000.0
61	607	0.0	0.15	4.0	49500.0
401	590	1.81	0.15	4.0	6000.0
749	754	4.1	0.15	4.0	3500.0
16	562	0.0	0.15	4.0	49500.0
393	394	3.42	0.15	4.0	5000.0
569	532	2.95	0.15	4.0	5000.0
528	573	5.67	0.15	4.0	4000.0
569	533	2.98	0.15	4.0	5000.0
704	703	4.29	0.15	4.0	7500.0
749	758	3.65	0.15	4.0	3000.0
778	429	2.77	0.15	4.0	6500.0
401	585	1.7	0.15	4.0	6000.0
528	575	0.88	0.15	4.0	4000.0
749	747	3.85	0.15	4.0	2000.0
770	224	0.0	0.15	4.0	49500.0
692	407	2.47	0.15	4.0	6500.0
749	750	5.32	0.15	4.0	2000.0
659	658	5.56	0.15	4.0	5500.0
909	517	4.39	0.15	4.0	2500.0
659	657	5.22	0.15	4.0	15000.0
704	706	4.55	0.15	4.0	8500.0
606	403	2.84	0.15	4.0	1500.0
659	654	4.81	0.15	4.0	5500.0
680	134	0.0	0.15	4.0	49500.0
614	619	5.65	0.15	4.0	3500.0
483	539	3.33	0.15	4.0	5000.0
569	565	6.55	0.15	4.0	6500.0
590	44	0.0	0.15	4.0	49500.0
614	622	6.06	0.15	4.0	4000.0
635	89	0.0	0.15	4.0	49500.0
614	612	4.27	0.15	4.0	5500.0
192	738	0.0	0.15	4.0	49500.0
610	537	0.81	0.15	4.0	5500.0
524	525	3.24	0.15	4.0	5000.0
569	570	5.59	0.15	4.0	9000.0
569	572	7.9	0.15	4.0	3500.0
569	573	5.09	0.15	4.0	6000.0
147	693	0.0	0.15	4.0	49500.0
479	478	3.24	0.15	4.0	6500.0
102	648	0.0	0.15	4.0	49500.0
479	480	1.32	0.15	4.0	6500.0
790	796	3.98	0.15	4.0	2000.0
438	535	8.17	0.15	4.0	6500.0
57	603	0.0	0.15	4.0	49500.0
745	743	7.62	0.15	4.0	2000.0
790	792	3.42	0.15	4.0	2500.0
434	435	3.07	0.15	4.0	5000.0
487	682	3.04	0.15	4.0	3000.0
487	681	1.36	0.15	4.0	3000.0
434	433	2.35	0.15	4.0	5000.0
766	220	0.0	0.15	4.0	49500.0
790	788	3.38	0.15	4.0	1500.0
524	545	4.42	0.15	4.0	5000.0
438	540	1.68	0.15	4.0	3500.0
12	558	0.0	0.15	4.0	49500.0
438	536	2.11	0.15	4.0	5000.0
745	755	4.75	0.15	4.0	4000.0
397	588	3.02	0.15	4.0	3000.0
745	744	3.79	0.15	4.0	6000.0
397	604	1.28	0.15	4.0	3000.0
631	85	0.0	0.15	4.0	49500.0
905	513	9.12	0.15	4.0	3500.0
905	514	11.27	0.15	4.0	3000.0
676	130	0.0	0.15	4.0	49500.0
524	578	4.67	0.15	4.0	5500.0
655	653	4.81	0.15	4.0	2500.0
233	779	0.0	0.15	4.0	49500.0
586	40	0.0	0.15	4.0	49500.0
565	564	2.16	0.15	4.0	14000.0
610	611	3.73	0.15	4.0	6500.0
610	615	4.19	0.15	4.0	8500.0
520	519	0.75	0.15	4.0	5000.0
565	568	2.08	0.15	4.0	12000.0
565	569	6.55	0.15	4.0	6500.0
143	689	0.0	0.15	4.0	49500.0
921	920	7.14	0.15	4.0	1500.0
475	476	1.68	0.15	4.0	5000.0
98	644	0.0	0.15	4.0	49500.0
430	429	0.63	0.15	4.0	3500.0
561	492	3.09	0.15	4.0	9000.0
561	494	1.0	0.15	4.0	10000.0
53	599	0.0	0.15	4.0	49500.0
741	739	3.38	0.15	4.0	2000.0
762	216	0.0	0.15	4.0	49500.0
741	743	6.77	0.15	4.0	1000.0
741	742	4.07	0.15	4.0	500.0
8	554	0.0	0.15	4.0	49500.0
483	693	0.5	0.15	4.0	6500.0
647	524	1.58	0.15	4.0	5500.0
778	597	10.64	0.15	4.0	500.0
524	647	1.58	0.15	4.0	5500.0
672	126	0.0	0.15	4.0	49500.0
741	747	3.8	0.15	4.0	2500.0
610	679	4.77	0.15	4.0	6500.0
627	81	0.0	0.15	4.0	49500.0
606	604	3.71	0.15	4.0	3500.0
606	607	4.09	0.15	4.0	3500.0
479	629	2.12	0.15	4.0	3000.0
229	775	0.0	0.15	4.0	49500.0
561	560	4.38	0.15	4.0	11000.0
647	579	3.52	0.15	4.0	5500.0
582	36	0.0	0.15	4.0	49500.0
561	558	4.26	0.15	4.0	10000.0
516	517	6.07	0.15	4.0	3500.0
516	515	5.77	0.15	4.0	5000.0
94	640	0.0	0.15	4.0	49500.0
557	490	3.59	0.15	4.0	5000.0
49	595	0.0	0.15	4.0	49500.0
434	618	4.12	0.15	4.0	9000.0
426	427	1.11	0.15	4.0	3500.0
434	619	0.65	0.15	4.0	9000.0
426	425	1.71	0.15	4.0	5000.0
692	682	4.0	0.15	4.0	8000.0
4	550	0.0	0.15	4.0	49500.0
479	693	1.88	0.15	4.0	3000.0
905	670	10.0	0.15	4.0	1000.0
360	906	0.0	0.15	4.0	49500.0
426	441	4.82	0.15	4.0	5000.0
758	212	0.0	0.15	4.0	49500.0
647	645	3.97	0.15	4.0	10000.0
692	691	4.22	0.15	4.0	8000.0
606	675	6.4	0.15	4.0	3500.0
692	694	5.17	0.15	4.0	5500.0
766	422	3.61	0.15	4.0	1000.0
680	404	1.27	0.15	4.0	5500.0
647	657	3.63	0.15	4.0	3500.0
602	600	3.32	0.15	4.0	6000.0
602	603	3.82	0.15	4.0	4000.0
602	607	4.53	0.15	4.0	3000.0
225	771	0.0	0.15	4.0	49500.0
623	77	0.0	0.15	4.0	49500.0
643	576	3.53	0.15	4.0	3000.0
594	427	1.43	0.15	4.0	7000.0
643	578	3.79	0.15	4.0	12000.0
393	712	2.62	0.15	4.0	3500.0
512	511	2.21	0.15	4.0	5000.0
578	32	0.0	0.15	4.0	49500.0
557	556	5.92	0.15	4.0	6500.0
557	558	3.99	0.15	4.0	5000.0
557	559	5.64	0.15	4.0	5500.0
135	681	0.0	0.15	4.0	49500.0
512	513	3.73	0.15	4.0	5000.0
90	636	0.0	0.15	4.0	49500.0
553	496	1.3	0.15	4.0	6000.0
778	779	5.18	0.15	4.0	4000.0
422	423	3.11	0.15	4.0	5000.0
778	777	4.66	0.15	4.0	3000.0
422	421	3.53	0.15	4.0	5000.0
45	591	0.0	0.15	4.0	49500.0
639	505	2.42	0.15	4.0	6000.0
639	506	1.8	0.15	4.0	5000.0
688	683	4.19	0.15	4.0	3500.0
680	488	2.97	0.15	4.0	2500.0
356	902	0.0	0.15	4.0	49500.0
688	687	4.42	0.15	4.0	6500.0
602	671	4.72	0.15	4.0	3500.0
754	208	0.0	0.15	4.0	49500.0
688	678	4.18	0.15	4.0	7500.0
557	624	9.25	0.15	4.0	2000.0
643	644	4.93	0.15	4.0	8000.0
557	630	3.75	0.15	4.0	8500.0
688	690	5.32	0.15	4.0	5000.0
475	707	1.74	0.15	4.0	3500.0
475	706	3.08	0.15	4.0	3500.0
762	422	0.87	0.15	4.0	1000.0
221	767	0.0	0.15	4.0	49500.0
574	28	0.0	0.15	4.0	49500.0
553	550	3.92	0.15	4.0	3500.0
590	401	1.81	0.15	4.0	6000.0
619	73	0.0	0.15	4.0	49500.0
598	599	4.25	0.15	4.0	6500.0
553	560	3.97	0.15	4.0	7500.0
598	616	4.51	0.15	4.0	2500.0
598	620	3.95	0.15	4.0	3500.0
553	552	4.56	0.15	4.0	8500.0
508	509	2.41	0.15	4.0	5000.0
508	507	7.86	0.15	4.0	5000.0
131	677	0.0	0.15	4.0	49500.0
909	906	11.48	0.15	4.0	1500.0
774	765	4.01	0.15	4.0	6000.0
86	632	0.0	0.15	4.0	49500.0
41	587	0.0	0.15	4.0	49500.0
774	776	4.01	0.15	4.0	3000.0
418	419	5.27	0.15	4.0	5000.0
750	204	0.0	0.15	4.0	49500.0
635	504	0.45	0.15	4.0	7000.0
774	769	5.21	0.15	4.0	1000.0
774	773	4.05	0.15	4.0	4000.0
705	159	0.0	0.15	4.0	49500.0
639	641	4.75	0.15	4.0	8500.0
639	640	3.51	0.15	4.0	3000.0
512	661	0.58	0.15	4.0	2000.0
594	589	4.18	0.15	4.0	1500.0
615	69	0.0	0.15	4.0	49500.0
660	114	0.0	0.15	4.0	49500.0
512	670	7.48	0.15	4.0	2000.0
504	477	0.95	0.15	4.0	6500.0
262	808	0.0	0.15	4.0	49500.0
217	763	0.0	0.15	4.0	49500.0
570	24	0.0	0.15	4.0	49500.0
549	547	4.89	0.15	4.0	4500.0
549	550	3.28	0.15	4.0	5000.0
549	551	4.21	0.15	4.0	15500.0
594	593	4.54	0.15	4.0	6500.0
680	611	4.34	0.15	4.0	4500.0
594	596	4.63	0.15	4.0	3000.0
504	503	0.52	0.15	4.0	7000.0
127	673	0.0	0.15	4.0	49500.0
504	505	3.51	0.15	4.0	6500.0
905	906	9.68	0.15	4.0	3000.0
770	761	3.82	0.15	4.0	1500.0
82	628	0.0	0.15	4.0	49500.0
631	489	4.23	0.15	4.0	3500.0
631	490	3.8	0.15	4.0	5000.0
37	583	0.0	0.15	4.0	49500.0
746	200	0.0	0.15	4.0	49500.0
770	769	3.79	0.15	4.0	2500.0
770	768	6.33	0.15	4.0	1500.0
770	772	4.05	0.15	4.0	5500.0
656	110	0.0	0.15	4.0	49500.0
680	679	3.4	0.15	4.0	3500.0
611	65	0.0	0.15	4.0	49500.0
635	640	3.64	0.15	4.0	1000.0
590	589	4.48	0.15	4.0	4500.0
676	607	6.87	0.15	4.0	500.0
258	804	0.0	0.15	4.0	49500.0
545	523	0.12	0.15	4.0	5000.0
635	634	3.86	0.15	4.0	3500.0
213	759	0.0	0.15	4.0	49500.0
545	524	4.42	0.15	4.0	5000.0
754	421	2.86	0.15	4.0	2000.0
922	376	0.0	0.15	4.0	49500.0
631	566	7.28	0.15	4.0	2000.0
590	592	4.28	0.15	4.0	10000.0
566	20	0.0	0.15	4.0	49500.0
631	559	6.1	0.15	4.0	5000.0
500	501	3.61	0.15	4.0	5000.0
500	499	2.84	0.15	4.0	5000.0
627	484	1.98	0.15	4.0	6000.0
627	486	2.22	0.15	4.0	6500.0
631	571	6.73	0.15	4.0	2000.0
516	903	8.96	0.15	4.0	6000.0
78	624	0.0	0.15	4.0	49500.0
545	577	3.61	0.15	4.0	4000.0
545	580	1.5	0.15	4.0	4000.0
766	767	3.66	0.15	4.0	3500.0
33	579	0.0	0.15	4.0	49500.0
516	906	1.62	0.15	4.0	6000.0
410	409	3.93	0.15	4.0	5000.0
766	756	4.83	0.15	4.0	6500.0
635	705	4.23	0.15	4.0	5500.0
496	436	1.02	0.15	4.0	9000.0
676	671	3.91	0.15	4.0	3000.0
504	635	0.45	0.15	4.0	7000.0
922	418	4.77	0.15	4.0	2000.0
537	399	4.28	0.15	4.0	5000.0
742	196	0.0	0.15	4.0	49500.0
652	106	0.0	0.15	4.0	49500.0
631	628	6.55	0.15	4.0	6500.0
676	675	4.32	0.15	4.0	5500.0
676	678	4.09	0.15	4.0	3500.0
586	584	6.15	0.15	4.0	4000.0
500	566	1.82	0.15	4.0	4500.0
586	585	4.01	0.15	4.0	3000.0
672	603	3.78	0.15	4.0	2000.0
254	800	0.0	0.15	4.0	49500.0
586	588	4.44	0.15	4.0	5500.0
209	755	0.0	0.15	4.0	49500.0
607	61	0.0	0.15	4.0	49500.0
500	570	1.36	0.15	4.0	4500.0
631	636	4.37	0.15	4.0	6500.0
541	526	0.44	0.15	4.0	3500.0
164	710	0.0	0.15	4.0	49500.0
422	766	3.61	0.15	4.0	1000.0
496	495	2.56	0.15	4.0	9000.0
562	16	0.0	0.15	4.0	49500.0
422	762	0.87	0.15	4.0	1000.0
74	620	0.0	0.15	4.0	49500.0
762	763	4.19	0.15	4.0	2500.0
406	407	3.31	0.15	4.0	5000.0
406	405	2.53	0.15	4.0	5000.0
582	541	5.76	0.15	4.0	2500.0
541	582	5.76	0.15	4.0	2500.0
29	575	0.0	0.15	4.0	49500.0
762	764	4.48	0.15	4.0	500.0
762	753	3.45	0.15	4.0	3500.0
385	931	0.0	0.15	4.0	49500.0
693	147	0.0	0.15	4.0	49500.0
672	671	3.66	0.15	4.0	2500.0
738	192	0.0	0.15	4.0	49500.0
619	434	0.65	0.15	4.0	9000.0
627	626	5.1	0.15	4.0	13000.0
672	674	3.99	0.15	4.0	2000.0
496	556	3.71	0.15	4.0	6000.0
496	553	1.3	0.15	4.0	6000.0
627	623	4.83	0.15	4.0	5500.0
250	796	0.0	0.15	4.0	49500.0
648	102	0.0	0.15	4.0	49500.0
590	776	4.76	0.15	4.0	7500.0
205	751	0.0	0.15	4.0	49500.0
558	12	0.0	0.15	4.0	49500.0
603	57	0.0	0.15	4.0	49500.0
582	579	5.09	0.15	4.0	1500.0
582	580	6.48	0.15	4.0	3500.0
582	581	6.8	0.15	4.0	7500.0
160	706	0.0	0.15	4.0	49500.0
578	507	8.09	0.15	4.0	1500.0
537	536	3.23	0.15	4.0	5000.0
492	493	1.37	0.15	4.0	6500.0
115	661	0.0	0.15	4.0	49500.0
492	491	2.84	0.15	4.0	6500.0
705	476	2.02	0.15	4.0	3500.0
488	405	1.01	0.15	4.0	5000.0
578	524	4.67	0.15	4.0	5500.0
758	749	3.65	0.15	4.0	3000.0
70	616	0.0	0.15	4.0	49500.0
758	763	4.07	0.15	4.0	5500.0
25	571	0.0	0.15	4.0	49500.0
758	760	3.87	0.15	4.0	2000.0
402	401	1.69	0.15	4.0	5000.0
779	233	0.0	0.15	4.0	49500.0
758	759	3.87	0.15	4.0	500.0
533	498	1.61	0.15	4.0	6500.0
689	143	0.0	0.15	4.0	49500.0
537	608	3.31	0.15	4.0	5500.0
623	624	6.26	0.15	4.0	6500.0
537	610	0.81	0.15	4.0	5500.0
623	627	4.83	0.15	4.0	5500.0
599	53	0.0	0.15	4.0	49500.0
615	439	1.94	0.15	4.0	6000.0
246	792	0.0	0.15	4.0	49500.0
644	98	0.0	0.15	4.0	49500.0
582	660	5.88	0.15	4.0	3500.0
623	622	5.02	0.15	4.0	3500.0
201	747	0.0	0.15	4.0	49500.0
554	8	0.0	0.15	4.0	49500.0
533	532	1.51	0.15	4.0	6500.0
492	562	0.49	0.15	4.0	9000.0
492	561	3.09	0.15	4.0	9000.0
578	576	6.34	0.15	4.0	2000.0
578	577	4.63	0.15	4.0	8000.0
578	579	7.28	0.15	4.0	2000.0
578	580	6.38	0.15	4.0	2500.0
586	772	3.83	0.15	4.0	3000.0
488	487	2.65	0.15	4.0	5000.0
111	657	0.0	0.15	4.0	49500.0
619	552	4.8	0.15	4.0	9500.0
619	554	4.97	0.15	4.0	2500.0
66	612	0.0	0.15	4.0	49500.0
754	749	4.1	0.15	4.0	3500.0
775	229	0.0	0.15	4.0	49500.0
398	399	0.72	0.15	4.0	5000.0
398	397	2.36	0.15	4.0	5000.0
21	567	0.0	0.15	4.0	49500.0
754	763	3.86	0.15	4.0	1000.0
611	403	2.07	0.15	4.0	1500.0
410	690	2.9	0.15	4.0	2000.0
398	403	3.06	0.15	4.0	8000.0
377	923	0.0	0.15	4.0	49500.0
398	400	2.11	0.15	4.0	6500.0
533	568	1.26	0.15	4.0	5000.0
623	681	4.31	0.15	4.0	4000.0
533	569	2.98	0.15	4.0	5000.0
574	531	2.95	0.15	4.0	3500.0
754	752	3.69	0.15	4.0	2000.0
574	532	2.23	0.15	4.0	5000.0
619	614	5.65	0.15	4.0	3500.0
640	94	0.0	0.15	4.0	49500.0
578	643	3.79	0.15	4.0	12000.0
578	645	5.85	0.15	4.0	6000.0
574	568	3.08	0.15	4.0	17500.0
595	49	0.0	0.15	4.0	49500.0
242	788	0.0	0.15	4.0	49500.0
574	575	4.87	0.15	4.0	16000.0
619	617	3.36	0.15	4.0	10500.0
705	635	4.23	0.15	4.0	5500.0
197	743	0.0	0.15	4.0	49500.0
418	922	4.77	0.15	4.0	2000.0
660	582	5.88	0.15	4.0	3500.0
418	923	8.98	0.15	4.0	5000.0
418	921	3.86	0.15	4.0	2000.0
529	528	1.43	0.15	4.0	6500.0
529	530	2.05	0.15	4.0	6500.0
529	531	1.22	0.15	4.0	6500.0
906	360	0.0	0.15	4.0	49500.0
922	744	6.24	0.15	4.0	1500.0
615	536	1.52	0.15	4.0	2000.0
922	743	9.71	0.15	4.0	1000.0
550	4	0.0	0.15	4.0	49500.0
484	485	3.26	0.15	4.0	5000.0
107	653	0.0	0.15	4.0	49500.0
525	452	2.32	0.15	4.0	5000.0
484	480	2.13	0.15	4.0	5000.0
439	438	2.4	0.15	4.0	5000.0
570	500	1.36	0.15	4.0	4500.0
62	608	0.0	0.15	4.0	49500.0
750	746	4.84	0.15	4.0	2000.0
771	225	0.0	0.15	4.0	49500.0
406	677	2.0	0.15	4.0	3000.0
439	440	2.53	0.15	4.0	5000.0
750	749	5.32	0.15	4.0	2000.0
750	748	4.92	0.15	4.0	4500.0
373	919	0.0	0.15	4.0	49500.0
17	563	0.0	0.15	4.0	49500.0
406	682	2.45	0.15	4.0	3000.0
394	395	2.42	0.15	4.0	5000.0
394	393	3.42	0.15	4.0	5000.0
705	706	4.14	0.15	4.0	5000.0
681	135	0.0	0.15	4.0	49500.0
779	427	2.65	0.15	4.0	7000.0
779	425	1.48	0.15	4.0	2000.0
750	759	4.09	0.15	4.0	1000.0
652	452	2.17	0.15	4.0	7000.0
705	703	4.18	0.15	4.0	3500.0
615	610	4.19	0.15	4.0	8500.0
636	90	0.0	0.15	4.0	49500.0
615	613	3.61	0.15	4.0	10000.0
660	656	3.83	0.15	4.0	3000.0
660	661	4.61	0.15	4.0	5000.0
570	569	5.59	0.15	4.0	9000.0
238	784	0.0	0.15	4.0	49500.0
570	571	6.49	0.15	4.0	3000.0
570	572	5.31	0.15	4.0	5500.0
541	902	8.02	0.15	4.0	2500.0
193	739	0.0	0.15	4.0	49500.0
656	579	6.63	0.15	4.0	3000.0
591	45	0.0	0.15	4.0	49500.0
615	622	5.03	0.15	4.0	4000.0
148	694	0.0	0.15	4.0	49500.0
480	479	1.32	0.15	4.0	6500.0
902	356	0.0	0.15	4.0	49500.0
525	524	3.24	0.15	4.0	5000.0
103	649	0.0	0.15	4.0	49500.0
480	486	2.03	0.15	4.0	6500.0
693	483	0.5	0.15	4.0	6500.0
480	484	2.13	0.15	4.0	5000.0
480	483	1.68	0.15	4.0	5000.0
652	525	2.57	0.15	4.0	5000.0
480	481	1.41	0.15	4.0	5000.0
435	436	1.92	0.15	4.0	5000.0
58	604	0.0	0.15	4.0	49500.0
435	434	3.07	0.15	4.0	5000.0
566	500	1.82	0.15	4.0	4500.0
488	682	2.77	0.15	4.0	2500.0
693	479	1.88	0.15	4.0	3000.0
488	680	2.97	0.15	4.0	2500.0
746	750	4.84	0.15	4.0	2000.0
13	559	0.0	0.15	4.0	49500.0
746	748	4.66	0.15	4.0	2000.0
746	738	8.62	0.15	4.0	1500.0
767	221	0.0	0.15	4.0	49500.0
677	131	0.0	0.15	4.0	49500.0
689	408	2.19	0.15	4.0	2000.0
775	425	2.62	0.15	4.0	2000.0
746	757	7.09	0.15	4.0	4000.0
611	609	3.81	0.15	4.0	3000.0
484	629	3.65	0.15	4.0	6000.0
611	610	3.73	0.15	4.0	6500.0
484	627	1.98	0.15	4.0	6000.0
566	559	4.58	0.15	4.0	7500.0
656	658	4.75	0.15	4.0	4000.0
906	516	1.62	0.15	4.0	6000.0
656	657	5.64	0.15	4.0	7000.0
656	660	3.83	0.15	4.0	3000.0
632	86	0.0	0.15	4.0	49500.0
521	511	3.12	0.15	4.0	5000.0
746	792	3.98	0.15	4.0	1000.0
521	519	2.72	0.15	4.0	5000.0
587	41	0.0	0.15	4.0	49500.0
566	567	5.43	0.15	4.0	5000.0
144	690	0.0	0.15	4.0	49500.0
562	492	0.49	0.15	4.0	9000.0
562	493	1.26	0.15	4.0	14500.0
439	614	2.72	0.15	4.0	6000.0
439	615	1.94	0.15	4.0	6000.0
476	477	3.71	0.15	4.0	5000.0
99	645	0.0	0.15	4.0	49500.0
476	475	1.68	0.15	4.0	5000.0
431	428	1.04	0.15	4.0	5000.0
54	600	0.0	0.15	4.0	49500.0
808	262	0.0	0.15	4.0	49500.0
431	432	3.52	0.15	4.0	5000.0
525	657	2.51	0.15	4.0	5000.0
9	555	0.0	0.15	4.0	49500.0
742	748	3.74	0.15	4.0	2500.0
742	738	5.38	0.15	4.0	2000.0
763	217	0.0	0.15	4.0	49500.0
525	652	2.57	0.15	4.0	5000.0
394	584	4.97	0.15	4.0	500.0
742	741	4.07	0.15	4.0	500.0
742	740	3.99	0.15	4.0	1500.0
435	554	3.93	0.15	4.0	4500.0
652	653	4.29	0.15	4.0	4500.0
435	552	0.89	0.15	4.0	4500.0
611	680	4.34	0.15	4.0	4500.0
652	645	3.82	0.15	4.0	10000.0
673	127	0.0	0.15	4.0	49500.0
394	601	1.75	0.15	4.0	500.0
566	631	7.28	0.15	4.0	2000.0
583	37	0.0	0.15	4.0	49500.0
562	559	5.66	0.15	4.0	12000.0
230	776	0.0	0.15	4.0	49500.0
607	602	4.53	0.15	4.0	3000.0
628	82	0.0	0.15	4.0	49500.0
607	605	5.5	0.15	4.0	2000.0
902	513	3.59	0.15	4.0	3500.0
607	606	4.09	0.15	4.0	3500.0
902	541	8.02	0.15	4.0	2500.0
599	432	1.33	0.15	4.0	4500.0
902	542	4.21	0.15	4.0	10500.0
517	516	6.07	0.15	4.0	3500.0
562	563	5.61	0.15	4.0	500.0
562	567	3.21	0.15	4.0	12000.0
558	491	3.2	0.15	4.0	6500.0
644	506	2.59	0.15	4.0	5000.0
95	641	0.0	0.15	4.0	49500.0
427	428	3.5	0.15	4.0	3500.0
50	596	0.0	0.15	4.0	49500.0
427	426	1.11	0.15	4.0	3500.0
759	213	0.0	0.15	4.0	49500.0
660	902	6.04	0.15	4.0	4500.0
775	589	4.97	0.15	4.0	2500.0
804	258	0.0	0.15	4.0	49500.0
5	551	0.0	0.15	4.0	49500.0
738	746	8.62	0.15	4.0	1500.0
693	694	4.28	0.15	4.0	4500.0
767	423	4.08	0.15	4.0	1000.0
607	676	6.87	0.15	4.0	500.0
738	742	5.38	0.15	4.0	2000.0
738	740	4.28	0.15	4.0	1000.0
648	649	4.48	0.15	4.0	3000.0
521	670	3.93	0.15	4.0	1500.0
648	653	3.95	0.15	4.0	5000.0
521	666	0.55	0.15	4.0	1500.0
624	78	0.0	0.15	4.0	49500.0
648	641	4.68	0.15	4.0	500.0
554	435	3.93	0.15	4.0	4500.0
554	437	0.62	0.15	4.0	4000.0
693	703	5.13	0.15	4.0	2000.0
579	33	0.0	0.15	4.0	49500.0
558	557	3.99	0.15	4.0	5000.0
226	772	0.0	0.15	4.0	49500.0
603	601	3.9	0.15	4.0	1500.0
603	602	3.82	0.15	4.0	4000.0
595	432	3.16	0.15	4.0	4500.0
136	682	0.0	0.15	4.0	49500.0
558	560	4.03	0.15	4.0	4000.0
558	561	4.26	0.15	4.0	10000.0
431	597	2.91	0.15	4.0	4000.0
738	784	3.52	0.15	4.0	1500.0
513	514	5.31	0.15	4.0	5000.0
431	593	1.27	0.15	4.0	4000.0
513	512	3.73	0.15	4.0	5000.0
800	254	0.0	0.15	4.0	49500.0
91	637	0.0	0.15	4.0	49500.0
423	422	3.11	0.15	4.0	5000.0
46	592	0.0	0.15	4.0	49500.0
755	209	0.0	0.15	4.0	49500.0
902	670	10.36	0.15	4.0	500.0
681	487	1.36	0.15	4.0	3000.0
423	424	3.43	0.15	4.0	5000.0
902	661	7.95	0.15	4.0	3500.0
779	778	5.18	0.15	4.0	4000.0
902	660	6.04	0.15	4.0	4500.0
357	903	0.0	0.15	4.0	49500.0
771	585	3.88	0.15	4.0	3000.0
779	777	3.78	0.15	4.0	2500.0
689	690	4.0	0.15	4.0	3500.0
603	672	3.78	0.15	4.0	2000.0
644	637	4.49	0.15	4.0	5000.0
677	406	2.0	0.15	4.0	3000.0
689	687	5.02	0.15	4.0	7000.0
710	164	0.0	0.15	4.0	49500.0
620	74	0.0	0.15	4.0	49500.0
476	707	2.79	0.15	4.0	3500.0
599	597	4.53	0.15	4.0	3500.0
476	705	2.02	0.15	4.0	3500.0
599	598	4.25	0.15	4.0	6500.0
689	699	4.83	0.15	4.0	1500.0
644	643	4.93	0.15	4.0	8000.0
644	646	5.23	0.15	4.0	5500.0
222	768	0.0	0.15	4.0	49500.0
931	385	0.0	0.15	4.0	49500.0
575	29	0.0	0.15	4.0	49500.0
509	510	3.24	0.15	4.0	5000.0
509	508	2.41	0.15	4.0	5000.0
132	678	0.0	0.15	4.0	49500.0
599	617	4.54	0.15	4.0	1500.0
599	616	5.88	0.15	4.0	3000.0
427	594	1.43	0.15	4.0	7000.0
87	633	0.0	0.15	4.0	49500.0
775	773	3.38	0.15	4.0	2000.0
796	250	0.0	0.15	4.0	49500.0
591	441	3.19	0.15	4.0	6000.0
419	420	4.47	0.15	4.0	5000.0
42	588	0.0	0.15	4.0	49500.0
419	418	5.27	0.15	4.0	5000.0
636	501	0.62	0.15	4.0	5500.0
738	920	8.24	0.15	4.0	1500.0
775	776	3.81	0.15	4.0	2500.0
751	205	0.0	0.15	4.0	49500.0
661	115	0.0	0.15	4.0	49500.0
640	635	3.64	0.15	4.0	1000.0
554	619	4.97	0.15	4.0	2500.0
554	622	5.79	0.15	4.0	2000.0
640	639	3.51	0.15	4.0	3000.0
640	638	6.63	0.15	4.0	1500.0
706	160	0.0	0.15	4.0	49500.0
554	614	5.04	0.15	4.0	3500.0
587	400	0.88	0.15	4.0	500.0
595	593	4.19	0.15	4.0	3500.0
808	584	10.64	0.15	4.0	500.0
595	596	4.09	0.15	4.0	3500.0
554	625	3.39	0.15	4.0	7000.0
640	642	4.39	0.15	4.0	2000.0
218	764	0.0	0.15	4.0	49500.0
616	70	0.0	0.15	4.0	49500.0
550	552	7.77	0.15	4.0	2000.0
906	909	11.48	0.15	4.0	1500.0
550	553	3.92	0.15	4.0	3500.0
906	905	9.68	0.15	4.0	3000.0
595	612	7.06	0.15	4.0	1500.0
906	904	8.14	0.15	4.0	4500.0
571	25	0.0	0.15	4.0	49500.0
550	548	5.81	0.15	4.0	7000.0
550	549	3.28	0.15	4.0	5000.0
681	623	4.31	0.15	4.0	4000.0
550	551	5.18	0.15	4.0	7000.0
128	674	0.0	0.15	4.0	49500.0
505	506	2.42	0.15	4.0	6500.0
505	504	3.51	0.15	4.0	6500.0
550	560	5.4	0.15	4.0	3500.0
595	617	4.67	0.15	4.0	2000.0
83	629	0.0	0.15	4.0	49500.0
771	769	4.54	0.15	4.0	2000.0
771	772	3.94	0.15	4.0	5000.0
38	584	0.0	0.15	4.0	49500.0
792	246	0.0	0.15	4.0	49500.0
906	931	14.78	0.15	4.0	500.0
632	502	1.67	0.15	4.0	1500.0
681	679	4.69	0.15	4.0	4000.0
747	201	0.0	0.15	4.0	49500.0
771	776	3.9	0.15	4.0	2500.0
636	632	4.17	0.15	4.0	2500.0
681	691	4.0	0.15	4.0	12000.0
546	526	3.23	0.15	4.0	3500.0
546	527	4.24	0.15	4.0	3500.0
509	659	0.59	0.15	4.0	5000.0
657	111	0.0	0.15	4.0	49500.0
636	631	4.37	0.15	4.0	6500.0
591	592	4.61	0.15	4.0	5500.0
509	667	5.05	0.15	4.0	5000.0
567	21	0.0	0.15	4.0	49500.0
214	760	0.0	0.15	4.0	49500.0
612	66	0.0	0.15	4.0	49500.0
591	589	3.67	0.15	4.0	5500.0
591	608	5.22	0.15	4.0	3500.0
632	571	7.76	0.15	4.0	2500.0
591	613	3.78	0.15	4.0	5000.0
501	502	3.49	0.15	4.0	5000.0
501	500	3.61	0.15	4.0	5000.0
124	670	0.0	0.15	4.0	49500.0
923	377	0.0	0.15	4.0	49500.0
427	779	2.65	0.15	4.0	7000.0
79	625	0.0	0.15	4.0	49500.0
628	485	2.84	0.15	4.0	6500.0
517	909	4.39	0.15	4.0	2500.0
34	580	0.0	0.15	4.0	49500.0
923	418	8.98	0.15	4.0	5000.0
743	197	0.0	0.15	4.0	49500.0
767	766	3.66	0.15	4.0	3500.0
788	242	0.0	0.15	4.0	49500.0
505	639	2.42	0.15	4.0	6000.0
538	409	1.47	0.15	4.0	5000.0
677	675	4.0	0.15	4.0	4500.0
677	678	4.53	0.15	4.0	5500.0
505	634	1.48	0.15	4.0	6000.0
767	777	4.58	0.15	4.0	6000.0
632	633	4.53	0.15	4.0	8000.0
632	636	4.17	0.15	4.0	2500.0
542	527	0.65	0.15	4.0	3500.0
608	62	0.0	0.15	4.0	49500.0
751	420	2.57	0.15	4.0	3000.0
653	107	0.0	0.15	4.0	49500.0
632	628	4.99	0.15	4.0	5000.0
677	687	4.37	0.15	4.0	8000.0
587	592	5.37	0.15	4.0	6500.0
563	17	0.0	0.15	4.0	49500.0
919	373	0.0	0.15	4.0	49500.0
501	571	2.49	0.15	4.0	5500.0
210	756	0.0	0.15	4.0	49500.0
587	585	4.63	0.15	4.0	6000.0
587	588	4.73	0.15	4.0	6000.0
808	768	3.59	0.15	4.0	4500.0
423	767	4.08	0.15	4.0	1000.0
423	764	0.6	0.15	4.0	1000.0
497	493	1.94	0.15	4.0	6500.0
120	666	0.0	0.15	4.0	49500.0
587	604	4.12	0.15	4.0	3500.0
497	498	0.66	0.15	4.0	6500.0
763	754	3.86	0.15	4.0	1000.0
538	474	3.32	0.15	4.0	5000.0
75	621	0.0	0.15	4.0	49500.0
763	758	4.07	0.15	4.0	5500.0
784	238	0.0	0.15	4.0	49500.0
407	406	3.31	0.15	4.0	5000.0
808	804	3.44	0.15	4.0	2500.0
513	902	3.59	0.15	4.0	3500.0
808	806	3.62	0.15	4.0	1500.0
808	800	12.39	0.15	4.0	500.0
30	576	0.0	0.15	4.0	49500.0
386	932	0.0	0.15	4.0	49500.0
739	193	0.0	0.15	4.0	49500.0
407	408	3.25	0.15	4.0	5000.0
513	905	9.12	0.15	4.0	3500.0
763	762	4.19	0.15	4.0	2500.0
583	540	0.56	0.15	4.0	3000.0
763	765	4.7	0.15	4.0	4500.0
673	674	3.83	0.15	4.0	3500.0
501	636	0.62	0.15	4.0	5500.0
673	678	3.66	0.15	4.0	4000.0
649	103	0.0	0.15	4.0	49500.0
673	671	3.99	0.15	4.0	4500.0
694	148	0.0	0.15	4.0	49500.0
628	632	4.99	0.15	4.0	5000.0
604	58	0.0	0.15	4.0	49500.0
419	743	1.44	0.15	4.0	1500.0
673	683	4.27	0.15	4.0	3000.0
628	629	4.78	0.15	4.0	6000.0
419	739	5.07	0.15	4.0	1500.0
628	631	6.55	0.15	4.0	6500.0
706	474	2.45	0.15	4.0	3500.0
706	475	3.08	0.15	4.0	3500.0
624	555	2.68	0.15	4.0	5500.0
206	752	0.0	0.15	4.0	49500.0
624	557	9.25	0.15	4.0	2000.0
624	556	9.28	0.15	4.0	1000.0
161	707	0.0	0.15	4.0	49500.0
452	525	2.32	0.15	4.0	5000.0
559	13	0.0	0.15	4.0	49500.0
493	494	2.24	0.15	4.0	6500.0
710	584	5.72	0.15	4.0	1000.0
804	798	4.48	0.15	4.0	3000.0
493	492	1.37	0.15	4.0	6500.0
493	497	1.94	0.15	4.0	6500.0
71	617	0.0	0.15	4.0	49500.0
403	398	3.06	0.15	4.0	8000.0
804	808	3.44	0.15	4.0	2500.0
759	758	3.87	0.15	4.0	500.0
759	757	4.43	0.15	4.0	1500.0
403	404	3.26	0.15	4.0	6500.0
804	806	3.8	0.15	4.0	2000.0
26	572	0.0	0.15	4.0	49500.0
759	750	4.09	0.15	4.0	1000.0
759	761	3.59	0.15	4.0	2000.0
645	99	0.0	0.15	4.0	49500.0
624	623	6.26	0.15	4.0	6500.0
690	144	0.0	0.15	4.0	49500.0
743	419	1.44	0.15	4.0	1500.0
579	578	7.28	0.15	4.0	2000.0
579	580	4.25	0.15	4.0	7500.0
579	582	5.09	0.15	4.0	1500.0
616	433	3.4	0.15	4.0	9500.0
800	757	3.71	0.15	4.0	3000.0
493	564	1.37	0.15	4.0	14500.0
534	515	1.61	0.15	4.0	3500.0
624	626	4.43	0.15	4.0	9500.0
493	562	1.26	0.15	4.0	14500.0
202	748	0.0	0.15	4.0	49500.0
600	54	0.0	0.15	4.0	49500.0
661	512	0.58	0.15	4.0	2000.0
157	703	0.0	0.15	4.0	49500.0
534	543	3.31	0.15	4.0	3500.0
555	9	0.0	0.15	4.0	49500.0
489	485	2.66	0.15	4.0	5000.0
800	796	3.31	0.15	4.0	500.0
800	798	3.46	0.15	4.0	1000.0
112	658	0.0	0.15	4.0	49500.0
800	792	7.99	0.15	4.0	500.0
489	490	1.06	0.15	4.0	6500.0
67	613	0.0	0.15	4.0	49500.0
399	398	0.72	0.15	4.0	5000.0
575	528	0.88	0.15	4.0	4000.0
575	530	2.74	0.15	4.0	5000.0
800	808	12.39	0.15	4.0	500.0
755	756	4.52	0.15	4.0	9000.0
22	568	0.0	0.15	4.0	49500.0
452	654	2.28	0.15	4.0	7000.0
378	924	0.0	0.15	4.0	49500.0
452	652	2.17	0.15	4.0	7000.0
755	745	4.75	0.15	4.0	4000.0
755	751	4.87	0.15	4.0	3000.0
776	230	0.0	0.15	4.0	49500.0
710	712	5.11	0.15	4.0	3000.0
579	647	3.52	0.15	4.0	5500.0
620	598	3.95	0.15	4.0	3500.0
579	656	6.63	0.15	4.0	3000.0
620	616	3.79	0.15	4.0	5500.0
538	699	0.45	0.15	4.0	8000.0
620	621	2.61	0.15	4.0	3000.0
931	906	14.78	0.15	4.0	500.0
641	95	0.0	0.15	4.0	49500.0
739	419	5.07	0.15	4.0	1500.0
612	440	2.64	0.15	4.0	2000.0
530	523	2.24	0.15	4.0	5000.0
575	580	6.05	0.15	4.0	4000.0
551	5	0.0	0.15	4.0	49500.0
575	581	4.12	0.15	4.0	15000.0
538	704	4.18	0.15	4.0	8000.0
198	744	0.0	0.15	4.0	49500.0
596	50	0.0	0.15	4.0	49500.0
575	574	4.87	0.15	4.0	16000.0
153	699	0.0	0.15	4.0	49500.0
571	501	2.49	0.15	4.0	5500.0
530	529	2.05	0.15	4.0	6500.0
485	484	3.26	0.15	4.0	5000.0
108	654	0.0	0.15	4.0	49500.0
440	439	2.53	0.15	4.0	5000.0
796	798	4.39	0.15	4.0	1000.0
751	743	6.11	0.15	4.0	3000.0
485	489	2.66	0.15	4.0	5000.0
63	609	0.0	0.15	4.0	49500.0
796	790	3.98	0.15	4.0	2000.0
440	441	2.63	0.15	4.0	5000.0
657	525	2.51	0.15	4.0	5000.0
751	755	4.87	0.15	4.0	3000.0
407	687	1.71	0.15	4.0	6500.0
395	396	3.65	0.15	4.0	5000.0
694	408	2.11	0.15	4.0	2000.0
751	753	4.36	0.15	4.0	8000.0
18	564	0.0	0.15	4.0	49500.0
395	394	2.42	0.15	4.0	5000.0
530	575	2.74	0.15	4.0	5000.0
772	226	0.0	0.15	4.0	49500.0
407	692	2.47	0.15	4.0	6500.0
796	800	3.31	0.15	4.0	500.0
374	920	0.0	0.15	4.0	49500.0
403	606	2.84	0.15	4.0	1500.0
661	658	3.63	0.15	4.0	6000.0
682	136	0.0	0.15	4.0	49500.0
661	660	4.61	0.15	4.0	5000.0
489	631	4.23	0.15	4.0	3500.0
489	630	2.68	0.15	4.0	3500.0
530	577	2.81	0.15	4.0	5000.0
706	704	4.55	0.15	4.0	8500.0
706	705	4.14	0.15	4.0	5000.0
710	806	3.52	0.15	4.0	2500.0
403	611	2.07	0.15	4.0	1500.0
616	599	5.88	0.15	4.0	3000.0
616	598	4.51	0.15	4.0	2500.0
616	618	3.18	0.15	4.0	6500.0
616	620	3.79	0.15	4.0	5500.0
792	746	3.98	0.15	4.0	1000.0
592	46	0.0	0.15	4.0	49500.0
637	91	0.0	0.15	4.0	49500.0
903	357	0.0	0.15	4.0	49500.0
547	1	0.0	0.15	4.0	49500.0
194	740	0.0	0.15	4.0	49500.0
399	537	4.28	0.15	4.0	5000.0
526	527	6.01	0.15	4.0	3500.0
571	570	6.49	0.15	4.0	3000.0
571	572	5.79	0.15	4.0	6000.0
542	902	4.21	0.15	4.0	10500.0
542	903	6.14	0.15	4.0	10500.0
567	499	1.56	0.15	4.0	12500.0
526	541	0.44	0.15	4.0	3500.0
526	528	9.84	0.15	4.0	5000.0
481	483	1.67	0.15	4.0	6500.0
481	482	0.54	0.15	4.0	5000.0
481	480	1.41	0.15	4.0	5000.0
436	437	3.08	0.15	4.0	5000.0
59	605	0.0	0.15	4.0	49500.0
436	435	1.92	0.15	4.0	5000.0
768	222	0.0	0.15	4.0	49500.0
747	741	3.8	0.15	4.0	2500.0
792	788	3.5	0.15	4.0	2000.0
526	546	3.23	0.15	4.0	3500.0
792	790	3.42	0.15	4.0	2500.0
792	784	7.73	0.15	4.0	1000.0
14	560	0.0	0.15	4.0	49500.0
690	410	2.9	0.15	4.0	2000.0
747	752	4.47	0.15	4.0	2500.0
604	397	1.28	0.15	4.0	3000.0
657	647	3.63	0.15	4.0	3500.0
604	399	3.32	0.15	4.0	7000.0
919	784	7.35	0.15	4.0	2500.0
571	631	6.73	0.15	4.0	2000.0
792	800	7.99	0.15	4.0	500.0
747	749	3.85	0.15	4.0	2000.0
747	748	4.52	0.15	4.0	3000.0
657	659	5.22	0.15	4.0	15000.0
399	604	3.32	0.15	4.0	7000.0
657	656	5.64	0.15	4.0	7000.0
633	87	0.0	0.15	4.0	49500.0
571	632	7.76	0.15	4.0	2500.0
571	634	6.3	0.15	4.0	2000.0
612	595	7.06	0.15	4.0	1500.0
485	628	2.84	0.15	4.0	6500.0
485	626	1.68	0.15	4.0	6500.0
571	637	4.49	0.15	4.0	3500.0
612	596	4.23	0.15	4.0	3000.0
280	826	0.0	0.15	4.0	49500.0
678	132	0.0	0.15	4.0	49500.0
399	609	0.88	0.15	4.0	7000.0
612	617	4.39	0.15	4.0	5000.0
694	539	0.62	0.15	4.0	5000.0
567	562	3.21	0.15	4.0	12000.0
588	42	0.0	0.15	4.0	49500.0
567	566	5.43	0.15	4.0	5000.0
522	511	4.7	0.15	4.0	5000.0
612	614	4.27	0.15	4.0	5500.0
608	537	3.31	0.15	4.0	5500.0
436	496	1.02	0.15	4.0	9000.0
145	691	0.0	0.15	4.0	49500.0
522	523	7.31	0.15	4.0	5000.0
477	478	2.53	0.15	4.0	6500.0
440	612	2.64	0.15	4.0	2000.0
440	613	1.88	0.15	4.0	2000.0
477	476	3.71	0.15	4.0	5000.0
100	646	0.0	0.15	4.0	49500.0
432	431	3.52	0.15	4.0	5000.0
563	494	2.33	0.15	4.0	10000.0
55	601	0.0	0.15	4.0	49500.0
764	218	0.0	0.15	4.0	49500.0
788	792	3.5	0.15	4.0	2000.0
743	741	6.77	0.15	4.0	1000.0
432	433	2.62	0.15	4.0	5000.0
477	503	0.88	0.15	4.0	6500.0
788	790	3.38	0.15	4.0	1500.0
10	556	0.0	0.15	4.0	49500.0
600	395	1.36	0.15	4.0	3500.0
743	752	6.51	0.15	4.0	1500.0
395	584	3.88	0.15	4.0	3500.0
608	591	5.22	0.15	4.0	3500.0
477	504	0.95	0.15	4.0	6500.0
653	646	4.14	0.15	4.0	4500.0
743	745	7.62	0.15	4.0	2000.0
743	744	7.11	0.15	4.0	2500.0
743	751	6.11	0.15	4.0	3000.0
903	516	8.96	0.15	4.0	6000.0
629	83	0.0	0.15	4.0	49500.0
395	600	1.36	0.15	4.0	3500.0
563	551	3.08	0.15	4.0	20000.0
903	514	2.61	0.15	4.0	3000.0
608	592	4.37	0.15	4.0	4000.0
653	648	3.95	0.15	4.0	5000.0
674	128	0.0	0.15	4.0	49500.0
653	652	4.29	0.15	4.0	4500.0
653	655	4.81	0.15	4.0	2500.0
231	777	0.0	0.15	4.0	49500.0
563	562	5.61	0.15	4.0	500.0
563	564	2.14	0.15	4.0	24000.0
608	609	4.42	0.15	4.0	6500.0
784	738	3.52	0.15	4.0	1500.0
608	613	4.3	0.15	4.0	4500.0
584	38	0.0	0.15	4.0	49500.0
141	687	0.0	0.15	4.0	49500.0
903	544	5.39	0.15	4.0	5000.0
903	543	1.4	0.15	4.0	3500.0
919	924	10.18	0.15	4.0	1000.0
903	542	6.14	0.15	4.0	10500.0
919	920	6.88	0.15	4.0	3000.0
96	642	0.0	0.15	4.0	49500.0
661	902	7.95	0.15	4.0	3500.0
776	590	4.76	0.15	4.0	7500.0
428	431	1.04	0.15	4.0	5000.0
428	429	0.78	0.15	4.0	3500.0
559	491	0.6	0.15	4.0	6500.0
51	597	0.0	0.15	4.0	49500.0
428	427	3.5	0.15	4.0	3500.0
784	792	7.73	0.15	4.0	1000.0
739	741	3.38	0.15	4.0	2000.0
739	740	4.11	0.15	4.0	2000.0
6	552	0.0	0.15	4.0	49500.0
481	691	2.42	0.15	4.0	6500.0
534	933	5.96	0.15	4.0	3500.0
760	214	0.0	0.15	4.0	49500.0
604	587	4.12	0.15	4.0	3500.0
649	642	4.29	0.15	4.0	2000.0
670	124	0.0	0.15	4.0	49500.0
682	406	2.45	0.15	4.0	3000.0
694	692	5.17	0.15	4.0	5500.0
694	693	4.28	0.15	4.0	4500.0
604	605	4.09	0.15	4.0	3500.0
604	606	3.71	0.15	4.0	3500.0
649	648	4.48	0.15	4.0	3000.0
227	773	0.0	0.15	4.0	49500.0
625	79	0.0	0.15	4.0	49500.0
559	562	5.66	0.15	4.0	12000.0
645	578	5.85	0.15	4.0	6000.0
559	566	4.58	0.15	4.0	7500.0
580	34	0.0	0.15	4.0	49500.0
559	557	5.64	0.15	4.0	5500.0
596	441	0.72	0.15	4.0	6000.0
137	683	0.0	0.15	4.0	49500.0
432	599	1.33	0.15	4.0	4500.0
514	515	4.43	0.15	4.0	5000.0
432	595	3.16	0.15	4.0	4500.0
514	513	5.31	0.15	4.0	5000.0
92	638	0.0	0.15	4.0	49500.0
424	423	3.43	0.15	4.0	5000.0
772	586	3.83	0.15	4.0	3000.0
47	593	0.0	0.15	4.0	49500.0
424	425	3.31	0.15	4.0	5000.0
682	488	2.77	0.15	4.0	2500.0
2	548	0.0	0.15	4.0	49500.0
743	922	9.71	0.15	4.0	1000.0
756	210	0.0	0.15	4.0	49500.0
743	921	8.94	0.15	4.0	2500.0
358	904	0.0	0.15	4.0	49500.0
682	487	3.04	0.15	4.0	3000.0
666	120	0.0	0.15	4.0	49500.0
645	647	3.97	0.15	4.0	10000.0
559	631	6.1	0.15	4.0	5000.0
645	646	4.42	0.15	4.0	6000.0
690	688	5.32	0.15	4.0	5000.0
690	689	4.0	0.15	4.0	3500.0
764	423	0.6	0.15	4.0	1000.0
600	601	3.74	0.15	4.0	1500.0
600	602	3.32	0.15	4.0	6000.0
600	605	3.66	0.15	4.0	5000.0
576	30	0.0	0.15	4.0	49500.0
223	769	0.0	0.15	4.0	49500.0
621	75	0.0	0.15	4.0	49500.0
784	919	7.35	0.15	4.0	2500.0
645	652	3.82	0.15	4.0	10000.0
510	511	0.3	0.15	4.0	5000.0
510	509	3.24	0.15	4.0	5000.0
555	556	6.36	0.15	4.0	7500.0
932	386	0.0	0.15	4.0	49500.0
133	679	0.0	0.15	4.0	49500.0
88	634	0.0	0.15	4.0	49500.0
420	421	3.29	0.15	4.0	5000.0
768	584	10.15	0.15	4.0	5000.0
43	589	0.0	0.15	4.0	49500.0
420	419	4.47	0.15	4.0	5000.0
752	206	0.0	0.15	4.0	49500.0
776	771	3.9	0.15	4.0	2500.0
776	775	3.81	0.15	4.0	2500.0
776	774	4.01	0.15	4.0	3000.0
551	495	4.69	0.15	4.0	7000.0
707	161	0.0	0.15	4.0	49500.0
739	921	5.84	0.15	4.0	2000.0
555	624	2.68	0.15	4.0	5500.0
555	625	1.58	0.15	4.0	13500.0
641	642	3.55	0.15	4.0	6500.0
588	397	3.02	0.15	4.0	3000.0
617	71	0.0	0.15	4.0	49500.0
641	646	3.9	0.15	4.0	7000.0
555	622	4.89	0.15	4.0	4500.0
641	639	4.75	0.15	4.0	8500.0
572	26	0.0	0.15	4.0	49500.0
551	549	4.21	0.15	4.0	15500.0
219	765	0.0	0.15	4.0	49500.0
551	550	5.18	0.15	4.0	7000.0
641	648	4.68	0.15	4.0	500.0
596	595	4.09	0.15	4.0	3500.0
596	594	4.63	0.15	4.0	3000.0
637	576	5.8	0.15	4.0	4000.0
551	563	3.08	0.15	4.0	20000.0
129	675	0.0	0.15	4.0	49500.0
637	571	4.49	0.15	4.0	3500.0
506	507	3.92	0.15	4.0	5000.0
596	613	6.09	0.15	4.0	500.0
596	612	4.23	0.15	4.0	3000.0
637	572	6.45	0.15	4.0	2500.0
506	505	2.42	0.15	4.0	6500.0
633	478	1.91	0.15	4.0	5500.0
633	503	3.5	0.15	4.0	7000.0
84	630	0.0	0.15	4.0	49500.0
39	585	0.0	0.15	4.0	49500.0
748	202	0.0	0.15	4.0	49500.0
772	771	3.94	0.15	4.0	5000.0
772	770	4.05	0.15	4.0	5500.0
772	768	5.19	0.15	4.0	1500.0
932	515	5.93	0.15	4.0	5000.0
703	157	0.0	0.15	4.0	49500.0
584	394	4.97	0.15	4.0	500.0
592	587	5.37	0.15	4.0	6500.0
613	67	0.0	0.15	4.0	49500.0
584	395	3.88	0.15	4.0	3500.0
260	806	0.0	0.15	4.0	49500.0
510	658	0.37	0.15	4.0	4000.0
637	644	4.49	0.15	4.0	5000.0
592	591	4.61	0.15	4.0	5500.0
592	590	4.28	0.15	4.0	10000.0
658	112	0.0	0.15	4.0	49500.0
637	634	5.42	0.15	4.0	4500.0
510	666	4.08	0.15	4.0	4000.0
682	692	4.0	0.15	4.0	8000.0
215	761	0.0	0.15	4.0	49500.0
547	548	3.26	0.15	4.0	3000.0
924	378	0.0	0.15	4.0	49500.0
547	549	4.89	0.15	4.0	4500.0
568	22	0.0	0.15	4.0	49500.0
502	503	3.87	0.15	4.0	6500.0
502	501	3.49	0.15	4.0	5000.0
629	484	3.65	0.15	4.0	6000.0
125	671	0.0	0.15	4.0	49500.0
592	609	5.04	0.15	4.0	2500.0
592	608	4.37	0.15	4.0	4000.0
629	479	2.12	0.15	4.0	3000.0
80	626	0.0	0.15	4.0	49500.0
35	581	0.0	0.15	4.0	49500.0
768	757	7.48	0.15	4.0	2000.0
506	639	1.8	0.15	4.0	5000.0
768	770	6.33	0.15	4.0	1500.0
744	198	0.0	0.15	4.0	49500.0
768	772	5.19	0.15	4.0	1500.0
506	644	2.59	0.15	4.0	5000.0
633	629	4.89	0.15	4.0	6000.0
654	108	0.0	0.15	4.0	49500.0
539	409	2.86	0.15	4.0	5000.0
678	673	3.66	0.15	4.0	4000.0
699	153	0.0	0.15	4.0	49500.0
678	676	4.09	0.15	4.0	3500.0
678	677	4.53	0.15	4.0	5500.0
588	584	6.06	0.15	4.0	2500.0
588	586	4.44	0.15	4.0	5500.0
588	587	4.73	0.15	4.0	6000.0
768	808	3.59	0.15	4.0	4500.0
543	534	3.31	0.15	4.0	3500.0
633	632	4.53	0.15	4.0	8000.0
678	688	4.18	0.15	4.0	7500.0
547	621	2.89	0.15	4.0	5500.0
211	757	0.0	0.15	4.0	49500.0
609	63	0.0	0.15	4.0	49500.0
543	527	3.97	0.15	4.0	3500.0
752	420	1.68	0.15	4.0	3000.0
670	521	3.93	0.15	4.0	1500.0
920	374	0.0	0.15	4.0	49500.0
166	712	0.0	0.15	4.0	49500.0
564	18	0.0	0.15	4.0	49500.0
670	512	7.48	0.15	4.0	2000.0
670	519	3.14	0.15	4.0	2000.0
121	667	0.0	0.15	4.0	49500.0
424	773	1.3	0.15	4.0	1000.0
498	499	1.34	0.15	4.0	5000.0
498	497	0.66	0.15	4.0	6500.0
76	622	0.0	0.15	4.0	49500.0
424	777	3.72	0.15	4.0	1000.0
514	903	2.61	0.15	4.0	3000.0
408	407	3.25	0.15	4.0	5000.0
764	762	4.48	0.15	4.0	500.0
539	483	3.33	0.15	4.0	5000.0
764	765	4.25	0.15	4.0	3500.0
387	933	0.0	0.15	4.0	49500.0
31	577	0.0	0.15	4.0	49500.0
514	905	11.27	0.15	4.0	3000.0
408	409	2.17	0.15	4.0	5000.0
498	533	1.61	0.15	4.0	6500.0
740	194	0.0	0.15	4.0	49500.0
502	634	3.91	0.15	4.0	1500.0
764	773	4.13	0.15	4.0	3000.0
502	632	1.67	0.15	4.0	1500.0
629	628	4.78	0.15	4.0	6000.0
674	672	3.99	0.15	4.0	2000.0
674	673	3.83	0.15	4.0	3500.0
252	798	0.0	0.15	4.0	49500.0
584	586	6.15	0.15	4.0	4000.0
584	588	6.06	0.15	4.0	2500.0
666	510	4.08	0.15	4.0	4000.0
535	438	8.17	0.15	4.0	6500.0
560	14	0.0	0.15	4.0	49500.0
629	633	4.89	0.15	4.0	6000.0
420	751	2.57	0.15	4.0	3000.0
207	753	0.0	0.15	4.0	49500.0
605	59	0.0	0.15	4.0	49500.0
666	521	0.55	0.15	4.0	1500.0
584	605	8.07	0.15	4.0	1500.0
420	752	1.68	0.15	4.0	3000.0
494	495	2.81	0.15	4.0	9000.0
707	475	1.74	0.15	4.0	3500.0
494	493	2.24	0.15	4.0	6500.0
625	555	1.58	0.15	4.0	13500.0
625	554	3.39	0.15	4.0	7000.0
707	476	2.79	0.15	4.0	3500.0
826	280	0.0	0.15	4.0	49500.0
72	618	0.0	0.15	4.0	49500.0
760	761	3.63	0.15	4.0	2500.0
404	405	1.05	0.15	4.0	5000.0
27	573	0.0	0.15	4.0	49500.0
404	403	3.26	0.15	4.0	6500.0
535	486	0.29	0.15	4.0	6500.0
760	765	4.63	0.15	4.0	6000.0
535	487	4.12	0.15	4.0	6500.0
760	758	3.87	0.15	4.0	2000.0
691	145	0.0	0.15	4.0	49500.0
580	545	1.5	0.15	4.0	4000.0
760	769	3.6	0.15	4.0	1000.0
617	433	1.5	0.15	4.0	9500.0
601	55	0.0	0.15	4.0	49500.0
580	575	6.05	0.15	4.0	4000.0
646	100	0.0	0.15	4.0	49500.0
625	622	4.8	0.15	4.0	2500.0
556	10	0.0	0.15	4.0	49500.0
621	547	2.89	0.15	4.0	5500.0
494	563	2.33	0.15	4.0	10000.0
203	749	0.0	0.15	4.0	49500.0
494	561	1.0	0.15	4.0	10000.0
580	578	6.38	0.15	4.0	2500.0
580	579	4.25	0.15	4.0	7500.0
580	581	9.79	0.15	4.0	1000.0
580	582	6.48	0.15	4.0	3500.0
158	704	0.0	0.15	4.0	49500.0
113	659	0.0	0.15	4.0	49500.0
490	491	2.61	0.15	4.0	6500.0
703	478	2.69	0.15	4.0	5500.0
490	489	1.06	0.15	4.0	6500.0
584	712	7.48	0.15	4.0	2000.0
777	231	0.0	0.15	4.0	49500.0
68	614	0.0	0.15	4.0	49500.0
400	398	2.11	0.15	4.0	6500.0
584	710	5.72	0.15	4.0	1000.0
23	569	0.0	0.15	4.0	49500.0
756	766	4.83	0.15	4.0	6500.0
400	401	4.09	0.15	4.0	5000.0
756	755	4.52	0.15	4.0	9000.0
756	753	4.66	0.15	4.0	4500.0
666	667	4.68	0.15	4.0	2000.0
539	694	0.62	0.15	4.0	5000.0
687	141	0.0	0.15	4.0	49500.0
539	704	4.88	0.15	4.0	5000.0
597	51	0.0	0.15	4.0	49500.0
576	572	4.2	0.15	4.0	8500.0
244	790	0.0	0.15	4.0	49500.0
642	96	0.0	0.15	4.0	49500.0
490	557	3.59	0.15	4.0	5000.0
621	618	3.88	0.15	4.0	3500.0
707	638	4.12	0.15	4.0	2500.0
621	620	2.61	0.15	4.0	3000.0
531	529	1.22	0.15	4.0	6500.0
199	745	0.0	0.15	4.0	49500.0
531	532	1.65	0.15	4.0	6500.0
658	510	0.37	0.15	4.0	4000.0
584	768	10.15	0.15	4.0	5000.0
576	577	6.38	0.15	4.0	2000.0
613	440	1.88	0.15	4.0	2000.0
576	578	6.34	0.15	4.0	2000.0
552	6	0.0	0.15	4.0	49500.0
441	426	4.82	0.15	4.0	5000.0
109	655	0.0	0.15	4.0	49500.0
486	480	2.03	0.15	4.0	6500.0
584	808	10.64	0.15	4.0	500.0
752	747	4.47	0.15	4.0	2500.0
773	227	0.0	0.15	4.0	49500.0
64	610	0.0	0.15	4.0	49500.0
441	440	2.63	0.15	4.0	5000.0
396	397	2.11	0.15	4.0	5000.0
752	743	6.51	0.15	4.0	1500.0
19	565	0.0	0.15	4.0	49500.0
396	395	3.65	0.15	4.0	5000.0
408	694	2.11	0.15	4.0	2000.0
609	400	6.72	0.15	4.0	500.0
617	595	4.67	0.15	4.0	2000.0
375	921	0.0	0.15	4.0	49500.0
576	637	5.8	0.15	4.0	4000.0
617	599	4.54	0.15	4.0	1500.0
408	689	2.19	0.15	4.0	2000.0
752	754	3.69	0.15	4.0	2000.0
531	573	3.42	0.15	4.0	3500.0
654	452	2.28	0.15	4.0	7000.0
531	574	2.95	0.15	4.0	3500.0
609	399	0.88	0.15	4.0	7000.0
486	535	0.29	0.15	4.0	6500.0
490	631	3.8	0.15	4.0	5000.0
617	612	4.39	0.15	4.0	5000.0
638	92	0.0	0.15	4.0	49500.0
576	643	3.53	0.15	4.0	3000.0
683	137	0.0	0.15	4.0	49500.0
572	569	7.9	0.15	4.0	3500.0
572	570	5.31	0.15	4.0	5500.0
572	571	5.79	0.15	4.0	6000.0
572	573	4.91	0.15	4.0	6500.0
543	903	1.4	0.15	4.0	3500.0
699	538	0.45	0.15	4.0	8000.0
617	619	3.36	0.15	4.0	10500.0
593	47	0.0	0.15	4.0	49500.0
195	741	0.0	0.15	4.0	49500.0
572	576	4.2	0.15	4.0	8500.0
548	2	0.0	0.15	4.0	49500.0
920	740	7.59	0.15	4.0	2000.0
904	358	0.0	0.15	4.0	49500.0
920	738	8.24	0.15	4.0	1500.0
527	526	6.01	0.15	4.0	3500.0
527	546	4.24	0.15	4.0	3500.0
670	905	10.0	0.15	4.0	1000.0
482	481	0.54	0.15	4.0	5000.0
437	438	4.14	0.15	4.0	5000.0
437	436	3.08	0.15	4.0	5000.0
670	902	10.36	0.15	4.0	500.0
60	606	0.0	0.15	4.0	49500.0
527	542	0.65	0.15	4.0	3500.0
527	543	3.97	0.15	4.0	3500.0
748	747	4.52	0.15	4.0	3000.0
748	746	4.66	0.15	4.0	2000.0
404	675	3.14	0.15	4.0	5500.0
748	750	4.92	0.15	4.0	4500.0
703	693	5.13	0.15	4.0	2000.0
15	561	0.0	0.15	4.0	49500.0
769	223	0.0	0.15	4.0	49500.0
400	587	0.88	0.15	4.0	500.0
748	742	3.74	0.15	4.0	2500.0
404	680	1.27	0.15	4.0	5500.0
703	704	4.29	0.15	4.0	7500.0
703	705	4.18	0.15	4.0	3500.0
572	637	6.45	0.15	4.0	2500.0
613	596	6.09	0.15	4.0	500.0
679	133	0.0	0.15	4.0	49500.0
777	424	3.72	0.15	4.0	1000.0
568	533	1.26	0.15	4.0	5000.0
613	591	3.78	0.15	4.0	5000.0
613	608	4.3	0.15	4.0	4500.0
634	88	0.0	0.15	4.0	49500.0
486	627	2.22	0.15	4.0	6500.0
613	615	3.61	0.15	4.0	10000.0
400	609	6.72	0.15	4.0	500.0
658	659	5.56	0.15	4.0	5500.0
658	656	4.75	0.15	4.0	4000.0
658	661	3.63	0.15	4.0	6000.0
441	591	3.19	0.15	4.0	6000.0
568	574	3.08	0.15	4.0	17500.0
924	919	10.18	0.15	4.0	1000.0
441	596	0.72	0.15	4.0	6000.0
589	43	0.0	0.15	4.0	49500.0
568	565	2.08	0.15	4.0	12000.0
826	638	4.8	0.15	4.0	1500.0
523	522	7.31	0.15	4.0	5000.0
564	493	1.37	0.15	4.0	14500.0
146	692	0.0	0.15	4.0	49500.0
478	479	3.24	0.15	4.0	6500.0
478	477	2.53	0.15	4.0	6500.0
523	530	2.24	0.15	4.0	5000.0
101	647	0.0	0.15	4.0	49500.0
691	481	2.42	0.15	4.0	6500.0
691	486	2.4	0.15	4.0	6500.0
56	602	0.0	0.15	4.0	49500.0
433	434	2.35	0.15	4.0	5000.0
433	432	2.62	0.15	4.0	5000.0
523	545	0.12	0.15	4.0	5000.0
744	745	3.79	0.15	4.0	6000.0
699	689	4.83	0.15	4.0	1500.0
486	691	2.4	0.15	4.0	6500.0
11	557	0.0	0.15	4.0	49500.0
687	407	1.71	0.15	4.0	6500.0
765	219	0.0	0.15	4.0	49500.0
744	743	7.11	0.15	4.0	2500.0
609	592	5.04	0.15	4.0	2500.0
437	556	7.18	0.15	4.0	4000.0
675	129	0.0	0.15	4.0	49500.0
437	554	0.62	0.15	4.0	4000.0
601	394	1.75	0.15	4.0	500.0
773	424	1.3	0.15	4.0	1000.0
609	608	4.42	0.15	4.0	6500.0
609	611	3.81	0.15	4.0	3000.0
585	39	0.0	0.15	4.0	49500.0
232	778	0.0	0.15	4.0	49500.0
654	659	4.81	0.15	4.0	5500.0
630	84	0.0	0.15	4.0	49500.0
920	921	7.14	0.15	4.0	1500.0
920	919	6.88	0.15	4.0	3000.0
564	563	2.14	0.15	4.0	24000.0
564	565	2.16	0.15	4.0	14000.0
142	688	0.0	0.15	4.0	49500.0
646	507	1.51	0.15	4.0	1500.0
519	521	2.72	0.15	4.0	5000.0
519	520	0.75	0.15	4.0	5000.0
560	495	0.94	0.15	4.0	7000.0
97	643	0.0	0.15	4.0	49500.0
904	544	3.25	0.15	4.0	5000.0
429	430	0.63	0.15	4.0	3500.0
429	428	0.78	0.15	4.0	3500.0
761	215	0.0	0.15	4.0	49500.0
52	598	0.0	0.15	4.0	49500.0
806	260	0.0	0.15	4.0	49500.0
363	909	0.0	0.15	4.0	49500.0
7	553	0.0	0.15	4.0	49500.0
740	739	4.11	0.15	4.0	2000.0
740	738	4.28	0.15	4.0	1000.0
740	742	3.99	0.15	4.0	1500.0
605	584	8.07	0.15	4.0	1500.0
556	437	7.18	0.15	4.0	4000.0
671	125	0.0	0.15	4.0	49500.0
560	553	3.97	0.15	4.0	7500.0
581	35	0.0	0.15	4.0	49500.0
560	556	5.63	0.15	4.0	4500.0
228	774	0.0	0.15	4.0	49500.0
560	558	4.03	0.15	4.0	4000.0
605	600	3.66	0.15	4.0	5000.0
626	80	0.0	0.15	4.0	49500.0
474	538	3.32	0.15	4.0	5000.0
605	604	4.09	0.15	4.0	3500.0
478	633	1.91	0.15	4.0	5500.0
560	550	5.4	0.15	4.0	3500.0
605	607	5.5	0.15	4.0	2000.0
560	561	4.38	0.15	4.0	11000.0
515	516	5.77	0.15	4.0	5000.0
515	514	4.43	0.15	4.0	5000.0
597	431	2.91	0.15	4.0	4000.0
93	639	0.0	0.15	4.0	49500.0
515	534	1.61	0.15	4.0	3500.0
757	211	0.0	0.15	4.0	49500.0
744	922	6.24	0.15	4.0	1500.0
48	594	0.0	0.15	4.0	49500.0
425	426	1.71	0.15	4.0	5000.0
425	424	3.31	0.15	4.0	5000.0
433	616	3.4	0.15	4.0	9500.0
433	617	1.5	0.15	4.0	9500.0
556	496	3.71	0.15	4.0	6000.0
3	549	0.0	0.15	4.0	49500.0
515	544	0.29	0.15	4.0	3500.0
359	905	0.0	0.15	4.0	49500.0
691	692	4.22	0.15	4.0	8000.0
478	703	2.69	0.15	4.0	5500.0
691	681	4.0	0.15	4.0	12000.0
712	166	0.0	0.15	4.0	49500.0
519	670	3.14	0.15	4.0	2000.0
646	653	4.14	0.15	4.0	4500.0
622	76	0.0	0.15	4.0	49500.0
646	641	3.9	0.15	4.0	7000.0
552	435	0.89	0.15	4.0	4500.0
667	121	0.0	0.15	4.0	49500.0
646	645	4.42	0.15	4.0	6000.0
646	644	5.23	0.15	4.0	5500.0
224	770	0.0	0.15	4.0	49500.0
556	555	6.36	0.15	4.0	7500.0
556	557	5.92	0.15	4.0	6500.0
933	387	0.0	0.15	4.0	49500.0
601	600	3.74	0.15	4.0	1500.0
601	603	3.9	0.15	4.0	1500.0
577	31	0.0	0.15	4.0	49500.0
511	510	0.3	0.15	4.0	5000.0
556	560	5.63	0.15	4.0	4500.0
134	680	0.0	0.15	4.0	49500.0
593	429	2.39	0.15	4.0	6500.0
593	431	1.27	0.15	4.0	4000.0
429	593	2.39	0.15	4.0	6500.0
511	512	2.21	0.15	4.0	5000.0
798	252	0.0	0.15	4.0	49500.0
89	635	0.0	0.15	4.0	49500.0
511	522	4.7	0.15	4.0	5000.0
511	521	3.12	0.15	4.0	5000.0
421	422	3.53	0.15	4.0	5000.0
421	420	3.29	0.15	4.0	5000.0
777	767	4.58	0.15	4.0	6000.0
44	590	0.0	0.15	4.0	49500.0
740	920	7.59	0.15	4.0	2000.0
687	677	4.37	0.15	4.0	8000.0
777	779	3.78	0.15	4.0	2500.0
777	778	4.66	0.15	4.0	3000.0
753	207	0.0	0.15	4.0	49500.0
687	688	4.42	0.15	4.0	6500.0
687	689	5.02	0.15	4.0	7000.0
675	404	3.14	0.15	4.0	5500.0
642	638	5.44	0.15	4.0	3000.0
642	649	4.29	0.15	4.0	2000.0
618	72	0.0	0.15	4.0	49500.0
474	706	2.45	0.15	4.0	3500.0
597	599	4.53	0.15	4.0	3500.0
556	624	9.28	0.15	4.0	1000.0
642	641	3.55	0.15	4.0	6500.0
642	640	4.39	0.15	4.0	2000.0
220	766	0.0	0.15	4.0	49500.0
552	553	4.56	0.15	4.0	8500.0
573	27	0.0	0.15	4.0	49500.0
552	548	4.49	0.15	4.0	3000.0
552	550	7.77	0.15	4.0	2000.0
507	508	7.86	0.15	4.0	5000.0
130	676	0.0	0.15	4.0	49500.0
507	506	3.92	0.15	4.0	5000.0
85	631	0.0	0.15	4.0	49500.0
634	505	1.48	0.15	4.0	6000.0
773	775	3.38	0.15	4.0	2000.0
773	774	4.05	0.15	4.0	4000.0
40	586	0.0	0.15	4.0	49500.0
634	502	3.91	0.15	4.0	1500.0
773	764	4.13	0.15	4.0	3000.0
933	534	5.96	0.15	4.0	3500.0
683	673	4.27	0.15	4.0	3000.0
704	158	0.0	0.15	4.0	49500.0
749	203	0.0	0.15	4.0	49500.0
552	618	4.34	0.15	4.0	5000.0
683	688	4.19	0.15	4.0	3500.0
552	619	4.8	0.15	4.0	9500.0
659	113	0.0	0.15	4.0	49500.0
679	610	4.77	0.15	4.0	6500.0
585	401	1.7	0.15	4.0	6000.0
503	477	0.88	0.15	4.0	6500.0
593	595	4.19	0.15	4.0	3500.0
593	594	4.54	0.15	4.0	6500.0
569	23	0.0	0.15	4.0	49500.0
216	762	0.0	0.15	4.0	49500.0
638	640	6.63	0.15	4.0	1500.0
638	642	5.44	0.15	4.0	3000.0
507	578	8.09	0.15	4.0	1500.0
614	68	0.0	0.15	4.0	49500.0
548	552	4.49	0.15	4.0	3000.0
634	571	6.3	0.15	4.0	2000.0
712	393	2.62	0.15	4.0	3500.0
904	906	8.14	0.15	4.0	4500.0
503	502	3.87	0.15	4.0	6500.0
548	547	3.26	0.15	4.0	3000.0
548	550	5.81	0.15	4.0	7000.0
630	489	2.68	0.15	4.0	3500.0
126	672	0.0	0.15	4.0	49500.0
429	778	2.77	0.15	4.0	6500.0
503	504	0.52	0.15	4.0	7000.0
81	627	0.0	0.15	4.0	49500.0
769	771	4.54	0.15	4.0	2000.0
769	770	3.79	0.15	4.0	2500.0
745	199	0.0	0.15	4.0	49500.0
769	774	5.21	0.15	4.0	1000.0
36	582	0.0	0.15	4.0	49500.0
790	244	0.0	0.15	4.0	49500.0
769	760	3.6	0.15	4.0	1000.0
507	646	1.51	0.15	4.0	1500.0
638	707	4.12	0.15	4.0	2500.0
548	618	3.52	0.15	4.0	7500.0
634	635	3.86	0.15	4.0	3500.0
634	637	5.42	0.15	4.0	4500.0
753	421	0.94	0.15	4.0	2000.0
679	680	3.4	0.15	4.0	3500.0
544	515	0.29	0.15	4.0	3500.0
679	681	4.69	0.15	4.0	4000.0
655	109	0.0	0.15	4.0	49500.0
921	375	0.0	0.15	4.0	49500.0
589	594	4.18	0.15	4.0	1500.0
565	19	0.0	0.15	4.0	49500.0
630	557	3.75	0.15	4.0	8500.0
212	758	0.0	0.15	4.0	49500.0
610	64	0.0	0.15	4.0	49500.0
597	778	10.64	0.15	4.0	500.0
675	606	6.4	0.15	4.0	3500.0
540	438	1.68	0.15	4.0	3500.0
589	590	4.48	0.15	4.0	4500.0
589	591	3.67	0.15	4.0	5500.0
425	775	2.62	0.15	4.0	2000.0
499	500	2.84	0.15	4.0	5000.0
499	498	1.34	0.15	4.0	5000.0
425	779	1.48	0.15	4.0	2000.0
77	623	0.0	0.15	4.0	49500.0
806	710	3.52	0.15	4.0	2500.0
626	485	1.68	0.15	4.0	6500.0
741	195	0.0	0.15	4.0	49500.0
32	578	0.0	0.15	4.0	49500.0
409	410	3.93	0.15	4.0	5000.0
921	418	3.86	0.15	4.0	2000.0
765	774	4.01	0.15	4.0	6000.0
409	408	2.17	0.15	4.0	5000.0
765	763	4.7	0.15	4.0	4500.0
765	760	4.63	0.15	4.0	6000.0
765	764	4.25	0.15	4.0	3500.0
503	633	3.5	0.15	4.0	7000.0
675	676	4.32	0.15	4.0	5500.0
675	677	4.0	0.15	4.0	4500.0
515	932	5.93	0.15	4.0	5000.0
638	826	4.8	0.15	4.0	1500.0
606	60	0.0	0.15	4.0	49500.0
499	567	1.56	0.15	4.0	12500.0
630	626	4.32	0.15	4.0	11000.0
208	754	0.0	0.15	4.0	49500.0
499	569	2.32	0.15	4.0	12500.0
671	602	4.72	0.15	4.0	3500.0
585	586	4.01	0.15	4.0	3000.0
585	587	4.63	0.15	4.0	6000.0
421	754	2.86	0.15	4.0	2000.0
536	438	2.11	0.15	4.0	5000.0
421	753	0.94	0.15	4.0	2000.0
561	15	0.0	0.15	4.0	49500.0
667	509	5.05	0.15	4.0	5000.0
495	494	2.81	0.15	4.0	9000.0
712	584	7.48	0.15	4.0	2000.0
495	496	2.56	0.15	4.0	9000.0
73	619	0.0	0.15	4.0	49500.0
761	759	3.59	0.15	4.0	2000.0
806	808	3.62	0.15	4.0	1500.0
761	757	4.7	0.15	4.0	3000.0
405	406	2.53	0.15	4.0	5000.0
806	804	3.8	0.15	4.0	2000.0
405	404	1.05	0.15	4.0	5000.0
28	574	0.0	0.15	4.0	49500.0
761	770	3.82	0.15	4.0	1500.0
761	760	3.63	0.15	4.0	2500.0
540	583	0.56	0.15	4.0	3000.0
671	672	3.66	0.15	4.0	2500.0
671	673	3.99	0.15	4.0	4500.0
647	101	0.0	0.15	4.0	49500.0
671	676	3.91	0.15	4.0	3000.0
495	551	4.69	0.15	4.0	7000.0
692	146	0.0	0.15	4.0	49500.0
602	56	0.0	0.15	4.0	49500.0
409	538	1.47	0.15	4.0	5000.0
581	580	9.79	0.15	4.0	1000.0
409	539	2.86	0.15	4.0	5000.0
622	540	1.75	0.15	4.0	3000.0
540	622	1.75	0.15	4.0	3000.0
581	582	6.8	0.15	4.0	7500.0
589	775	4.97	0.15	4.0	2500.0
626	624	4.43	0.15	4.0	9500.0
626	627	5.1	0.15	4.0	13000.0
618	434	4.12	0.15	4.0	9000.0
204	750	0.0	0.15	4.0	49500.0
495	560	0.94	0.15	4.0	7000.0
581	575	4.12	0.15	4.0	15000.0
626	630	4.32	0.15	4.0	11000.0
536	537	3.23	0.15	4.0	5000.0
622	555	4.89	0.15	4.0	4500.0
622	554	5.79	0.15	4.0	2000.0
159	705	0.0	0.15	4.0	49500.0
557	11	0.0	0.15	4.0	49500.0
491	492	2.84	0.15	4.0	6500.0
114	660	0.0	0.15	4.0	49500.0
491	490	2.61	0.15	4.0	6500.0
69	615	0.0	0.15	4.0	49500.0
577	530	2.81	0.15	4.0	5000.0
778	232	0.0	0.15	4.0	49500.0
757	759	4.43	0.15	4.0	1500.0
405	488	1.01	0.15	4.0	5000.0
757	746	7.09	0.15	4.0	4000.0
24	570	0.0	0.15	4.0	49500.0
401	402	1.69	0.15	4.0	5000.0
401	400	4.09	0.15	4.0	5000.0
