source	dest	fft	coef	power	capacity
872	460	5.86	0.15	4.0	3500.0
913	417	3.45	0.15	4.0	3500.0
733	187	0.0	0.15	4.0	49500.0
335	881	0.0	0.15	4.0	49500.0
290	836	0.0	0.15	4.0	49500.0
888	861	9.06	0.15	4.0	4000.0
888	860	8.33	0.15	4.0	3500.0
720	913	9.25	0.15	4.0	3000.0
462	876	4.35	0.15	4.0	1500.0
245	791	0.0	0.15	4.0	49500.0
462	873	3.45	0.15	4.0	1500.0
413	734	0.65	0.15	4.0	4000.0
413	730	3.35	0.15	4.0	4000.0
864	318	0.0	0.15	4.0	49500.0
888	894	6.94	0.15	4.0	1000.0
155	701	0.0	0.15	4.0	49500.0
888	887	7.89	0.15	4.0	1500.0
888	910	7.51	0.15	4.0	2000.0
843	848	6.45	0.15	4.0	2000.0
819	273	0.0	0.15	4.0	49500.0
462	927	7.78	0.15	4.0	3500.0
843	844	4.25	0.15	4.0	3000.0
442	443	3.59	0.15	4.0	3500.0
843	841	4.18	0.15	4.0	500.0
729	183	0.0	0.15	4.0	49500.0
331	877	0.0	0.15	4.0	49500.0
684	138	0.0	0.15	4.0	49500.0
708	714	6.99	0.15	4.0	4000.0
708	709	6.96	0.15	4.0	3000.0
286	832	0.0	0.15	4.0	49500.0
241	787	0.0	0.15	4.0	49500.0
663	665	4.29	0.15	4.0	2000.0
417	913	3.45	0.15	4.0	3500.0
417	926	6.29	0.15	4.0	3500.0
839	837	4.94	0.15	4.0	2500.0
151	697	0.0	0.15	4.0	49500.0
884	889	7.86	0.15	4.0	1500.0
860	314	0.0	0.15	4.0	49500.0
884	881	7.09	0.15	4.0	3000.0
794	793	6.96	0.15	4.0	3500.0
794	795	7.03	0.15	4.0	4000.0
839	844	3.95	0.15	4.0	1500.0
815	269	0.0	0.15	4.0	49500.0
839	847	6.38	0.15	4.0	2000.0
839	840	3.9	0.15	4.0	2000.0
794	786	6.89	0.15	4.0	3000.0
454	838	1.93	0.15	4.0	3000.0
725	179	0.0	0.15	4.0	49500.0
372	918	0.0	0.15	4.0	49500.0
454	840	2.45	0.15	4.0	3000.0
794	802	7.41	0.15	4.0	3000.0
327	873	0.0	0.15	4.0	49500.0
282	828	0.0	0.15	4.0	49500.0
237	783	0.0	0.15	4.0	49500.0
880	877	7.79	0.15	4.0	2000.0
880	879	7.78	0.15	4.0	500.0
901	355	0.0	0.15	4.0	49500.0
733	415	3.01	0.15	4.0	3500.0
835	836	3.73	0.15	4.0	6000.0
856	310	0.0	0.15	4.0	49500.0
880	881	7.8	0.15	4.0	2500.0
880	883	7.01	0.15	4.0	1000.0
819	469	0.34	0.15	4.0	3000.0
835	846	6.96	0.15	4.0	1500.0
389	390	4.34	0.15	4.0	1000.0
835	840	3.85	0.15	4.0	3500.0
811	265	0.0	0.15	4.0	49500.0
827	651	3.99	0.15	4.0	1000.0
700	702	5.1	0.15	4.0	4500.0
368	914	0.0	0.15	4.0	49500.0
917	782	8.24	0.15	4.0	3000.0
323	869	0.0	0.15	4.0	49500.0
917	781	7.44	0.15	4.0	1000.0
721	175	0.0	0.15	4.0	49500.0
700	695	5.5	0.15	4.0	10500.0
913	708	20.04	0.15	4.0	3000.0
663	841	4.16	0.15	4.0	3500.0
278	824	0.0	0.15	4.0	49500.0
913	726	9.38	0.15	4.0	4000.0
913	720	9.25	0.15	4.0	3000.0
708	913	20.04	0.15	4.0	3000.0
188	734	0.0	0.15	4.0	49500.0
913	714	13.61	0.15	4.0	3500.0
876	877	7.71	0.15	4.0	1500.0
876	879	8.12	0.15	4.0	1000.0
897	351	0.0	0.15	4.0	49500.0
831	836	3.68	0.15	4.0	1000.0
786	781	6.76	0.15	4.0	2500.0
807	261	0.0	0.15	4.0	49500.0
852	306	0.0	0.15	4.0	49500.0
815	471	3.84	0.15	4.0	3000.0
786	794	6.89	0.15	4.0	3000.0
831	845	5.97	0.15	4.0	1000.0
364	910	0.0	0.15	4.0	49500.0
786	785	7.03	0.15	4.0	4000.0
786	787	6.96	0.15	4.0	1500.0
696	698	4.31	0.15	4.0	5000.0
872	830	5.96	0.15	4.0	3000.0
717	171	0.0	0.15	4.0	49500.0
815	472	2.22	0.15	4.0	3000.0
319	865	0.0	0.15	4.0	49500.0
696	695	3.99	0.15	4.0	8500.0
274	820	0.0	0.15	4.0	49500.0
913	801	24.92	0.15	4.0	3500.0
651	650	4.35	0.15	4.0	2500.0
446	858	2.41	0.15	4.0	8500.0
446	859	5.21	0.15	4.0	8500.0
872	832	6.29	0.15	4.0	2000.0
917	918	8.14	0.15	4.0	500.0
917	916	7.64	0.15	4.0	1000.0
696	734	4.2	0.15	4.0	1500.0
184	730	0.0	0.15	4.0	49500.0
848	302	0.0	0.15	4.0	49500.0
139	685	0.0	0.15	4.0	49500.0
872	869	7.96	0.15	4.0	2500.0
471	470	4.12	0.15	4.0	3500.0
872	871	6.94	0.15	4.0	2000.0
893	347	0.0	0.15	4.0	49500.0
897	443	1.3	0.15	4.0	500.0
827	837	3.84	0.15	4.0	2500.0
782	783	7.02	0.15	4.0	3000.0
803	257	0.0	0.15	4.0	49500.0
782	781	6.76	0.15	4.0	3000.0
471	472	2.92	0.15	4.0	3500.0
827	828	3.99	0.15	4.0	2000.0
827	825	4.35	0.15	4.0	1000.0
737	736	4.67	0.15	4.0	6500.0
713	167	0.0	0.15	4.0	49500.0
913	864	23.35	0.15	4.0	2500.0
782	787	7.12	0.15	4.0	3500.0
737	735	5.19	0.15	4.0	3000.0
737	733	5.9	0.15	4.0	2500.0
668	122	0.0	0.15	4.0	49500.0
315	861	0.0	0.15	4.0	49500.0
864	732	7.94	0.15	4.0	4000.0
270	816	0.0	0.15	4.0	49500.0
889	343	0.0	0.15	4.0	49500.0
180	726	0.0	0.15	4.0	49500.0
823	821	3.73	0.15	4.0	4000.0
467	458	5.17	0.15	4.0	3500.0
844	298	0.0	0.15	4.0	49500.0
868	869	7.02	0.15	4.0	2000.0
868	871	8.29	0.15	4.0	2500.0
868	865	12.32	0.15	4.0	500.0
467	466	5.33	0.15	4.0	3500.0
868	867	7.39	0.15	4.0	3500.0
868	866	10.37	0.15	4.0	1500.0
442	898	6.49	0.15	4.0	500.0
442	899	2.78	0.15	4.0	500.0
823	833	4.11	0.15	4.0	3000.0
823	828	3.84	0.15	4.0	3000.0
799	253	0.0	0.15	4.0	49500.0
823	824	3.95	0.15	4.0	2000.0
709	163	0.0	0.15	4.0	49500.0
733	737	5.9	0.15	4.0	2500.0
733	735	5.96	0.15	4.0	1000.0
733	732	6.82	0.15	4.0	3000.0
848	447	5.59	0.15	4.0	4000.0
311	857	0.0	0.15	4.0	49500.0
442	929	6.31	0.15	4.0	3500.0
266	812	0.0	0.15	4.0	49500.0
651	827	3.99	0.15	4.0	1000.0
664	118	0.0	0.15	4.0	49500.0
737	866	5.36	0.15	4.0	2000.0
651	842	4.5	0.15	4.0	2000.0
782	918	9.5	0.15	4.0	500.0
782	917	8.24	0.15	4.0	3000.0
176	722	0.0	0.15	4.0	49500.0
885	339	0.0	0.15	4.0	49500.0
717	392	2.98	0.15	4.0	1000.0
930	384	0.0	0.15	4.0	49500.0
819	820	3.52	0.15	4.0	1500.0
819	817	3.51	0.15	4.0	3500.0
840	294	0.0	0.15	4.0	49500.0
864	865	6.74	0.15	4.0	4500.0
864	867	8.61	0.15	4.0	1500.0
463	464	3.9	0.15	4.0	3500.0
729	727	5.71	0.15	4.0	1000.0
729	725	4.39	0.15	4.0	4500.0
819	829	3.79	0.15	4.0	3000.0
795	249	0.0	0.15	4.0	49500.0
352	898	0.0	0.15	4.0	49500.0
729	731	4.3	0.15	4.0	4000.0
307	853	0.0	0.15	4.0	49500.0
729	728	4.0	0.15	4.0	5000.0
864	913	23.35	0.15	4.0	2500.0
733	865	6.95	0.15	4.0	5000.0
926	380	0.0	0.15	4.0	49500.0
172	718	0.0	0.15	4.0	49500.0
389	801	9.58	0.15	4.0	2500.0
860	861	4.69	0.15	4.0	2500.0
684	728	3.91	0.15	4.0	3500.0
860	859	8.17	0.15	4.0	4000.0
860	853	5.77	0.15	4.0	2500.0
860	852	6.08	0.15	4.0	2000.0
713	392	1.05	0.15	4.0	1000.0
881	335	0.0	0.15	4.0	49500.0
791	245	0.0	0.15	4.0	49500.0
815	821	3.58	0.15	4.0	2500.0
459	460	4.66	0.15	4.0	3500.0
459	458	1.43	0.15	4.0	5000.0
885	445	6.37	0.15	4.0	1000.0
414	415	4.1	0.15	4.0	3500.0
414	413	2.62	0.15	4.0	3500.0
836	290	0.0	0.15	4.0	49500.0
725	723	4.08	0.15	4.0	2000.0
725	721	5.5	0.15	4.0	2500.0
860	888	8.33	0.15	4.0	3500.0
725	724	4.0	0.15	4.0	3000.0
930	518	9.32	0.15	4.0	3500.0
348	894	0.0	0.15	4.0	49500.0
926	417	6.29	0.15	4.0	3500.0
701	155	0.0	0.15	4.0	49500.0
725	729	4.39	0.15	4.0	4500.0
303	849	0.0	0.15	4.0	49500.0
471	815	3.84	0.15	4.0	3000.0
901	900	7.89	0.15	4.0	500.0
856	846	7.52	0.15	4.0	1500.0
709	391	0.53	0.15	4.0	3000.0
168	714	0.0	0.15	4.0	49500.0
901	893	11.38	0.15	4.0	500.0
840	454	2.45	0.15	4.0	3000.0
471	816	0.61	0.15	4.0	3000.0
832	286	0.0	0.15	4.0	49500.0
856	863	7.07	0.15	4.0	2000.0
807	711	3.19	0.15	4.0	2500.0
123	669	0.0	0.15	4.0	49500.0
856	857	7.62	0.15	4.0	3000.0
455	454	3.23	0.15	4.0	3500.0
856	855	7.41	0.15	4.0	4000.0
877	331	0.0	0.15	4.0	49500.0
389	914	3.96	0.15	4.0	2500.0
811	816	3.81	0.15	4.0	3000.0
787	241	0.0	0.15	4.0	49500.0
811	817	3.87	0.15	4.0	2500.0
455	456	2.7	0.15	4.0	3500.0
811	812	3.84	0.15	4.0	2500.0
811	809	3.95	0.15	4.0	2500.0
721	723	5.41	0.15	4.0	1000.0
721	720	6.58	0.15	4.0	4000.0
721	727	7.03	0.15	4.0	3000.0
881	465	2.48	0.15	4.0	3500.0
697	151	0.0	0.15	4.0	49500.0
721	725	5.5	0.15	4.0	2500.0
721	715	6.62	0.15	4.0	2500.0
344	890	0.0	0.15	4.0	49500.0
299	845	0.0	0.15	4.0	49500.0
873	327	0.0	0.15	4.0	49500.0
836	456	2.41	0.15	4.0	5500.0
897	899	6.6	0.15	4.0	500.0
897	892	5.06	0.15	4.0	1000.0
918	372	0.0	0.15	4.0	49500.0
897	891	5.63	0.15	4.0	1500.0
119	665	0.0	0.15	4.0	49500.0
803	709	7.69	0.15	4.0	2500.0
807	805	3.81	0.15	4.0	2000.0
852	860	6.08	0.15	4.0	2000.0
828	282	0.0	0.15	4.0	49500.0
807	803	5.74	0.15	4.0	1000.0
852	853	3.49	0.15	4.0	2000.0
852	854	3.85	0.15	4.0	500.0
451	450	1.44	0.15	4.0	5000.0
852	850	3.67	0.15	4.0	2500.0
467	845	2.09	0.15	4.0	2500.0
467	855	5.88	0.15	4.0	2500.0
664	448	2.78	0.15	4.0	3500.0
783	237	0.0	0.15	4.0	49500.0
340	886	0.0	0.15	4.0	49500.0
877	461	5.87	0.15	4.0	2000.0
717	715	5.36	0.15	4.0	2500.0
717	719	3.9	0.15	4.0	1500.0
717	716	4.09	0.15	4.0	4000.0
295	841	0.0	0.15	4.0	49500.0
893	887	6.87	0.15	4.0	500.0
848	844	6.0	0.15	4.0	3500.0
893	901	11.38	0.15	4.0	500.0
848	847	7.62	0.15	4.0	5000.0
869	323	0.0	0.15	4.0	49500.0
832	459	1.27	0.15	4.0	2000.0
848	843	6.45	0.15	4.0	2000.0
893	898	7.48	0.15	4.0	2000.0
893	894	7.82	0.15	4.0	2000.0
914	368	0.0	0.15	4.0	49500.0
447	446	5.78	0.15	4.0	3500.0
803	805	5.9	0.15	4.0	1000.0
803	807	5.74	0.15	4.0	1000.0
803	802	6.96	0.15	4.0	2500.0
848	858	7.25	0.15	4.0	3000.0
914	389	3.96	0.15	4.0	2500.0
824	278	0.0	0.15	4.0	49500.0
447	448	3.98	0.15	4.0	3500.0
803	795	7.33	0.15	4.0	2500.0
381	927	0.0	0.15	4.0	49500.0
713	711	4.09	0.15	4.0	1000.0
713	709	5.92	0.15	4.0	2500.0
734	188	0.0	0.15	4.0	49500.0
336	882	0.0	0.15	4.0	49500.0
668	669	4.75	0.15	4.0	3500.0
291	837	0.0	0.15	4.0	49500.0
873	462	3.45	0.15	4.0	1500.0
713	716	6.77	0.15	4.0	2000.0
414	735	0.54	0.15	4.0	3500.0
889	862	7.5	0.15	4.0	500.0
414	731	3.29	0.15	4.0	3500.0
889	884	7.86	0.15	4.0	1500.0
910	364	0.0	0.15	4.0	49500.0
156	702	0.0	0.15	4.0	49500.0
844	842	3.9	0.15	4.0	1500.0
844	843	4.25	0.15	4.0	3000.0
865	319	0.0	0.15	4.0	49500.0
889	895	8.59	0.15	4.0	500.0
844	839	3.95	0.15	4.0	1500.0
799	805	3.6	0.15	4.0	6000.0
443	444	4.45	0.15	4.0	3500.0
443	442	3.59	0.15	4.0	3500.0
799	797	3.65	0.15	4.0	1000.0
844	848	6.0	0.15	4.0	3500.0
820	274	0.0	0.15	4.0	49500.0
459	832	1.27	0.15	4.0	2000.0
463	928	15.96	0.15	4.0	3500.0
799	795	5.71	0.15	4.0	2500.0
459	845	7.72	0.15	4.0	2000.0
730	184	0.0	0.15	4.0	49500.0
709	711	5.49	0.15	4.0	1000.0
709	708	6.96	0.15	4.0	3000.0
332	878	0.0	0.15	4.0	49500.0
664	669	3.84	0.15	4.0	5500.0
685	139	0.0	0.15	4.0	49500.0
709	713	5.92	0.15	4.0	2500.0
664	662	3.79	0.15	4.0	4500.0
287	833	0.0	0.15	4.0	49500.0
885	863	7.05	0.15	4.0	500.0
885	857	7.39	0.15	4.0	3500.0
152	698	0.0	0.15	4.0	49500.0
816	270	0.0	0.15	4.0	49500.0
840	847	6.4	0.15	4.0	2500.0
795	787	7.03	0.15	4.0	4500.0
885	892	8.3	0.15	4.0	500.0
840	839	3.9	0.15	4.0	2000.0
861	315	0.0	0.15	4.0	49500.0
840	835	3.85	0.15	4.0	3500.0
795	803	7.33	0.15	4.0	2500.0
795	797	5.8	0.15	4.0	1500.0
824	469	4.01	0.15	4.0	3000.0
795	799	5.71	0.15	4.0	2500.0
455	835	2.85	0.15	4.0	3000.0
795	794	7.03	0.15	4.0	4000.0
455	833	2.7	0.15	4.0	3000.0
709	803	7.69	0.15	4.0	2500.0
328	874	0.0	0.15	4.0	49500.0
726	180	0.0	0.15	4.0	49500.0
283	829	0.0	0.15	4.0	49500.0
668	850	3.84	0.15	4.0	4500.0
734	413	0.65	0.15	4.0	4000.0
881	884	7.09	0.15	4.0	3000.0
857	311	0.0	0.15	4.0	49500.0
836	831	3.68	0.15	4.0	1000.0
881	880	7.8	0.15	4.0	2500.0
881	878	7.94	0.15	4.0	4500.0
791	789	3.45	0.15	4.0	1500.0
836	846	6.34	0.15	4.0	2500.0
812	266	0.0	0.15	4.0	49500.0
791	787	5.74	0.15	4.0	500.0
836	835	3.73	0.15	4.0	6000.0
390	389	4.34	0.15	4.0	1000.0
918	782	9.5	0.15	4.0	500.0
390	388	11.09	0.15	4.0	3500.0
918	783	9.98	0.15	4.0	500.0
791	797	3.65	0.15	4.0	1500.0
369	915	0.0	0.15	4.0	49500.0
324	870	0.0	0.15	4.0	49500.0
722	176	0.0	0.15	4.0	49500.0
701	702	3.44	0.15	4.0	2500.0
279	825	0.0	0.15	4.0	49500.0
664	849	5.88	0.15	4.0	5500.0
234	780	0.0	0.15	4.0	49500.0
189	735	0.0	0.15	4.0	49500.0
730	413	3.35	0.15	4.0	4000.0
832	830	4.11	0.15	4.0	500.0
877	880	7.79	0.15	4.0	2000.0
853	307	0.0	0.15	4.0	49500.0
877	876	7.71	0.15	4.0	1500.0
877	878	7.62	0.15	4.0	1000.0
898	352	0.0	0.15	4.0	49500.0
787	789	6.03	0.15	4.0	500.0
787	791	5.74	0.15	4.0	500.0
787	786	6.96	0.15	4.0	1500.0
787	782	7.12	0.15	4.0	3500.0
914	780	13.52	0.15	4.0	2000.0
365	911	0.0	0.15	4.0	49500.0
697	695	4.63	0.15	4.0	4500.0
718	172	0.0	0.15	4.0	49500.0
816	471	0.61	0.15	4.0	3000.0
787	795	7.03	0.15	4.0	4500.0
832	872	6.29	0.15	4.0	2000.0
914	793	8.7	0.15	4.0	2000.0
320	866	0.0	0.15	4.0	49500.0
697	698	3.95	0.15	4.0	4000.0
275	821	0.0	0.15	4.0	49500.0
685	411	3.04	0.15	4.0	6000.0
697	702	3.97	0.15	4.0	5500.0
914	785	9.24	0.15	4.0	2500.0
447	848	5.59	0.15	4.0	4000.0
447	849	1.87	0.15	4.0	4000.0
701	813	4.43	0.15	4.0	2000.0
185	731	0.0	0.15	4.0	49500.0
894	348	0.0	0.15	4.0	49500.0
898	443	3.98	0.15	4.0	500.0
898	442	6.49	0.15	4.0	500.0
918	917	8.14	0.15	4.0	500.0
140	686	0.0	0.15	4.0	49500.0
472	471	2.92	0.15	4.0	3500.0
828	827	3.99	0.15	4.0	2000.0
726	416	1.54	0.15	4.0	2000.0
828	823	3.84	0.15	4.0	3000.0
849	303	0.0	0.15	4.0	49500.0
472	473	1.75	0.15	4.0	5000.0
873	874	7.7	0.15	4.0	2000.0
783	789	5.68	0.15	4.0	1000.0
828	838	3.63	0.15	4.0	500.0
783	782	7.02	0.15	4.0	3000.0
869	820	5.66	0.15	4.0	1500.0
714	168	0.0	0.15	4.0	49500.0
361	907	0.0	0.15	4.0	49500.0
869	818	6.33	0.15	4.0	1500.0
316	862	0.0	0.15	4.0	49500.0
865	733	6.95	0.15	4.0	5000.0
669	123	0.0	0.15	4.0	49500.0
271	817	0.0	0.15	4.0	49500.0
697	809	3.95	0.15	4.0	2500.0
181	727	0.0	0.15	4.0	49500.0
869	868	7.02	0.15	4.0	2000.0
734	696	4.2	0.15	4.0	1500.0
890	344	0.0	0.15	4.0	49500.0
869	866	8.23	0.15	4.0	2500.0
468	458	2.91	0.15	4.0	3500.0
914	915	21.86	0.15	4.0	500.0
468	469	2.92	0.15	4.0	3500.0
824	822	3.95	0.15	4.0	2000.0
824	823	3.95	0.15	4.0	2000.0
443	898	3.98	0.15	4.0	500.0
869	872	7.96	0.15	4.0	2500.0
443	897	1.3	0.15	4.0	500.0
845	299	0.0	0.15	4.0	49500.0
910	861	9.61	0.15	4.0	1500.0
734	735	3.91	0.15	4.0	4500.0
824	834	5.01	0.15	4.0	9000.0
665	119	0.0	0.15	4.0	49500.0
734	736	4.88	0.15	4.0	5000.0
312	858	0.0	0.15	4.0	49500.0
267	813	0.0	0.15	4.0	49500.0
910	894	10.63	0.15	4.0	500.0
783	918	9.98	0.15	4.0	500.0
910	888	7.51	0.15	4.0	2000.0
849	447	1.87	0.15	4.0	4000.0
910	911	7.03	0.15	4.0	4500.0
730	686	3.91	0.15	4.0	1000.0
910	907	11.06	0.15	4.0	2500.0
177	723	0.0	0.15	4.0	49500.0
865	868	12.32	0.15	4.0	500.0
841	295	0.0	0.15	4.0	49500.0
865	864	6.74	0.15	4.0	4500.0
865	866	7.02	0.15	4.0	1000.0
464	463	3.9	0.15	4.0	3500.0
886	340	0.0	0.15	4.0	49500.0
820	830	4.75	0.15	4.0	500.0
464	465	7.21	0.15	4.0	3500.0
820	818	4.26	0.15	4.0	1500.0
820	819	3.52	0.15	4.0	1500.0
730	731	4.49	0.15	4.0	3000.0
730	728	4.18	0.15	4.0	3500.0
353	899	0.0	0.15	4.0	49500.0
308	854	0.0	0.15	4.0	49500.0
685	686	3.5	0.15	4.0	1500.0
263	809	0.0	0.15	4.0	49500.0
820	869	5.66	0.15	4.0	1500.0
861	854	9.03	0.15	4.0	500.0
173	719	0.0	0.15	4.0	49500.0
845	467	2.09	0.15	4.0	2500.0
927	381	0.0	0.15	4.0	49500.0
845	459	7.72	0.15	4.0	2000.0
886	445	1.05	0.15	4.0	1000.0
816	814	3.95	0.15	4.0	2500.0
816	811	3.81	0.15	4.0	3000.0
837	291	0.0	0.15	4.0	49500.0
861	860	4.69	0.15	4.0	2500.0
460	461	6.3	0.15	4.0	3500.0
460	459	4.66	0.15	4.0	3500.0
882	336	0.0	0.15	4.0	49500.0
415	414	4.1	0.15	4.0	3500.0
816	822	3.9	0.15	4.0	2500.0
415	416	5.67	0.15	4.0	3500.0
349	895	0.0	0.15	4.0	49500.0
702	156	0.0	0.15	4.0	49500.0
726	720	7.07	0.15	4.0	3000.0
726	727	6.74	0.15	4.0	4000.0
861	888	9.06	0.15	4.0	4000.0
304	850	0.0	0.15	4.0	49500.0
861	910	9.61	0.15	4.0	1500.0
259	805	0.0	0.15	4.0	49500.0
861	907	6.57	0.15	4.0	1500.0
841	453	1.48	0.15	4.0	500.0
472	815	2.22	0.15	4.0	3000.0
927	462	7.78	0.15	4.0	3500.0
472	813	1.39	0.15	4.0	3000.0
169	715	0.0	0.15	4.0	49500.0
878	332	0.0	0.15	4.0	49500.0
857	847	8.29	0.15	4.0	3500.0
456	455	2.7	0.15	4.0	3500.0
812	810	4.01	0.15	4.0	3500.0
812	811	3.84	0.15	4.0	2500.0
390	925	6.93	0.15	4.0	3500.0
833	287	0.0	0.15	4.0	49500.0
849	664	5.88	0.15	4.0	5500.0
849	665	6.48	0.15	4.0	1000.0
857	856	7.62	0.15	4.0	3000.0
456	457	2.93	0.15	4.0	3500.0
857	858	7.46	0.15	4.0	3000.0
857	885	7.39	0.15	4.0	3500.0
411	412	2.73	0.15	4.0	3500.0
722	718	3.79	0.15	4.0	2500.0
812	818	3.89	0.15	4.0	2000.0
698	152	0.0	0.15	4.0	49500.0
345	891	0.0	0.15	4.0	49500.0
722	723	4.28	0.15	4.0	2000.0
300	846	0.0	0.15	4.0	49500.0
722	724	4.0	0.15	4.0	1000.0
255	801	0.0	0.15	4.0	49500.0
898	893	7.48	0.15	4.0	2000.0
165	711	0.0	0.15	4.0	49500.0
812	866	6.47	0.15	4.0	1000.0
853	852	3.49	0.15	4.0	2000.0
853	849	6.45	0.15	4.0	2500.0
874	328	0.0	0.15	4.0	49500.0
853	851	4.11	0.15	4.0	1500.0
468	830	2.85	0.15	4.0	2500.0
898	900	5.6	0.15	4.0	1500.0
468	829	1.33	0.15	4.0	2500.0
665	448	1.17	0.15	4.0	3500.0
853	860	5.77	0.15	4.0	2500.0
829	283	0.0	0.15	4.0	49500.0
718	719	3.73	0.15	4.0	1000.0
718	716	4.45	0.15	4.0	7000.0
341	887	0.0	0.15	4.0	49500.0
718	722	3.79	0.15	4.0	2500.0
726	913	9.38	0.15	4.0	4000.0
296	842	0.0	0.15	4.0	49500.0
251	797	0.0	0.15	4.0	49500.0
894	893	7.82	0.15	4.0	2000.0
833	455	2.7	0.15	4.0	3000.0
915	369	0.0	0.15	4.0	49500.0
894	888	6.94	0.15	4.0	1000.0
849	853	6.45	0.15	4.0	2500.0
825	279	0.0	0.15	4.0	49500.0
841	663	4.16	0.15	4.0	3500.0
894	910	10.63	0.15	4.0	500.0
116	662	0.0	0.15	4.0	49500.0
849	851	7.13	0.15	4.0	2000.0
448	447	3.98	0.15	4.0	3500.0
870	324	0.0	0.15	4.0	49500.0
780	234	0.0	0.15	4.0	49500.0
448	449	3.28	0.15	4.0	5000.0
849	859	7.36	0.15	4.0	5500.0
874	461	2.35	0.15	4.0	2000.0
714	715	6.66	0.15	4.0	4500.0
382	928	0.0	0.15	4.0	49500.0
337	883	0.0	0.15	4.0	49500.0
714	708	6.99	0.15	4.0	4000.0
735	189	0.0	0.15	4.0	49500.0
292	838	0.0	0.15	4.0	49500.0
890	863	8.98	0.15	4.0	3000.0
415	727	4.8	0.15	4.0	3500.0
669	664	3.84	0.15	4.0	5500.0
714	720	6.95	0.15	4.0	3500.0
669	668	4.75	0.15	4.0	3500.0
247	793	0.0	0.15	4.0	49500.0
415	733	3.01	0.15	4.0	3500.0
464	884	3.18	0.15	4.0	2000.0
464	883	3.92	0.15	4.0	2000.0
890	891	7.52	0.15	4.0	1000.0
911	365	0.0	0.15	4.0	49500.0
845	831	5.97	0.15	4.0	1000.0
829	468	1.33	0.15	4.0	2500.0
821	275	0.0	0.15	4.0	49500.0
845	846	7.86	0.15	4.0	2500.0
444	445	5.0	0.15	4.0	3500.0
444	443	4.45	0.15	4.0	3500.0
829	457	3.65	0.15	4.0	1000.0
866	320	0.0	0.15	4.0	49500.0
890	896	8.26	0.15	4.0	2000.0
411	685	3.04	0.15	4.0	6000.0
411	695	1.04	0.15	4.0	6000.0
333	879	0.0	0.15	4.0	49500.0
665	663	4.29	0.15	4.0	2000.0
686	140	0.0	0.15	4.0	49500.0
731	185	0.0	0.15	4.0	49500.0
845	875	7.14	0.15	4.0	3000.0
288	834	0.0	0.15	4.0	49500.0
886	858	7.67	0.15	4.0	5000.0
460	875	2.21	0.15	4.0	3500.0
243	789	0.0	0.15	4.0	49500.0
460	872	5.86	0.15	4.0	3500.0
862	316	0.0	0.15	4.0	49500.0
886	892	6.8	0.15	4.0	1000.0
886	887	6.84	0.15	4.0	500.0
907	361	0.0	0.15	4.0	49500.0
817	271	0.0	0.15	4.0	49500.0
841	842	3.9	0.15	4.0	3500.0
841	843	4.18	0.15	4.0	500.0
456	836	2.41	0.15	4.0	5500.0
456	834	2.01	0.15	4.0	5500.0
727	181	0.0	0.15	4.0	49500.0
669	851	4.62	0.15	4.0	5500.0
911	518	5.26	0.15	4.0	3500.0
329	875	0.0	0.15	4.0	49500.0
284	830	0.0	0.15	4.0	49500.0
448	664	2.78	0.15	4.0	3500.0
448	665	1.17	0.15	4.0	3500.0
239	785	0.0	0.15	4.0	49500.0
714	913	13.61	0.15	4.0	3500.0
882	879	7.87	0.15	4.0	1000.0
149	695	0.0	0.15	4.0	49500.0
735	414	0.54	0.15	4.0	3500.0
837	838	3.79	0.15	4.0	3000.0
837	839	4.94	0.15	4.0	2500.0
858	312	0.0	0.15	4.0	49500.0
104	650	0.0	0.15	4.0	49500.0
882	883	7.7	0.15	4.0	1000.0
837	827	3.84	0.15	4.0	2500.0
391	388	5.98	0.15	4.0	3500.0
837	842	3.61	0.15	4.0	2000.0
813	267	0.0	0.15	4.0	49500.0
370	916	0.0	0.15	4.0	49500.0
723	177	0.0	0.15	4.0	49500.0
702	697	3.97	0.15	4.0	5500.0
391	392	4.22	0.15	4.0	3500.0
702	700	5.1	0.15	4.0	4500.0
702	701	3.44	0.15	4.0	2500.0
325	871	0.0	0.15	4.0	49500.0
665	849	6.48	0.15	4.0	1000.0
665	843	3.73	0.15	4.0	2000.0
235	781	0.0	0.15	4.0	49500.0
878	855	7.99	0.15	4.0	2500.0
862	465	4.5	0.15	4.0	3500.0
862	466	5.4	0.15	4.0	5000.0
878	877	7.62	0.15	4.0	1000.0
190	736	0.0	0.15	4.0	49500.0
833	823	4.11	0.15	4.0	3000.0
899	353	0.0	0.15	4.0	49500.0
878	875	8.17	0.15	4.0	1000.0
731	414	3.29	0.15	4.0	3500.0
833	838	4.51	0.15	4.0	2000.0
809	263	0.0	0.15	4.0	49500.0
833	834	4.89	0.15	4.0	10500.0
854	308	0.0	0.15	4.0	49500.0
878	881	7.94	0.15	4.0	4500.0
817	470	0.74	0.15	4.0	1000.0
698	696	4.31	0.15	4.0	5000.0
698	697	3.95	0.15	4.0	4000.0
858	446	2.41	0.15	4.0	8500.0
366	912	0.0	0.15	4.0	49500.0
321	867	0.0	0.15	4.0	49500.0
719	173	0.0	0.15	4.0	49500.0
276	822	0.0	0.15	4.0	49500.0
702	814	4.55	0.15	4.0	3500.0
186	732	0.0	0.15	4.0	49500.0
874	873	7.7	0.15	4.0	2000.0
874	875	6.81	0.15	4.0	4000.0
829	819	3.79	0.15	4.0	3000.0
895	349	0.0	0.15	4.0	49500.0
698	736	4.32	0.15	4.0	4500.0
874	871	7.87	0.15	4.0	2500.0
727	415	4.8	0.15	4.0	3500.0
899	442	2.78	0.15	4.0	500.0
829	834	5.31	0.15	4.0	7500.0
473	472	1.75	0.15	4.0	5000.0
805	259	0.0	0.15	4.0	49500.0
850	304	0.0	0.15	4.0	49500.0
362	908	0.0	0.15	4.0	49500.0
317	863	0.0	0.15	4.0	49500.0
715	169	0.0	0.15	4.0	49500.0
813	472	1.39	0.15	4.0	3000.0
813	473	1.44	0.15	4.0	1000.0
698	810	4.67	0.15	4.0	2000.0
272	818	0.0	0.15	4.0	49500.0
866	737	5.36	0.15	4.0	2000.0
866	736	6.66	0.15	4.0	3500.0
915	916	7.84	0.15	4.0	500.0
915	914	21.86	0.15	4.0	500.0
182	728	0.0	0.15	4.0	49500.0
846	300	0.0	0.15	4.0	49500.0
469	470	2.73	0.15	4.0	3500.0
870	871	7.78	0.15	4.0	5500.0
469	468	2.92	0.15	4.0	3500.0
891	345	0.0	0.15	4.0	49500.0
870	867	6.87	0.15	4.0	1500.0
780	781	7.09	0.15	4.0	3500.0
801	255	0.0	0.15	4.0	49500.0
825	827	4.35	0.15	4.0	1000.0
866	812	6.47	0.15	4.0	1000.0
735	737	5.19	0.15	4.0	3000.0
711	165	0.0	0.15	4.0	49500.0
866	810	6.49	0.15	4.0	2500.0
780	785	8.54	0.15	4.0	2500.0
735	734	3.91	0.15	4.0	4500.0
735	733	5.96	0.15	4.0	1000.0
313	859	0.0	0.15	4.0	49500.0
268	814	0.0	0.15	4.0	49500.0
391	709	0.53	0.15	4.0	3000.0
887	341	0.0	0.15	4.0	49500.0
178	724	0.0	0.15	4.0	49500.0
391	715	6.36	0.15	4.0	3000.0
911	908	11.42	0.15	4.0	2500.0
911	910	7.03	0.15	4.0	4500.0
821	822	3.95	0.15	4.0	2000.0
821	823	3.73	0.15	4.0	4000.0
842	296	0.0	0.15	4.0	49500.0
866	869	8.23	0.15	4.0	2500.0
866	868	10.37	0.15	4.0	1500.0
821	815	3.58	0.15	4.0	2500.0
866	865	7.02	0.15	4.0	1000.0
465	466	5.74	0.15	4.0	3500.0
465	464	7.21	0.15	4.0	3500.0
907	854	5.97	0.15	4.0	3500.0
731	727	5.26	0.15	4.0	2000.0
797	251	0.0	0.15	4.0	49500.0
354	900	0.0	0.15	4.0	49500.0
686	685	3.5	0.15	4.0	1500.0
907	861	6.57	0.15	4.0	1500.0
731	730	4.49	0.15	4.0	3000.0
731	729	4.3	0.15	4.0	4000.0
309	855	0.0	0.15	4.0	49500.0
801	389	9.58	0.15	4.0	2500.0
264	810	0.0	0.15	4.0	49500.0
662	116	0.0	0.15	4.0	49500.0
928	382	0.0	0.15	4.0	49500.0
715	391	6.36	0.15	4.0	3000.0
780	914	13.52	0.15	4.0	2000.0
780	916	7.93	0.15	4.0	500.0
686	730	3.91	0.15	4.0	1000.0
174	720	0.0	0.15	4.0	49500.0
862	863	8.47	0.15	4.0	1000.0
883	337	0.0	0.15	4.0	49500.0
813	701	4.43	0.15	4.0	2000.0
907	908	7.76	0.15	4.0	3000.0
907	910	11.06	0.15	4.0	2500.0
461	462	5.39	0.15	4.0	3500.0
461	460	6.3	0.15	4.0	3500.0
793	247	0.0	0.15	4.0	49500.0
817	818	4.12	0.15	4.0	3500.0
817	819	3.51	0.15	4.0	3500.0
838	292	0.0	0.15	4.0	49500.0
416	415	5.67	0.15	4.0	3500.0
817	811	3.87	0.15	4.0	2500.0
727	721	7.03	0.15	4.0	3000.0
862	889	7.5	0.15	4.0	500.0
727	726	6.74	0.15	4.0	4000.0
416	417	5.15	0.15	4.0	3500.0
350	896	0.0	0.15	4.0	49500.0
727	731	5.26	0.15	4.0	2000.0
727	729	5.71	0.15	4.0	1000.0
305	851	0.0	0.15	4.0	49500.0
928	463	15.96	0.15	4.0	3500.0
473	813	1.44	0.15	4.0	1000.0
170	716	0.0	0.15	4.0	49500.0
850	668	3.84	0.15	4.0	4500.0
858	857	7.46	0.15	4.0	3000.0
879	333	0.0	0.15	4.0	49500.0
809	697	3.95	0.15	4.0	2500.0
858	848	7.25	0.15	4.0	3000.0
457	458	1.5	0.15	4.0	3500.0
457	456	2.93	0.15	4.0	3500.0
789	243	0.0	0.15	4.0	49500.0
518	911	5.26	0.15	4.0	3500.0
813	814	3.76	0.15	4.0	6000.0
412	413	2.61	0.15	4.0	3500.0
834	288	0.0	0.15	4.0	49500.0
412	411	2.73	0.15	4.0	3500.0
723	722	4.28	0.15	4.0	2000.0
723	721	5.41	0.15	4.0	1000.0
883	464	3.92	0.15	4.0	2000.0
723	725	4.08	0.15	4.0	2000.0
518	912	1.64	0.15	4.0	3500.0
346	892	0.0	0.15	4.0	49500.0
858	886	7.67	0.15	4.0	5000.0
723	719	3.95	0.15	4.0	2000.0
301	847	0.0	0.15	4.0	49500.0
518	930	9.32	0.15	4.0	3500.0
256	802	0.0	0.15	4.0	49500.0
899	897	6.6	0.15	4.0	500.0
899	896	9.23	0.15	4.0	500.0
838	454	1.93	0.15	4.0	3000.0
469	819	0.34	0.15	4.0	3000.0
899	891	7.18	0.15	4.0	1000.0
830	284	0.0	0.15	4.0	49500.0
854	861	9.03	0.15	4.0	500.0
469	824	4.01	0.15	4.0	3000.0
453	454	10.27	0.15	4.0	3500.0
854	852	3.85	0.15	4.0	500.0
453	450	4.56	0.15	4.0	5000.0
875	329	0.0	0.15	4.0	49500.0
854	850	3.38	0.15	4.0	2500.0
809	814	3.71	0.15	4.0	2500.0
785	239	0.0	0.15	4.0	49500.0
809	810	4.17	0.15	4.0	1000.0
809	811	3.95	0.15	4.0	2500.0
719	723	3.95	0.15	4.0	2000.0
695	149	0.0	0.15	4.0	49500.0
719	715	5.28	0.15	4.0	1500.0
719	718	3.73	0.15	4.0	1000.0
342	888	0.0	0.15	4.0	49500.0
719	717	3.9	0.15	4.0	1500.0
650	104	0.0	0.15	4.0	49500.0
854	907	5.97	0.15	4.0	3500.0
297	843	0.0	0.15	4.0	49500.0
871	325	0.0	0.15	4.0	49500.0
834	456	2.01	0.15	4.0	5500.0
895	896	7.51	0.15	4.0	500.0
162	708	0.0	0.15	4.0	49500.0
842	651	4.5	0.15	4.0	2000.0
895	889	8.59	0.15	4.0	500.0
117	663	0.0	0.15	4.0	49500.0
916	370	0.0	0.15	4.0	49500.0
805	807	3.81	0.15	4.0	2000.0
805	803	5.9	0.15	4.0	1000.0
850	852	3.67	0.15	4.0	2500.0
850	854	3.38	0.15	4.0	2500.0
805	799	3.6	0.15	4.0	6000.0
449	450	2.0	0.15	4.0	5000.0
449	448	3.28	0.15	4.0	5000.0
850	851	4.8	0.15	4.0	3500.0
736	190	0.0	0.15	4.0	49500.0
781	235	0.0	0.15	4.0	49500.0
662	449	2.91	0.15	4.0	2000.0
383	929	0.0	0.15	4.0	49500.0
338	884	0.0	0.15	4.0	49500.0
465	862	4.5	0.15	4.0	3500.0
715	721	6.62	0.15	4.0	2500.0
715	714	6.66	0.15	4.0	4500.0
875	460	2.21	0.15	4.0	3500.0
293	839	0.0	0.15	4.0	49500.0
715	719	5.28	0.15	4.0	1500.0
715	717	5.36	0.15	4.0	2500.0
416	726	1.54	0.15	4.0	2000.0
248	794	0.0	0.15	4.0	49500.0
416	732	5.28	0.15	4.0	2000.0
465	881	2.48	0.15	4.0	3500.0
912	366	0.0	0.15	4.0	49500.0
846	845	7.86	0.15	4.0	2500.0
846	847	7.67	0.15	4.0	3500.0
867	321	0.0	0.15	4.0	49500.0
891	897	5.63	0.15	4.0	1500.0
891	896	8.87	0.15	4.0	500.0
891	899	7.18	0.15	4.0	1000.0
846	836	6.34	0.15	4.0	2500.0
846	835	6.96	0.15	4.0	1500.0
891	890	7.52	0.15	4.0	1000.0
445	446	6.27	0.15	4.0	3500.0
445	444	5.0	0.15	4.0	3500.0
846	856	7.52	0.15	4.0	1500.0
801	802	7.09	0.15	4.0	2000.0
822	276	0.0	0.15	4.0	49500.0
830	468	2.85	0.15	4.0	2500.0
801	793	7.03	0.15	4.0	3000.0
379	925	0.0	0.15	4.0	49500.0
732	186	0.0	0.15	4.0	49500.0
453	650	2.82	0.15	4.0	500.0
711	709	5.49	0.15	4.0	1000.0
334	880	0.0	0.15	4.0	49500.0
711	713	4.09	0.15	4.0	1000.0
289	835	0.0	0.15	4.0	49500.0
461	877	5.87	0.15	4.0	2000.0
461	874	2.35	0.15	4.0	2000.0
887	859	9.21	0.15	4.0	4000.0
887	886	6.84	0.15	4.0	500.0
908	362	0.0	0.15	4.0	49500.0
154	700	0.0	0.15	4.0	49500.0
842	844	3.9	0.15	4.0	1500.0
797	791	3.65	0.15	4.0	1500.0
842	841	3.9	0.15	4.0	3500.0
863	317	0.0	0.15	4.0	49500.0
887	893	6.87	0.15	4.0	500.0
842	837	3.61	0.15	4.0	2000.0
887	888	7.89	0.15	4.0	1500.0
457	831	0.72	0.15	4.0	1000.0
457	829	3.65	0.15	4.0	1000.0
797	799	3.65	0.15	4.0	1000.0
818	272	0.0	0.15	4.0	49500.0
797	795	5.8	0.15	4.0	1500.0
711	807	3.19	0.15	4.0	2500.0
801	913	24.92	0.15	4.0	3500.0
449	662	2.91	0.15	4.0	2000.0
330	876	0.0	0.15	4.0	49500.0
449	663	1.41	0.15	4.0	2000.0
695	411	1.04	0.15	4.0	6000.0
728	182	0.0	0.15	4.0	49500.0
662	664	3.79	0.15	4.0	4500.0
285	831	0.0	0.15	4.0	49500.0
912	518	1.64	0.15	4.0	3500.0
240	786	0.0	0.15	4.0	49500.0
838	828	3.63	0.15	4.0	500.0
883	880	7.01	0.15	4.0	1000.0
883	882	7.7	0.15	4.0	1000.0
150	696	0.0	0.15	4.0	49500.0
814	268	0.0	0.15	4.0	49500.0
105	651	0.0	0.15	4.0	49500.0
793	785	6.96	0.15	4.0	4000.0
838	837	3.79	0.15	4.0	3000.0
859	313	0.0	0.15	4.0	49500.0
838	833	4.51	0.15	4.0	2000.0
392	391	4.22	0.15	4.0	3500.0
793	801	7.03	0.15	4.0	3000.0
371	917	0.0	0.15	4.0	49500.0
822	470	3.36	0.15	4.0	1000.0
793	794	6.96	0.15	4.0	3500.0
453	841	1.48	0.15	4.0	500.0
724	178	0.0	0.15	4.0	49500.0
326	872	0.0	0.15	4.0	49500.0
650	453	2.82	0.15	4.0	500.0
281	827	0.0	0.15	4.0	49500.0
236	782	0.0	0.15	4.0	49500.0
191	737	0.0	0.15	4.0	49500.0
855	309	0.0	0.15	4.0	49500.0
834	829	5.31	0.15	4.0	7500.0
834	824	5.01	0.15	4.0	9000.0
879	880	7.78	0.15	4.0	500.0
879	882	7.87	0.15	4.0	1000.0
879	876	8.12	0.15	4.0	1000.0
732	417	9.84	0.15	4.0	3500.0
732	416	5.28	0.15	4.0	2000.0
900	354	0.0	0.15	4.0	49500.0
789	791	3.45	0.15	4.0	1500.0
810	264	0.0	0.15	4.0	49500.0
789	787	6.03	0.15	4.0	500.0
789	783	5.68	0.15	4.0	1000.0
834	833	4.89	0.15	4.0	10500.0
916	780	7.93	0.15	4.0	500.0
388	391	5.98	0.15	4.0	3500.0
388	390	11.09	0.15	4.0	3500.0
720	174	0.0	0.15	4.0	49500.0
367	913	0.0	0.15	4.0	49500.0
322	868	0.0	0.15	4.0	49500.0
793	914	8.7	0.15	4.0	2000.0
277	823	0.0	0.15	4.0	49500.0
859	446	5.21	0.15	4.0	8500.0
875	845	7.14	0.15	4.0	3000.0
896	350	0.0	0.15	4.0	49500.0
187	733	0.0	0.15	4.0	49500.0
851	305	0.0	0.15	4.0	49500.0
830	820	4.75	0.15	4.0	500.0
875	878	8.17	0.15	4.0	1000.0
875	874	6.81	0.15	4.0	4000.0
785	786	7.03	0.15	4.0	4000.0
830	832	4.11	0.15	4.0	500.0
785	780	8.54	0.15	4.0	2500.0
716	170	0.0	0.15	4.0	49500.0
785	793	6.96	0.15	4.0	4000.0
650	651	4.35	0.15	4.0	2500.0
318	864	0.0	0.15	4.0	49500.0
830	872	5.96	0.15	4.0	3000.0
695	696	3.99	0.15	4.0	8500.0
695	697	4.63	0.15	4.0	4500.0
695	700	5.5	0.15	4.0	10500.0
273	819	0.0	0.15	4.0	49500.0
855	467	5.88	0.15	4.0	2500.0
855	466	1.67	0.15	4.0	5000.0
736	698	4.32	0.15	4.0	4500.0
871	868	8.29	0.15	4.0	2500.0
183	729	0.0	0.15	4.0	49500.0
871	870	7.78	0.15	4.0	5500.0
892	346	0.0	0.15	4.0	49500.0
445	886	1.05	0.15	4.0	1000.0
916	917	7.64	0.15	4.0	1000.0
445	885	6.37	0.15	4.0	1000.0
138	684	0.0	0.15	4.0	49500.0
916	915	7.84	0.15	4.0	500.0
470	471	4.12	0.15	4.0	3500.0
470	469	2.73	0.15	4.0	3500.0
847	301	0.0	0.15	4.0	49500.0
871	872	6.94	0.15	4.0	2000.0
871	874	7.87	0.15	4.0	2500.0
781	786	6.76	0.15	4.0	2500.0
736	734	4.88	0.15	4.0	5000.0
802	256	0.0	0.15	4.0	49500.0
781	782	6.76	0.15	4.0	3000.0
781	780	7.09	0.15	4.0	3500.0
314	860	0.0	0.15	4.0	49500.0
736	737	4.67	0.15	4.0	6500.0
785	914	9.24	0.15	4.0	2500.0
269	815	0.0	0.15	4.0	49500.0
912	908	12.32	0.15	4.0	1500.0
392	717	2.98	0.15	4.0	1000.0
392	713	1.05	0.15	4.0	1000.0
179	725	0.0	0.15	4.0	49500.0
867	868	7.39	0.15	4.0	3500.0
867	870	6.87	0.15	4.0	1500.0
867	864	8.61	0.15	4.0	1500.0
888	342	0.0	0.15	4.0	49500.0
466	467	5.33	0.15	4.0	3500.0
822	824	3.95	0.15	4.0	2000.0
466	465	5.74	0.15	4.0	3500.0
822	821	3.95	0.15	4.0	2000.0
822	816	3.9	0.15	4.0	2500.0
843	297	0.0	0.15	4.0	49500.0
732	733	6.82	0.15	4.0	3000.0
355	901	0.0	0.15	4.0	49500.0
663	117	0.0	0.15	4.0	49500.0
708	162	0.0	0.15	4.0	49500.0
310	856	0.0	0.15	4.0	49500.0
781	917	7.44	0.15	4.0	1000.0
265	811	0.0	0.15	4.0	49500.0
802	388	4.78	0.15	4.0	2000.0
388	708	2.9	0.15	4.0	2000.0
814	702	4.55	0.15	4.0	3500.0
908	911	11.42	0.15	4.0	2500.0
908	907	7.76	0.15	4.0	3000.0
728	684	3.91	0.15	4.0	3500.0
736	866	6.66	0.15	4.0	3500.0
929	383	0.0	0.15	4.0	49500.0
175	721	0.0	0.15	4.0	49500.0
818	812	3.89	0.15	4.0	2000.0
839	293	0.0	0.15	4.0	49500.0
462	461	5.39	0.15	4.0	3500.0
863	862	8.47	0.15	4.0	1000.0
863	856	7.07	0.15	4.0	2000.0
908	912	12.32	0.15	4.0	1500.0
884	338	0.0	0.15	4.0	49500.0
863	885	7.05	0.15	4.0	500.0
794	248	0.0	0.15	4.0	49500.0
818	820	4.26	0.15	4.0	1500.0
818	817	4.12	0.15	4.0	3500.0
417	416	5.15	0.15	4.0	3500.0
728	730	4.18	0.15	4.0	3500.0
728	729	4.0	0.15	4.0	5000.0
351	897	0.0	0.15	4.0	49500.0
728	724	3.74	0.15	4.0	4500.0
863	890	8.98	0.15	4.0	3000.0
306	852	0.0	0.15	4.0	49500.0
261	807	0.0	0.15	4.0	49500.0
929	442	6.31	0.15	4.0	3500.0
818	869	6.33	0.15	4.0	1500.0
925	390	6.93	0.15	4.0	3500.0
880	334	0.0	0.15	4.0	49500.0
859	849	7.36	0.15	4.0	5500.0
810	698	4.67	0.15	4.0	2000.0
171	717	0.0	0.15	4.0	49500.0
388	802	4.78	0.15	4.0	2000.0
732	864	7.94	0.15	4.0	4000.0
925	379	0.0	0.15	4.0	49500.0
814	813	3.76	0.15	4.0	6000.0
814	809	3.71	0.15	4.0	2500.0
835	289	0.0	0.15	4.0	49500.0
851	669	4.62	0.15	4.0	5500.0
859	860	8.17	0.15	4.0	4000.0
458	459	1.43	0.15	4.0	5000.0
458	457	1.5	0.15	4.0	3500.0
413	414	2.62	0.15	4.0	3500.0
413	412	2.61	0.15	4.0	3500.0
458	468	2.91	0.15	4.0	3500.0
859	887	9.21	0.15	4.0	4000.0
458	467	5.17	0.15	4.0	3500.0
814	816	3.95	0.15	4.0	2500.0
347	893	0.0	0.15	4.0	49500.0
700	154	0.0	0.15	4.0	49500.0
724	728	3.74	0.15	4.0	4500.0
724	722	4.0	0.15	4.0	1000.0
884	464	3.18	0.15	4.0	2000.0
724	725	4.0	0.15	4.0	3000.0
302	848	0.0	0.15	4.0	49500.0
257	803	0.0	0.15	4.0	49500.0
470	822	3.36	0.15	4.0	1000.0
167	713	0.0	0.15	4.0	49500.0
470	817	0.74	0.15	4.0	1000.0
876	330	0.0	0.15	4.0	49500.0
900	901	7.89	0.15	4.0	500.0
122	668	0.0	0.15	4.0	49500.0
708	388	2.9	0.15	4.0	2000.0
900	898	5.6	0.15	4.0	1500.0
810	812	4.01	0.15	4.0	3500.0
454	455	3.23	0.15	4.0	3500.0
454	453	10.27	0.15	4.0	3500.0
810	809	4.17	0.15	4.0	1000.0
831	285	0.0	0.15	4.0	49500.0
855	856	7.41	0.15	4.0	4000.0
720	714	6.95	0.15	4.0	3500.0
786	240	0.0	0.15	4.0	49500.0
855	878	7.99	0.15	4.0	2500.0
343	889	0.0	0.15	4.0	49500.0
298	844	0.0	0.15	4.0	49500.0
720	721	6.58	0.15	4.0	4000.0
696	150	0.0	0.15	4.0	49500.0
720	726	7.07	0.15	4.0	3000.0
253	799	0.0	0.15	4.0	49500.0
651	105	0.0	0.15	4.0	49500.0
896	895	7.51	0.15	4.0	500.0
835	455	2.85	0.15	4.0	3000.0
896	891	8.87	0.15	4.0	500.0
917	371	0.0	0.15	4.0	49500.0
896	890	8.26	0.15	4.0	2000.0
810	866	6.49	0.15	4.0	2500.0
163	709	0.0	0.15	4.0	49500.0
851	853	4.11	0.15	4.0	1500.0
851	849	7.13	0.15	4.0	2000.0
851	850	4.8	0.15	4.0	3500.0
118	664	0.0	0.15	4.0	49500.0
872	326	0.0	0.15	4.0	49500.0
896	899	9.23	0.15	4.0	500.0
450	453	4.56	0.15	4.0	5000.0
663	449	1.41	0.15	4.0	2000.0
450	451	1.44	0.15	4.0	5000.0
450	449	2.0	0.15	4.0	5000.0
782	236	0.0	0.15	4.0	49500.0
827	281	0.0	0.15	4.0	49500.0
843	665	3.73	0.15	4.0	2000.0
466	855	1.67	0.15	4.0	5000.0
716	713	6.77	0.15	4.0	2000.0
876	462	4.35	0.15	4.0	1500.0
716	718	4.45	0.15	4.0	7000.0
384	930	0.0	0.15	4.0	49500.0
716	717	4.09	0.15	4.0	4000.0
339	885	0.0	0.15	4.0	49500.0
466	862	5.4	0.15	4.0	5000.0
737	191	0.0	0.15	4.0	49500.0
294	840	0.0	0.15	4.0	49500.0
249	795	0.0	0.15	4.0	49500.0
417	732	9.84	0.15	4.0	3500.0
847	839	6.38	0.15	4.0	2000.0
892	885	8.3	0.15	4.0	500.0
913	367	0.0	0.15	4.0	49500.0
892	886	6.8	0.15	4.0	1000.0
823	277	0.0	0.15	4.0	49500.0
847	848	7.62	0.15	4.0	5000.0
802	794	7.41	0.15	4.0	3000.0
446	447	5.78	0.15	4.0	3500.0
847	846	7.67	0.15	4.0	3500.0
446	445	6.27	0.15	4.0	3500.0
847	840	6.4	0.15	4.0	2500.0
892	897	5.06	0.15	4.0	1000.0
831	457	0.72	0.15	4.0	1000.0
868	322	0.0	0.15	4.0	49500.0
380	926	0.0	0.15	4.0	49500.0
802	801	7.09	0.15	4.0	2000.0
847	857	8.29	0.15	4.0	3500.0
802	803	6.96	0.15	4.0	2500.0
