iteration 	 master_max 	 master_avg 	subnet_0_max 	 subnet_0_avg 	subnet_1_max 	 subnet_1_avg 	full_max 	 full_avg
0	0.0	0.0	0.0	0.0	0.0	0.0	0.0	NaN
1	1646.1262063735937	485.3180844794455	28.30590784213699	6.3618435587162985	26.151345187424475	6.439516412165559	283.8488293514601	85.45309841114533
2	153.096649085396	52.21224754414921	384.5209862307729	52.86987115795973	22.138251299087884	4.666491186755329	218.9316969078586	59.86643696563099
3	313.3215565177185	107.62660748430702	19.980366825958523	4.687489735809427	0.21307288435139782	0.023674764927933092	167.6659780075295	70.13449370657767
4	125.2840037726782	54.522160009750834	27.2447193995131	4.353241622166329	29.779832397396035	3.0440024868090676	130.5607311325556	55.1849021913578
5	126.21468932747402	49.58847472650005	34.68004835946517	4.101074985096518	34.22368408806611	3.541268310873652	102.60168491929677	43.1062625031905
6	100.63506407081331	39.417025625940695	10.77013051278665	1.04765895072768	26.328442081391813	2.919477963070696	83.01836364409274	34.73219795710722
7	82.03759857484907	31.900011369596122	10.023945390752335	1.2490598825595993	14.166743491810038	1.8806865069224856	69.66051268553522	28.909851988571937
8	69.31383875461903	26.529844129561397	9.436802117120877	1.4181024634978912	11.523721886750785	1.779103932465702	59.36219072020961	24.57045411072259
9	60.022854366901726	18.181650981174986	8.973435012568832	1.2698934334521579	9.722740804677997	1.6900364404390154	52.34334812805648	18.890009052632788
10	53.083584837124974	15.302842110656727	8.588555616377477	1.2369551596780135	11.061293627098298	1.9881974770808801	46.84152378366239	16.24293838045821
11	48.23625713983717	10.994569237158984	8.613789959751777	1.1474679580374558	12.856240413246848	2.0420047366494716	54.52749177379186	15.435137897858358
12	44.11945539712269	8.844520963545486	8.636139674100988	0.9670789056645623	0.9298959199039416	0.0774913266586618	41.113283149193094	13.033747413142729
13	29.70720104165663	7.8316566996720525	8.656915189577436	1.0415465120622502	0.147584088476286	0.012298674039690502	38.62192780390282	13.333292936066163
14	27.85260825267619	6.641265171690777	8.674267130525521	1.048486175889805	5.146624016892908	0.42888533474107565	37.13139085657686	13.359724348337815
15	26.77377833666757	5.766735914827807	7.115342987139108	0.5082387847956505	3.989106999224802	0.3324255832687335	34.2661028894132	11.103266085145512
16	25.662567206820206	5.2238409920718265	0.23197979255912315	0.01656998518279451	3.0719845742408296	0.2559987145200691	28.23087434256005	9.935694638390247
17	24.807902758814052	5.5726855063628005	1.1772916535348514	0.0840922609667751	2.5682235727002976	0.21401863105835814	28.105663622682016	10.15606029525737
18	24.163939622313023	4.982878901089776	2.2012284074138933	0.1572306005295638	2.526208089294798	0.2105173407745665	28.16849110857906	10.345139214638278
19	23.709309338134915	4.54246338824643	2.9564799369544303	0.21117713835388788	2.538855327460361	0.21157127728836342	28.199297907340423	10.486948720842982
20	23.37185870428273	4.251245897120304	0.05446172019551199	0.003890122871107999	2.5834199978811583	0.21528499982342986	25.891581373051707	9.97469529531067
21	23.116287025769395	4.4959701499123765	0.777556008997756	0.055539714928411144	2.6562504003045078	0.22135420002537565	25.980277923760568	10.131278407480513
22	22.912681779185846	4.186470693399362	1.3986586965705143	0.0999041926121796	0.06440040879372333	0.005366700732810277	25.35577194277056	10.593651383579733
23	25.308449367231475	4.443339777702894	1.7255940619134975	0.12325671870810696	0.034946380200729266	0.002912198350060772	25.21218206981205	10.636288619801384
24	25.175689095622673	4.380442316880665	0.013871932211401372	9.908523008143838E-4	1.3611159119585423	0.11342632599654519	25.0988151891696	10.261994312312822
25	25.016108057100368	4.442384104475488	0.559643609585109	0.04293165907897768	1.2700073683401882	0.10583394736168235	25.003558114655654	10.385831980780068
26	24.931044085836483	4.251380579187775	0.9711163677911046	0.08079934304187072	0.01351868813798518	0.0011265573448320982	24.28059630765778	10.31124125323865
27	23.670651273339786	4.060297478098526	0.02800475517193135	0.0023027200386491605	0.020629530763429216	0.0017191275636191012	23.625380069858593	10.135154084128526
28	23.613677847806308	4.025071182028545	0.40987314114227047	0.03850718795078691	0.6672129932738784	0.0556010827728232	23.571355716300687	10.22095190510464
29	23.59534531787741	3.985441989409792	0.5970650293071103	0.06280929142623345	0.690911417813993	0.05757595148449942	23.529089948427917	10.243606377008113
30	23.556513653308286	3.9393837032703405	0.647547008403059	0.08112299402764264	0.0047076214741039735	3.9230178950866446E-4	24.22290431103255	10.304679822665154
31	24.22072755042182	3.9951886021976466	0.002981636778400798	3.583092365692172E-4	0.05157399862512335	0.004297833218760279	24.193136932173054	10.189100082690913
32	24.195662272374065	4.001074873121313	0.2947342703220386	0.026551124480004754	0.07027977003848207	0.005406136156806313	24.1670702188433	10.252295417975404
33	24.172616104258992	3.9491747803480726	0.16868966441394306	0.0113027451258174	0.0897105051327145	0.006900808087131885	24.145360509340698	10.196945881311137
34	24.15349780967196	3.9298320032746434	0.24920164342813678	0.03305246311799218	0.14025971657508052	0.010789208967313887	24.126168707237134	10.248291366587122
35	24.138234776991325	3.9176143776878467	0.2670958320891934	0.01783489342744981	0.1662407872410938	0.012787752864699523	24.11003092608871	10.180599171371572
36	24.124614999330056	3.8866113863422362	0.21740538363600592	0.015528955974000423	5.785182328565952E-4	4.45014025274304E-5	24.352969432548498	10.259908654637606
37	24.36113734946926	3.9145240228908174	3.428559101052997E-4	2.4489707864664263E-5	0.07216465731625021	0.005551127485865401	24.340724890073282	10.201546037112049
38	24.353023571058316	3.8889024529197838	1.7389079923191275E-4	1.2420771373708053E-5	0.030894898839655127	0.002376530679973471	24.329706694321445	10.20938783874237
39	24.34139472336902	3.87957782956331	1.359693096176784E-4	9.712093544119885E-6	0.0559629780358577	0.004304844464296746	24.32027462536532	10.215482996254085
40	24.33399904344506	3.868111874446754	0.07489232683266067	0.005349451916618619	0.08305106157727238	0.0063885431982517215	24.312143800877344	10.224094049409647
41	24.327884916947284	3.8537599297209306	9.168502624135044E-5	6.5489304458107455E-6	1.3865916173472215E-4	1.0666089364209396E-5	24.43130966093016	10.22324349242198
42	24.444014698381864	3.8632297678203407	0.06229104094134641	0.004449360067239029	0.04208004757648354	0.00323692673665258	24.425148154791295	10.230384360165376
43	24.440290823438943	3.8439423037474794	6.415225315947737E-5	4.582303797105526E-6	0.018935253310566225	0.0014565579469666327	24.41973895261321	10.215913811437478
44	24.43452297484953	3.8428276399930774	0.054890623020973806	0.003920758787212415	0.05659042754697907	0.004353109811306082	24.414713027778767	10.222143303704119
45	24.43166031207337	3.8237147690078035	5.012321025787969E-5	3.5802293041342637E-6	7.502337034992479E-5	5.771028488455753E-6	24.503224961401756	10.221585271756895
46	24.518123908186382	3.839726270330519	0.046310755298762274	0.003307911092768734	0.03508405184417995	0.0026987732187830735	24.499281183882132	10.22684247913215
47	24.516113345877102	3.823548514610979	3.601390976371022E-5	2.572422125979301E-6	0.022149940018572067	0.001703841539890159	24.495762925308888	10.216068532391116
48	24.512504823953577	3.8122348672913353	4.010754749828038E-5	2.8648248213057414E-6	2.5012600943341567E-5	1.9240462264108896E-6	24.5461572459378	10.22623155871727
49	24.562283957259602	3.8176713771250914	6.126297975583839E-6	4.3759271254170275E-7	0.02151726865847081	0.0016551745121900624	24.543181829143307	10.223365947787322
50	24.560555715128018	3.8112633944797856	5.821583016540899E-6	4.158273583243499E-7	5.642308202880031E-6	4.340237079138485E-7	24.565883042908382	10.223960558540035
51	24.582719549049386	3.8096184495345944	5.007279384017238E-6	3.5766281314408843E-7	7.642067373581085E-6	5.878513364293142E-7	24.593052439009035	10.225350404374593
52	24.61016514006654	3.8025081330754853	2.4460764187494988E-5	1.7471974419639276E-6	0.015532485992224565	0.001194806614786505	24.59075423009257	10.227603389105209
53	24.60883613834082	3.7978689442950713	3.3241337504819057E-6	2.3743812503442185E-7	3.5765824719646844E-6	2.7512172861266805E-7	24.609000019831768	10.227724768931447
54	24.626720069193993	3.7970198061689806	2.905003789521743E-6	2.075002706801245E-7	5.7264513202426315E-6	4.4049625540327935E-7	24.63283445707814	10.228789865303735
55	24.650764934521504	3.797253687591041	2.5376489105610744E-6	1.8126063646864816E-7	1.777608879649506E-6	1.3673914458842353E-7	24.64544165631412	10.22855072699192
56	24.66360278851021	3.7903733844590497	1.4070365693896747E-5	1.0050261209926248E-6	9.186701674934739E-7	7.066693596103644E-8	24.654165890947304	10.231556111415973
57	24.672553085906983	3.789010630875287	1.754086184746484E-6	1.2529187033903456E-7	6.795765798983666E-7	5.227512153064359E-8	24.661579225581185	10.23065261296061
58	24.680180223120495	3.7877512294546483	1.548589615651963E-6	1.106135439751402E-7	2.154144134181024E-6	1.6570339493700186E-7	24.676033030903497	10.230842196330482
59	24.694805090278095	3.787614583365008	1.3662170630368564E-6	9.758693307406117E-8	2.015176526981577E-6	1.5501357899858283E-7	24.69007649775758	10.231120976932111
60	24.709006297639633	3.7809662474762575	8.359407324576296E-6	5.971005231840211E-7	1.0043969211892545E-6	7.726130162994265E-8	24.699724286423006	10.233781943075
61	24.71881511958641	3.7825026737584073	9.747638500812172E-7	6.962598929151551E-8	2.6492250526644057E-7	2.037865425126466E-8	24.704210871169074	10.232856645258623
62	24.723470366020003	3.7814864344518404	8.662180448482104E-7	6.187271748915788E-8	1.1457913728918356E-6	8.813779791475659E-8	24.71475773238049	10.23285685075908
63	24.734150597763815	3.7763529346804776	5.702313252697877E-6	4.073080894784198E-7	1.4820009255345212E-6	1.1400007119496317E-7	24.726958659758054	10.235580805912566
64	24.74646750281608	3.7778656244498188	6.306046458348646E-7	4.5043188988204615E-8	2.6715666479049105E-7	2.055051267619162E-8	24.731681789507242	10.234886804885273
65	24.751326268634386	3.777266879428122	5.628039971838916E-7	4.020028551313512E-8	5.455449496594156E-7	4.196499612764735E-8	24.738851551790283	10.23461940423426
66	24.758612645765425	3.7727690433091143	3.9387272678936824E-6	2.8133766199240587E-7	1.0055681940457362E-6	7.73513995419797E-8	24.74892067164597	10.236851815204027
67	24.768778049898202	3.7741192939669026	4.16683704429488E-7	2.9763121744963428E-8	2.826936906785704E-7	2.1745668513736185E-8	24.75396557106803	10.236383380666705
68	24.77393140096615	3.773845351296856	3.730272766233611E-7	2.6644805473097222E-8	4.19294067910414E-7	3.225338983926262E-8	24.760303653504025	10.236171015128859
69	24.78036516983864	3.7698082635397583	2.7483105924375195E-6	1.963078994598228E-7	6.599114996674871E-7	5.076242305134516E-8	24.768459329293314	10.237987619917778
70	24.788602068756717	3.7712961873174016	2.801210143843491E-7	2.0008643884596366E-8	2.0182492477260894E-7	1.5524994213277612E-8	24.772741932614586	10.237579996271206
71	24.792975121015274	3.771120960531399	2.5132499814617404E-7	1.7951785581869573E-8	3.285643472850097E-7	2.5274180560385364E-8	24.778395638973628	10.237423978489376
72	24.798707493659236	3.767243610177647	1.933680920274128E-6	1.3812006573386627E-7	4.839701759351556E-7	3.7228475071935044E-8	24.78540212857657	10.238960272711052
73	24.805781281899712	3.769099929489544	1.9100278336736665E-7	1.3643055954811904E-8	1.414718298065054E-7	1.0882448446654262E-8	24.788995885001377	10.238602180383122
74	24.80945100378031	3.766892560409823	1.525778912991882E-6	1.0898420807084871E-7	2.3788737735230825E-7	1.8299029027100634E-8	24.793820656422795	10.239769430455244
75	24.814341561802827	3.7669469508275486	1.463037548887769E-7	1.0450268206341207E-8	1.6753187992435414E-7	1.288706768648878E-8	24.79782653076108	10.239535089918949
76	24.818411855589197	3.766989992514946	1.3164072498739188E-7	9.402908927670848E-9	2.583043539061691E-7	1.986956568508993E-8	24.80292312936661	10.23949710127948
77	24.823563834965498	3.7648525976204823	1.085477578044447E-6	7.75341127174605E-8	2.55799079695862E-7	1.9676852284297077E-8	24.808016015684558	10.240613011140915
78	24.828707880343686	3.765637580354828	1.0169356556843923E-7	7.263826112031373E-9	6.771188054699451E-8	5.208606195922655E-9	24.810483470794374	10.24028691631253
79	24.83123351963947	3.7655601626566733	9.157863445352632E-8	6.541331032394737E-9	1.5237995398820203E-7	1.1721534922169386E-8	24.81437353604943	10.240192247101955
80	24.835172065925917	3.7630579250136083	7.761067237765928E-7	5.5436194555470916E-8	2.257877653732976E-7	1.7368289644099814E-8	24.819196446488768	10.241201350117509
81	24.840036001856618	3.764447121374776	7.129077772560777E-8	5.092198408971984E-9	5.976835382170975E-8	4.597565678593058E-9	24.82154978868524	10.240956165275756
82	24.8424374629939	3.762829810208896	6.193239698859543E-7	4.4237426420425304E-8	9.752523766337617E-8	7.501941358721243E-9	24.82465037298889	10.241692485443926
83	24.845579886381316	3.763139594272346	5.577633999109821E-8	3.984024285078444E-9	7.468337770433209E-8	5.744875208025546E-9	24.8273455866614	10.24154264591712
84	24.848315710692788	3.7632221573479825	5.0286097064145E-8	3.591864076010357E-9	1.1435681557259159E-7	8.796678120968583E-9	24.8307545656831	10.241519045627694
85	24.851759490025472	3.76148386015095	4.458083466829521E-7	3.184345333449658E-8	1.0963965735300008E-7	8.433819796384622E-9	24.83410093750569	10.242237304424547
86	24.855138296458932	3.762424771867362	3.955975103053788E-8	2.8256965021812773E-9	2.9416071356536122E-8	2.2627747197335477E-9	24.835738923800157	10.242021609068427
87	24.856813507982125	3.761219071547772	3.5747700621868717E-7	2.5534071872763368E-8	6.644034300506974E-8	5.110795615774595E-9	24.838318609077817	10.242606742772734
88	24.85942406904396	3.7614606511296165	3.124009850807852E-8	2.231435607719894E-9	4.828474686746631E-8	3.7142112974974086E-9	24.840499358019926	10.24250304565184
89	24.861635186588586	3.7615552122718534	2.818241284785472E-8	2.01302948913248E-9	6.369570115793977E-8	4.899669319841521E-9	24.843042476309144	10.24247083331507
90	24.864205034653757	3.7602032577289353	2.5861738350840824E-7	1.8472670250600587E-8	6.302312272055133E-8	4.8479325169654866E-9	24.84558097879772	10.243013468777901
91	24.86676830870465	3.7609528552405322	2.2349396999743476E-8	1.5963854999816768E-9	1.877187827403759E-8	1.44399063646443E-9	24.846898983361697	10.242852747150163
92	24.868114446437843	3.759995360087506	2.0813597956248486E-7	1.4866855683034634E-8	4.035960188275567E-8	3.1045847602119747E-9	24.84891457197309	10.243303237332178
93	24.870153412993076	3.760244278126604	1.7775263927433116E-8	1.2696617091023654E-9	2.8125121787070384E-8	2.163470906697722E-9	24.850580378262208	10.243220187259197
94	24.871842429710718	3.760324094234408	1.6040587524912553E-8	1.145756251779468E-9	3.749340748981922E-8	2.8841082684476324E-9	24.85253347484202	10.243192761914905
95	24.873815921406376	3.759208427039284	1.511448601831944E-7	1.0796061441656742E-8	3.78785713905927E-8	2.9137362608148227E-9	24.854504531095927	10.24360990773175
96	24.875805798434996	3.7598772753191065	1.2798921034118393E-8	9.142086452941709E-10	1.1374524433449551E-8	8.749634179576578E-10	24.855533657802205	10.243486644382795
97	24.87685638668662	3.759048697792226	1.2198063359392108E-7	8.712902399565792E-9	2.3899531242932426E-8	1.8384254802255713E-9	24.85708629380109	10.243831508792256
98	24.878426889517726	3.7593452226913917	1.0235126524094085E-8	7.310804660067203E-10	1.67142033546952E-8	1.2857079503611693E-9	24.85837203332178	10.243766987523143
99	24.879730379020373	3.758920205772202	9.853520310798558E-8	7.038228793427541E-9	2.2392882215171994E-8	1.7225294011670764E-9	24.859883104479408	10.24409161498413
100	24.881257025851404	3.758937684077839	8.199869228064927E-9	5.857049448617805E-10	1.0139743267245649E-8	7.799802513265883E-10	24.860871697304198	10.244009946505981
101	24.882262313809093	3.758976096438691	7.401304458198865E-9	5.286646041570618E-10	1.6920743917125947E-8	1.301595685932765E-9	24.86218233825342	10.243982855091017
102	24.883587180077143	3.7583511139674965	7.182738670508115E-8	5.130527621791511E-9	2.0563028613196366E-8	1.5817714317843359E-9	24.863641485649644	10.244282308622589
103	24.885058888283226	3.758683784171884	5.942837333350326E-9	4.244883809535947E-10	5.91199267319098E-9	4.547686671685369E-10	24.86438785766631	10.244199374143907
104	24.88581993858483	3.758252802084363	5.813239312146834E-8	4.152313794390596E-9	1.07990132391933E-8	8.306933260917924E-10	24.865430097146294	10.244432382193931
105	24.88687465832995	3.758322483410665	4.779089124440361E-9	3.413635088885972E-10	7.92624632595107E-9	6.097112558423899E-10	24.86631584025318	10.244385416591921
106	24.887772691021254	3.7583719798147874	4.31381863563729E-9	3.081299025455207E-10	1.1256204857090779E-8	8.658619120839061E-10	24.867389542445366	10.244372345257116
107	24.888857043720606	3.757821190303505	4.2458012217139185E-8	3.0327151583670845E-9	1.1093575835730007E-8	8.533519873638468E-10	24.868458622062327	10.244595097998031
108	24.889936012202682	3.758151333261047	3.475051357781922E-9	2.4821795412728013E-10	3.2250682124868035E-9	2.480821701912926E-10	24.869007630380167	10.244527182728877
109	24.890496426080162	3.757732495020623	3.4412934724059596E-8	2.4580667660042568E-9	6.876057057070284E-9	5.289274659284834E-10	24.869841806968296	10.24471041194686
110	24.891340068032676	3.757876036397706	2.8027145049236424E-9	2.001938932088316E-10	4.918753404581366E-9	3.783656465062589E-10	24.870541154222863	10.244676045276387
111	24.8920488005676	3.7576620838900214	2.7905919353088393E-8	1.993279953792028E-9	6.5105183466585E-9	5.008091035891155E-10	24.871357293580637	10.244849489845743
112	24.892873185928806	3.7576673398546876	2.2626238660450326E-9	1.6161599043178805E-10	2.932274867362139E-9	2.25559605181703E-10	24.87188996618363	10.244805215669126
113	24.89341473800465	3.7576917584769967	2.0423556179594016E-9	1.4588254413995727E-10	4.8947086384032445E-9	3.765160491079419E-10	24.872595846979337	10.24479006186773
114	24.894128176763175	3.757354610772427	2.042200719643006E-8	1.458714799745004E-9	5.973411987270083E-9	4.594932297900064E-10	24.873383258688946	10.24495026139878
115	24.89492225240849	3.75754158322705	1.6508039379914408E-9	1.1791456699938863E-10	1.7325447743132827E-9	1.332726749471756E-10	24.87378832916695	10.244905607427885
116	24.895335139504688	3.757300997717551	1.6577182293531223E-8	1.1840844495379444E-9	3.1322571203418192E-9	2.4094285541090915E-10	24.87435036670051	10.24503021458511
117	24.895903825208464	3.757352955881003	1.3353655958781019E-9	9.538325684843585E-11	2.3032242779663648E-9	1.7717109830510497E-10	24.87482850846036	10.245004800327676
118	24.89638852025658	3.757381954730906	1.205329169806646E-9	8.609494070047471E-11	3.2688731721464137E-9	2.5145178247280103E-10	24.875407725660267	10.24499747729817
119	24.896973413555187	3.757067717874724	1.2143843264311727E-8	8.674173760222662E-10	3.223512123895489E-9	2.4796247106888375E-10	24.87598456644716	10.245116846167257
120	24.89755552611156	3.7572674161812976	9.759730801306432E-10	6.971236286647451E-11	9.432383762941754E-10	7.255679817647503E-11	24.876282058207387	10.245080200655904
121	24.897859113874055	3.7570193839239363	9.865225081284734E-9	7.04658934377481E-10	1.998685661419586E-9	1.5374505087842968E-10	24.876732236655734	10.245178441453398
122	24.898314349412615	3.757122608129806	7.906848509264819E-10	5.6477489351891563E-11	1.4317151908471715E-9	1.1013193775747473E-10	24.87710995315004	10.245159849252353
123	24.898697084706384	3.7569810680635567	8.016222352580371E-9	5.725873108985979E-10	1.892615841825318E-9	1.4558583398656294E-10	24.87755034267075	10.245252952167542
124	24.899141883327324	3.7570128094964454	6.409734965018288E-10	4.5783821178702055E-11	8.553229235985782E-10	6.579407104604448E-11	24.877838385915176	10.245229098265996
125	24.89943468112316	3.757027121994142	5.785452117379464E-10	4.1324657981281885E-11	1.4232384160095535E-9	1.0947987815458103E-10	24.878219301718488	10.245220804535354
126	24.899819643237656	3.7568151052892307	5.878590059182898E-9	4.1989928994163554E-10	1.7364243376505328E-9	1.3357110289619484E-10	24.878644095011417	10.245306862703814
127	24.90024800364023	3.7569481486927194	4.692850552601158E-10	3.352036109000827E-11	5.06375386066793E-10	3.895195277436869E-11	24.87886335802608	10.245282778521611
128	24.900471457889736	3.7567859714662837	4.7793662361073075E-9	3.413833025790934E-10	9.12081077331095E-10	7.016008287162269E-11	24.87916686302802	10.245349760411157
129	24.90077852715784	3.756848103777006	3.808295900853409E-10	2.7202113577524348E-11	6.709086619594018E-10	5.160835861226168E-11	24.879425118952483	10.245336032193508
130	24.90104029887675	3.756756802165246	3.886377442086086E-9	2.7759838872043474E-10	9.511467169431853E-10	7.316513207255272E-11	24.879737719984256	10.2454015843205
131	24.901355944711895	3.7567721465888946	3.091429334745044E-10	2.2081638105321743E-11	4.270788167559658E-10	3.2852216673535835E-11	24.879941582080896	10.245385286837653
132	24.90156310476999	3.756782808719599	2.7902302690563374E-10	1.9930216207545268E-11	6.80842049405328E-10	5.237246533887138E-11	24.880204953019344	10.245379124834386
133	24.901829303099674	3.7566416487097	2.8520759087768965E-9	2.0371970776977832E-10	8.38639380162931E-10	6.45107215509947E-11	24.880500158507175	10.245438922348834
134	24.90212699688456	3.756727679099405	2.2660628928861115E-10	1.6186163520615082E-11	2.5060131747522973E-10	1.9277024421171518E-11	24.88065459660335	10.245422267929165
135	24.902284348515522	3.7566212206958136	2.3200570353765215E-9	1.6571835966975153E-10	4.468532210921694E-10	3.437332469939765E-11	24.88086712891664	10.245469036132818
136	24.902499360204594	3.7566585630080027	1.8409451740808436E-10	1.314960838629174E-11	3.249525093451666E-10	2.4996346872705126E-11	24.88104686641158	10.245459363572897
137	24.902681549229527	3.7566008102424004	1.8875283558372757E-9	1.3482345398837684E-10	4.6209436277422355E-10	3.554572021340181E-11	24.881264781193195	10.245505022767732
138	24.902901586088596	3.7566057570780367	1.495976675869315E-10	1.0685547684780821E-11	2.0899904029647587E-10	1.6076849253575068E-11	24.88140745850123	10.245493683870443
139	24.903046560018893	3.756613383507763	1.3501022522177664E-10	9.643587515841189E-12	3.3223557238670764E-10	2.5556582491285205E-11	24.881591475164342	10.245489384518814
140	24.90323254597324	3.756520407678439	1.3858922898180026E-9	9.899230641557161E-11	4.0802916601023753E-10	3.1386858923864426E-11	24.88179741135952	10.245531062210024
141	24.90344021638714	3.756575158367387	1.0977885267493548E-10	7.841346619638249E-12	1.2208545285830041E-10	9.391188681407724E-12	24.881905233900945	10.245519423244057
142	24.903550069980113	3.7565060770412333	1.1278018519078614E-9	8.055727513627581E-11	2.1796608962176833E-10	1.6766622278597564E-11	24.882053700371223	10.245552048155435
143	24.9037002642134	3.756527126958883	8.924416761146858E-11	6.374583400819184E-12	1.5844392464714474E-10	1.2187994203626519E-11	24.8821792429859	10.245545295081298
144	24.903827515621927	3.7564918172731327	9.178648952001822E-10	6.556177822858444E-11	2.2507862240672694E-10	1.731374018513284E-11	24.88233134672032	10.245577138289482
145	24.90398109873246	3.756490427956759	7.256062417582143E-11	5.182901726844388E-12	1.0189182830799837E-10	7.837832946769105E-12	24.882430978550914	10.245569219769893
146	24.90408233192032	3.7564958190743787	6.549782938236604E-11	4.678416384454717E-12	1.6193979490708443E-10	1.2456907300544957E-11	24.88255947460864	10.245566211989066
147	24.904212200930168	3.756435662684306	6.741700531165407E-10	4.8155003794038616E-11	1.9887380631189444E-10	1.5297985100914957E-11	24.882703257560756	10.24559528771767
148	24.90435719294203	3.7564692608679047	5.327649432729231E-11	3.805463880520879E-12	5.95434812566964E-11	4.580267788976646E-12	24.88277856736218	10.245587159307293
149	24.904433919244582	3.7564256384175274	5.487734711095982E-10	3.919810507925701E-11	1.0623324442349258E-10	8.171788032576352E-12	24.882882232931024	10.245609920551832
150	24.90453878974685	3.756435831404669	4.332179059929331E-11	3.0944136142352363E-12	7.72644170865533E-11	5.943416698965638E-12	24.88296990308055	10.24560520376902
151	24.90462765171044	3.7564415305854717	3.910116674887831E-11	2.7929404820627365E-12	1.0969358754664427E-10	8.437968272818789E-12	24.8830761042434	10.24560377865844
152	24.90473488465848	3.7563826775485185	4.0314773741556564E-10	2.879626695825469E-11	1.0887646340052015E-10	8.37511256927078E-12	24.883182218325125	10.245625583703019
153	24.904841955923956	3.7564212641955694	3.184652541676769E-11	2.2747518154834066E-12	3.210942622899893E-11	2.4699558637691484E-12	24.883237210467016	10.24561885884511
154	24.904898057757272	3.756373725399795	3.282352167843783E-10	2.3445372627455593E-11	6.731681878591189E-11	5.17821682968553E-12	24.883319900346827	10.245636793600672
155	24.90498166847341	3.756395323322782	2.587796643638285E-11	1.8484261740273465E-12	4.828848432225641E-11	3.714498794019723E-12	24.88338932699415	10.245633357089163
156	24.905052009758762	3.7563665947487124	2.6717827950051287E-10	1.9084162821465204E-11	6.389910822690581E-11	4.915316017454293E-12	24.88347028988887	10.245650383054327
157	24.905133775773535	3.756375645155248	2.1103119252074976E-11	1.5073656608624982E-12	2.8961721909581684E-11	2.227824762275514E-12	24.883523358762474	10.245646004228577
158	24.90518771189427	3.756378484441739	1.9021229036297882E-11	1.3586592168784202E-12	4.7968740091164364E-11	3.68990308393572E-12	24.883593357752346	10.245644453599152
159	24.905258448968382	3.7563360622759996	1.9632295789051568E-10	1.402306842075112E-11	5.856293228134746E-11	4.504840944719035E-12	24.883671402259623	10.245660197959854
160	24.90533714404212	3.756364340922965	1.5475620784854982E-11	1.1054014846324988E-12	1.7180923350679222E-11	1.3216094885137863E-12	24.88371182569646	10.24565576998087
161	24.90537833305212	3.7563306545325434	1.5984369383659214E-10	1.1417406702613724E-11	3.0809133022557944E-11	2.3699333094275342E-12	24.883767653239623	10.245668033436592
162	24.905434811550982	3.756346272829315	1.2605028132384177E-11	9.003591523131555E-13	2.2666313270747196E-11	1.7435625592882459E-12	24.883815159126996	10.245665503349809
163	24.90548296000305	3.7563252609617632	1.3014300748181995E-10	9.295929105844282E-12	3.210942622899893E-11	2.4699558637691484E-12	24.883872620221986	10.245677511291975
164	24.905540977504693	3.7563325489871624	1.021760454023024E-11	7.298288957307314E-13	1.447375552743324E-11	1.1133658098025569E-12	24.88391015457222	10.245674516640074
165	24.90557911505747	3.7563206376079896	1.0599165989333414E-10	7.570832849523867E-12	2.3007373783912044E-11	1.7697979833778495E-12	24.883958584305084	10.245684896231166
166	24.905628061876484	3.756318922679455	8.377298854611581E-12	5.983784896151129E-13	1.3486101124726702E-11	1.0373923942097463E-12	24.883995046975265	10.245682537405086
167	24.90566505753513	3.7563211521553135	7.531752999057062E-12	5.379823570755044E-13	2.006572685786523E-11	1.5435174506050176E-12	24.884040415775104	10.245681725589954
168	24.905710885666196	3.756301630120362	7.791101097609499E-11	5.565072212578213E-12	2.1948665107629495E-11	1.688358854433038E-12	24.884088137832755	10.24569144918897
169	24.905759023822966	3.7563122311446753	6.139089236967266E-12	4.385063740690904E-13	6.515676886920119E-12	5.012059143784706E-13	24.884113010005954	10.245688577180317
170	24.90578438086345	3.7562979235505765	6.345857173073455E-11	4.532755123623896E-12	1.269029326067539E-11	9.761764046673377E-13	24.88414890158235	10.245696396802787
171	24.90582067934662	3.7563008768936195	4.988010005035903E-12	3.5628642893113597E-13	9.173106718662893E-12	7.056235937432995E-13	24.884179136454364	10.245694840851957
172	24.905851317669665	3.756302892112013	4.497735517361434E-12	3.212668226686739E-13	1.2519763004092965E-11	9.630586926225359E-13	24.884215005847025	10.2456943144541
173	24.90588753903002	3.7562833890706355	4.661870889322017E-11	3.3299077780871554E-12	1.248423586730496E-11	9.603258359465355E-13	24.88425095112254	10.245701706799101
174	24.90592381047133	3.7562959642894063	3.637978807091713E-12	2.598556290779795E-13	3.780087354243733E-12	2.90775950326441E-13	24.88426982667694	10.245699435415137
175	24.905943062743077	3.7562803291328666	3.7971403799019754E-11	2.712243128501411E-12	7.837286375433905E-12	6.02868182725685E-13	24.884298072364757	10.245705548305105
176	24.905971621134903	3.756287198005908	2.9984903449076228E-12	2.141778817791159E-13	5.5635496210015845E-12	4.2796535546166036E-13	24.884321646743643	10.245704368399542
177	24.90599550684106	3.756277900177494	3.091571443292196E-11	2.2082653166372827E-12	7.37543359718984E-12	5.673410459376799E-13	24.884349170741594	10.245710155358118
178	24.90602330413114	3.7562805075020202	2.4300561562995426E-12	1.735754397356816E-13	3.367972567502875E-12	2.590748128848365E-13	24.884367278753466	10.245708668767437
179	24.906041706967024	3.7562814894493224	2.2026824808563106E-12	1.573344629183079E-13	5.5777604757167865E-12	4.290584981320605E-13	24.884391134480964	10.245708142250209
180	24.906065813633113	3.756267503036954	2.2708945834892802E-11	1.6220675596352E-12	6.764366844436154E-12	5.203359111104733E-13	24.884417691691965	10.245713497413352
181	24.90609259217321	3.756276693523485	1.7905676941154525E-12	1.2789769243681803E-13	1.9824142327706795E-12	1.524934025208215E-13	24.88443145154686	10.245711988118474
182	24.90610661251067	3.7562656549612154	1.850963826655061E-11	1.3221170190393294E-12	3.581135388230905E-12	2.754719529408388E-13	24.884450470506934	10.245716162344154
183	24.906125852878404	3.756270557330425	1.4566126083082054E-12	1.0404375773630038E-13	2.6076918402395677E-12	2.0059168001842828E-13	24.884466653339324	10.245715301087376
184	24.906142254297706	3.7562638182346055	1.5049295143398922E-11	1.074949653099923E-12	3.737454790098127E-12	2.874965223152405E-13	24.884486215567854	10.245719387212459
185	24.906162005834965	3.7562658968158624	1.1723955140041653E-12	8.374253671458324E-14	1.6981971384666394E-12	1.306305491128184E-13	24.88449899683502	10.24571836715401
186	24.906174992353435	3.7562666029343075	1.0729195309977513E-12	7.663710935698224E-14	2.6716406864579767E-12	2.0551082203522898E-13	24.88451549010115	10.245717977304992
187	24.906191661548448	3.756256601878984	1.1098677532572765E-11	7.927626808980546E-13	3.268496584496461E-12	2.5142281419203547E-13	24.88453396966051	10.24572170777325
188	24.906210295925447	3.7562632230223443	8.597567102697212E-13	6.141119359069437E-14	9.734435479913373E-13	7.488027292241056E-14	24.88454365926995	10.245720664468287
189	24.906220167057043	3.756255313106159	9.023892744153272E-12	6.445637674395194E-13	1.7337242752546445E-12	1.333634057888188E-13	24.8845569725689	10.245723583369214
190	24.906233634806796	3.7562589557029398	7.105427357601002E-13	5.075305255429287E-14	1.2647660696529783E-12	9.728969766561371E-14	24.884568234680053	10.245722976727413
191	24.90624504971126	3.75625402929337	7.347011887759436E-12	5.247865634113883E-13	1.8047785488306545E-12	1.3882911914081959E-13	24.88458187995083	10.245725827865488
192	24.906258827229387	3.7562556947776327	5.968558980384842E-13	4.263256414560601E-14	8.313350008393172E-13	6.394884621840902E-14	24.884590824509687	10.245725118046774
193	24.906267915020095	3.756252928888764	5.9969806898152456E-12	4.283557635582318E-13	1.2931877790833823E-12	9.947598300641403E-14	24.88460234963084	10.24572758603119
194	24.906279562948598	3.7562524663910466	4.547473508864641E-13	3.2481953634747435E-14	7.602807272633072E-13	5.848313286640824E-14	24.884611012971142	10.245727024021514
195	24.90628835296374	3.7562529985142086	4.263256414560601E-13	3.045183153257572E-14	1.1652900866465643E-12	8.963769897281264E-14	24.884621796989656	10.245726830042722
196	24.906299246136435	3.756248408144529	4.39825953435502E-12	3.141613953110729E-13	1.2150280781497713E-12	9.346369831921317E-14	24.88463314893555	10.245729141698696
197	24.906310696928145	3.756250883062324	3.481659405224491E-13	2.4868995751603507E-14	3.836930773104541E-13	2.9514852100804164E-14	24.884639067375268	10.245728459035506
198	24.906316730581466	3.756247526949422	3.552713678800501E-12	2.5376526277146436E-13	7.176481631177012E-13	5.5203704855207783E-14	24.884647600681667	10.245730317456893
199	24.90632536059079	3.7562481881246086	2.913225216616411E-13	2.0808751547260076E-14	5.258016244624741E-13	4.0446278804805704E-14	24.884654789987103	10.245729947250588
200	24.90633264578061	3.756248669115294	2.5579538487363607E-13	1.8271098919545435E-14	7.247535904753022E-13	5.575027619040786E-14	24.88466332063519	10.245729821936589
201	24.90634126006851	3.756244069876646	2.6432189770275727E-12	1.888013555019695E-13	7.034373084024992E-13	5.4110562184807627E-14	24.884671869082986	10.245731579258218
202	24.90634988602701	3.7562470255461498	2.0605739337042905E-13	1.4718385240744934E-14	2.2026824808563106E-13	1.694371139120239E-14	24.88467635845891	10.245731039032522
203	24.906354464943263	3.7562433417225165	2.1458390619955026E-12	1.5327421871396448E-13	4.263256414560601E-13	3.279428011200462E-14	24.884683075343872	10.245732492166365
204	24.90636125615145	3.7562449439023036	1.8474111129762605E-13	1.3195793664116147E-14	3.126388037344441E-13	2.404913874880339E-14	24.88468868198698	10.245732211534733
205	24.906366936792686	3.7562427637264357	1.7408297026122455E-12	1.2434497875801753E-13	4.192202140984591E-13	3.2247708776804546E-14	24.884695227526336	10.24573358731676
206	24.906373547289476	3.756243355271436	1.1368683772161603E-13	8.120488408686859E-15	2.0605739337042905E-13	1.5850568720802235E-14	24.88469953417532	10.24573323378439
207	24.906377924020177	3.7562435897493733	1.1368683772161603E-13	8.120488408686859E-15	2.984279490192421E-13	2.2955996078403237E-14	24.884705207247954	10.245733108445707
208	24.906383656741916	3.756240290984045	1.2647660696529783E-12	9.03404335466413E-14	4.050093593832571E-13	3.1154566106404396E-14	24.884711522760874	10.2457343816208
209	24.906390024864756	3.756242451016071	1.0658141036401503E-13	7.61295788314393E-15	9.947598300641403E-14	7.651998692801079E-15	24.884714795562523	10.245734022682473
210	24.906393359589202	3.7562398512326314	1.0587086762825493E-12	7.562204830589637E-14	2.2737367544323206E-13	1.7490282726402467E-14	24.88471931861691	10.245735015118616
211	24.90639793527712	3.7562409932889986	9.237055564881302E-14	6.597896832058073E-15	1.7053025658242404E-13	1.311771204480185E-14	24.88472316723935	10.245734810265088
212	24.90640183586453	3.7562394142577205	8.384404281969182E-13	5.988860201406559E-14	1.8474111129762605E-13	1.4210854715202004E-14	24.884727819381432	10.24573578179407
213	24.906406533010696	3.75623988611331	7.105427357601002E-14	5.075305255429287E-15	9.237055564881302E-14	7.105427357601002E-15	24.8847308591979	10.245735539211612
214	24.906409621623972	3.756240054516206	6.394884621840902E-14	4.567774729886359E-15	1.2789769243681803E-13	9.838284033601387E-15	24.88473478155742	10.245735446441756
215	24.906413585808934	3.7562376979985848	6.608047442568932E-13	4.720033887549237E-14	1.7763568394002505E-13	1.3664283380001927E-14	24.884739176224286	10.245736333435815
216	24.906418017281958	3.756239251597411	5.6843418860808015E-14	4.0602442043434294E-15	7.105427357601002E-14	5.465713352000771E-15	24.884741480819486	10.245736085312531
217	24.906420365034947	3.756237391372765	5.115907697472721E-13	3.654219783909087E-14	8.526512829121202E-14	6.558856022400925E-15	24.884744647011566	10.245736779357143
218	24.906423567948238	3.756238237507231	3.552713678800501E-14	2.5376526277146436E-15	7.105427357601002E-14	5.465713352000771E-15	24.88474732541078	10.24573663507052
219	24.906426282675575	3.75623708597379	4.192202140984591E-13	2.9944301007032794E-14	9.237055564881302E-14	7.105427357601002E-15	24.884750570481046	10.24573731301928
220	24.906429559188773	3.7562374625689725	1.4210854715202004E-14	1.0150610510858574E-15	3.552713678800501E-14	2.7328566760003855E-15	24.88475269777618	10.245737144211281
221	24.90643172053973	3.7562375808375625	2.1316282072803006E-14	1.522591576628786E-15	1.0658141036401503E-13	8.198570028001155E-15	24.884755438674368	10.24573707966028
222	24.90643449063741	3.7562358878129345	3.197442310920451E-13	2.2838873649431793E-14	8.526512829121202E-14	6.558856022400925E-15	24.884758505449284	10.245737698779127
223	24.906437583124045	3.7562370201340394	1.4210854715202004E-14	1.0150610510858574E-15	2.1316282072803006E-14	1.6397140056002313E-15	24.884760113980796	10.245737525390954
224	24.906439221797186	3.7562356732465503	2.7000623958883807E-13	1.9286159970631292E-14	4.973799150320701E-14	3.825999346400539E-15	24.884762326095917	10.245738010198226
225	24.906441459550763	3.7562363120352953	3.552713678800501E-14	2.5376526277146436E-15	3.552713678800501E-14	2.7328566760003855E-15	24.884764196937496	10.245737909492552
226	24.906443355759137	3.756235460179584	1.7763568394002505E-13	1.2688263138573218E-14	2.8421709430404007E-14	2.1862853408003084E-15	24.884766462572884	10.245738382853393
227	24.906445643353933	3.756235770892897	2.1316282072803006E-14	1.522591576628786E-15	7.105427357601002E-15	5.465713352000771E-16	24.884767947942336	10.24573826494207
228	24.906447152506175	3.7562352772891257	1.7763568394002505E-13	1.2688263138573218E-14	4.973799150320701E-14	3.825999346400539E-15	24.884769862254373	10.245738674791736
229	24.90644908720772	3.756235235089612	0.0	0.0	7.105427357601002E-15	5.465713352000771E-16	24.88477130118313	10.245738581468494
230	24.906450547169406	3.7562353236129087	2.1316282072803006E-14	1.522591576628786E-15	4.263256414560601E-14	3.2794280112004626E-15	24.884773092037342	10.245738549221276
231	24.9064523561483	3.7562345265146493	1.2789769243681803E-13	9.135549459772717E-15	4.263256414560601E-14	3.2794280112004626E-15	24.884774977286476	10.24573893308159
232	24.90645425781014	3.756234972516308	2.8421709430404007E-14	2.0301221021717147E-15	7.105427357601002E-15	5.465713352000771E-16	24.8847759603469	10.245738819714992
233	24.906455260001408	3.756234380141651	1.0658141036401503E-13	7.61295788314393E-15	0.0	0.0	24.884777377578864	10.245739128326333
234	24.90645669329062	3.7562345251759615	1.4210854715202004E-14	1.0150610510858574E-15	2.8421709430404007E-14	2.1862853408003084E-15	24.884778571558947	10.24573906683648
235	24.906457903192532	3.7562346051365685	7.105427357601002E-15	5.075305255429287E-16	1.4210854715202004E-14	1.0931426704001542E-15	24.88477998830296	10.245739046011808
236	24.90645933382504	3.7562338059736686	9.237055564881302E-14	6.597896832058073E-15	2.1316282072803006E-14	1.6397140056002313E-15	24.884781408037433	10.245739337839264
237	24.906460766430186	3.7562343323332894	7.105427357601002E-15	5.075305255429287E-16	1.4210854715202004E-14	1.0931426704001542E-15	24.88478215368459	10.245739248118964
238	24.906461526946117	3.7562336850242994	5.6843418860808015E-14	4.0602442043434294E-15	1.4210854715202004E-14	1.0931426704001542E-15	24.884783269220662	10.245739489431665
239	24.90646265482404	3.756233986749443	7.105427357601002E-15	5.075305255429287E-16	1.4210854715202004E-14	1.0931426704001542E-15	24.8847842003795	10.245739442821096
240	24.906463598270875	3.7562335890138456	4.263256414560601E-14	3.045183153257572E-15	7.105427357601002E-15	5.465713352000771E-16	24.88478528746535	10.245739671293308
241	24.906464696143416	3.756233723012179	1.4210854715202004E-14	1.0150610510858574E-15	7.105427357601002E-15	5.465713352000771E-16	24.88478600273733	10.245739612579161
242	24.906465423053262	3.7562334959936683	7.105427357601002E-14	5.075305255429287E-15	0.0	0.0	24.88478694492123	10.245739813596664
243	24.90646637514253	3.756233461664393	2.1316282072803006E-14	1.522591576628786E-15	2.1316282072803006E-14	1.6397140056002313E-15	24.8847876510627	10.245739768672577
244	24.906467091521677	3.756233505469209	1.4210854715202004E-14	1.0150610510858574E-15	7.105427357601002E-15	5.465713352000771E-16	24.88478852023527	10.245739752389564
245	24.906467969551258	3.7562331311201427	3.552713678800501E-14	2.5376526277146436E-15	7.105427357601002E-15	5.465713352000771E-16	24.884789437482887	10.245739939301101
246	24.90646889481212	3.7562333333632805	7.105427357601002E-15	5.075305255429287E-16	0.0	0.0	24.884789918923815	10.245739884284673
247	24.90646938557356	3.756233059720327	4.973799150320701E-14	3.552713678800501E-15	0.0	0.0	24.88479061110648	10.245740034922274
248	24.90647008558227	3.756233115653508	7.105427357601002E-15	5.075305255429287E-16	7.105427357601002E-15	5.465713352000771E-16	24.884791192399064	10.245740004804597
249	24.906470674643664	3.75623315451281	0.0	0.0	2.1316282072803006E-14	1.6397140056002313E-15	24.884791882805843	10.245739994581601
250	24.90647137182556	3.7562327796490242	4.263256414560601E-14	3.045183153257572E-15	7.105427357601002E-15	5.465713352000771E-16	24.884792575648333	10.245740136959967
251	24.906472070942563	3.7562330214780673	7.105427357601002E-15	5.075305255429287E-16	1.4210854715202004E-14	1.0931426704001542E-15	24.88479293952644	10.245740093238016
252	24.906472442070623	3.7562327207662043	7.105427357601002E-15	5.075305255429287E-16	2.1316282072803006E-14	1.6397140056002313E-15	24.88479348331429	10.245740210888151
253	24.906472991878175	3.756232852954471	7.105427357601002E-15	5.075305255429287E-16	1.4210854715202004E-14	1.0931426704001542E-15	24.884793937298973	10.245740188141543
254	24.90647345185586	3.7562326738940572	7.105427357601002E-15	5.075305255429287E-16	0.0	0.0	24.884794467553988	10.245740299575424
255	24.90647398737068	3.756232724340958	7.105427357601002E-15	5.075305255429287E-16	0.0	0.0	24.884794816431715	10.24574027094965
256	24.90647434192357	3.7562327433628804	1.4210854715202004E-14	1.0150610510858574E-15	2.1316282072803006E-14	1.6397140056002313E-15	24.884795275856362	10.245740260788027
257	24.906474806179006	3.756232473631281	0.0	0.0	1.4210854715202004E-14	1.0931426704001542E-15	24.88479578733852	10.245740363894685
258	24.90647532192176	3.756232651163031	7.105427357601002E-15	5.075305255429287E-16	2.1316282072803006E-14	1.6397140056002313E-15	24.88479605245191	10.245740334826344
259	24.906475592049844	3.756232438008023	2.8421709430404007E-14	2.0301221021717147E-15	1.4210854715202004E-14	1.0931426704001542E-15	24.88479641880562	10.24574041520318
260	24.906475962665994	3.756232533138214	1.4210854715202004E-14	1.0150610510858574E-15	1.4210854715202004E-14	1.0931426704001542E-15	24.88479673050901	10.245740398608932
261	24.906476278577827	3.756232402612111	0.0	0.0	2.1316282072803006E-14	1.6397140056002313E-15	24.884797107294474	10.245740477290655
262	24.906476659007993	3.756232443488358	7.105427357601002E-15	5.075305255429287E-16	7.105427357601002E-15	5.465713352000771E-16	24.884797353511672	10.245740457643937
263	24.90647690917703	3.7562324571398418	0.0	0.0	1.4210854715202004E-14	1.0931426704001542E-15	24.88479767120112	10.245740450129286
264	24.90647723025372	3.756232263604268	2.8421709430404007E-14	2.0301221021717147E-15	1.4210854715202004E-14	1.0931426704001542E-15	24.884798027136632	10.245740521965807
265	24.906477589170066	3.756232392128927	7.105427357601002E-15	5.075305255429287E-16	7.105427357601002E-15	5.465713352000771E-16	24.884798213798447	10.245740501869001
266	24.90647777932712	3.756232238765787	3.552713678800501E-14	2.5376526277146436E-15	7.105427357601002E-15	5.465713352000771E-16	24.884798470243098	10.245740558079692
267	24.906478038745732	3.756232310011363	0.0	0.0	1.4210854715202004E-14	1.0931426704001542E-15	24.88479868717924	10.245740546393096
268	24.906478258624006	3.7562322140287168	2.8421709430404007E-14	2.0301221021717147E-15	1.4210854715202004E-14	1.0931426704001542E-15	24.884798950008737	10.245740601300287
269	24.906478524000036	3.7562322472593124	0.0	0.0	2.1316282072803006E-14	1.6397140056002313E-15	24.884799122308934	10.245740587627832
270	24.906478699058383	3.7562321928276003	7.105427357601002E-15	5.075305255429287E-16	0.0	0.0	24.884799344305527	10.24574063515782
271	24.906478923419797	3.75623218512255	0.0	0.0	1.4210854715202004E-14	1.0931426704001542E-15	24.88479951118434	10.245740624332567
272	24.90647909273803	3.756232195390813	7.105427357601002E-15	5.075305255429287E-16	1.4210854715202004E-14	1.0931426704001542E-15	24.884799718903814	10.245740620593974
273	24.90647930255949	3.756232105747663	0.0	0.0	7.105427357601002E-15	5.465713352000771E-16	24.88479993756316	10.245740665114415
274	24.9064795231223	3.756232154678085	0.0	0.0	1.4210854715202004E-14	1.0931426704001542E-15	24.884800051575027	10.245740651965106
275	24.906479639352945	3.756232088770321	1.4210854715202004E-14	1.0150610510858574E-15	1.4210854715202004E-14	1.0931426704001542E-15	24.88480021594549	10.245740687757278
276	24.906479805585697	3.756232102798006	1.4210854715202004E-14	1.0150610510858574E-15	1.4210854715202004E-14	1.0931426704001542E-15	24.884800354428883	10.245740680625946
277	24.906479945915677	3.7562321120741253	0.0	0.0	2.1316282072803006E-14	1.6397140056002313E-15	24.884800518746367	10.2457406782106
278	24.90648011184389	3.756232022177202	1.4210854715202004E-14	1.0150610510858574E-15	0.0	0.0	24.884800683408102	10.245740712056449
279	24.90648027799834	3.7562320804371643	7.105427357601002E-15	5.075305255429287E-16	1.4210854715202004E-14	1.0931426704001542E-15	24.884800769889942	10.24574070165043
280	24.906480366204676	3.7562320081485296	2.8421709430404007E-14	2.0301221021717147E-15	1.4210854715202004E-14	1.0931426704001542E-15	24.88480089927262	10.245740729637937
281	24.906480497018727	3.756232040358533	3.552713678800501E-14	2.5376526277146436E-15	7.105427357601002E-15	5.465713352000771E-16	24.884801007270646	10.245740724231933
282	24.906480606441875	3.7562319970128724	0.0	0.0	1.4210854715202004E-14	1.0931426704001542E-15	24.88480113335242	10.245740750730128
283	24.90648073377473	3.7562320097719097	0.0	0.0	7.105427357601002E-15	5.465713352000771E-16	24.884801216311267	10.245740743920335
284	24.90648081808331	3.756232014294239	7.105427357601002E-15	5.075305255429287E-16	7.105427357601002E-15	5.465713352000771E-16	24.884801325587667	10.24574074150532
285	24.90648092850853	3.7562319493810636	0.0	0.0	7.105427357601002E-15	5.465713352000771E-16	24.884801447238296	10.245740766027579
286	24.906481051172435	3.756231992370119	0.0	0.0	7.105427357601002E-15	5.465713352000771E-16	24.884801510283218	10.245740759113508
287	24.90648111540999	3.7562319409088665	1.4210854715202004E-14	1.0150610510858574E-15	7.105427357601002E-15	5.465713352000771E-16	24.88480159740871	10.245740778228743
288	24.90648120354919	3.756231964299898	0.0	0.0	1.4210854715202004E-14	1.0931426704001542E-15	24.88480167154313	10.245740774282577
289	24.90648127868451	3.756231932490685	1.4210854715202004E-14	1.0150610510858574E-15	1.4210854715202004E-14	1.0931426704001542E-15	24.884801761154357	10.245740792995328
290	24.906481369162492	3.756231942979851	0.0	0.0	1.4210854715202004E-14	1.0931426704001542E-15	24.884801819709956	10.245740788322605
291	24.90648142865797	3.7562319462265115	1.4210854715202004E-14	1.0150610510858574E-15	0.0	0.0	24.884801895264197	10.2457407865353
292	24.906481505017773	3.7562318994307753	7.105427357601002E-15	5.075305255429287E-16	2.1316282072803006E-14	1.6397140056002313E-15	24.884801979915842	10.245740803619968
293	24.906481590378313	3.7562319307654977	1.4210854715202004E-14	1.0150610510858574E-15	1.4210854715202004E-14	1.0931426704001542E-15	24.884802024309487	10.245740798840465
294	24.906481635603214	3.756231893523609	2.1316282072803006E-14	1.522591576628786E-15	1.4210854715202004E-14	1.0931426704001542E-15	24.88480208529854	10.245740812208776
295	24.90648169729957	3.7562319112360387	1.4210854715202004E-14	1.0150610510858574E-15	1.4210854715202004E-14	1.0931426704001542E-15	24.884802136891594	10.245740809429366
296	24.906481749592302	3.756231887640364	2.1316282072803006E-14	1.522591576628786E-15	7.105427357601002E-15	5.465713352000771E-16	24.884802199399594	10.245740822487736
297	24.906481812705977	3.756231896312115	7.105427357601002E-15	5.075305255429287E-16	0.0	0.0	24.884802240377326	10.245740819236074
298	24.90648185433966	3.756231882598194	3.552713678800501E-14	2.5376526277146436E-15	0.0	0.0	24.884802293173976	10.245740830539935
299	24.906481907698705	3.756231881534522	1.4210854715202004E-14	1.0150610510858574E-15	0.0	0.0	24.8848023328622	10.245740827965399
300	24.90648194796708	3.756231883976642	1.4210854715202004E-14	1.0150610510858574E-15	7.105427357601002E-15	5.465713352000771E-16	24.884802382263487	10.245740827076263
301	24.906481997868255	3.7562318618882338	1.4210854715202004E-14	1.0150610510858574E-15	1.4210854715202004E-14	1.0931426704001542E-15	24.884802434266533	10.245740837664389
302	24.90648205032401	3.756231874294189	2.8421709430404007E-14	2.0301221021717147E-15	1.4210854715202004E-14	1.0931426704001542E-15	24.884802461381646	10.245740834537138
303	24.906482077966814	3.7562318578505645	2.1316282072803006E-14	1.522591576628786E-15	0.0	0.0	24.88480250047332	10.245740843049454
304	24.906482117501398	3.7562318619558215	1.4210854715202004E-14	1.0150610510858574E-15	0.0	0.0	24.884802533408383	10.24574084135343
305	24.90648215087562	3.7562318641619776	1.4210854715202004E-14	1.0150610510858574E-15	2.8421709430404007E-14	2.1862853408003084E-15	24.88480257248748	10.245740840778986
306	24.906482190337783	3.756231842012919	1.4210854715202004E-14	1.0150610510858574E-15	2.1316282072803006E-14	1.6397140056002313E-15	24.884802611648446	10.24574084882842
307	24.906482229853758	3.756231856637939	1.4210854715202004E-14	1.0150610510858574E-15	1.4210854715202004E-14	1.0931426704001542E-15	24.884802632216193	10.245740846353597
308	24.90648225083163	3.7562318386765137	7.105427357601002E-15	5.075305255429287E-16	2.1316282072803006E-14	1.6397140056002313E-15	24.88480266298688	10.245740853009766
309	24.90648228194275	3.756231847106245	1.4210854715202004E-14	1.0150610510858574E-15	7.105427357601002E-15	5.465713352000771E-16	24.88480268867169	10.245740851724065
310	24.906482307966485	3.7562318360281473	1.4210854715202004E-14	1.0150610510858574E-15	1.4210854715202004E-14	1.0931426704001542E-15	24.884802718657305	10.24574085802604
311	24.90648233824964	3.7562318398319587	7.105427357601002E-15	5.075305255429287E-16	0.0	0.0	24.884802738387158	10.245740856406487
312	24.906482358300508	3.7562318334622398	7.105427357601002E-15	5.075305255429287E-16	1.4210854715202004E-14	1.0931426704001542E-15	24.88480276437602	10.245740861951203
313	24.90648238456258	3.756231832623512	2.8421709430404007E-14	2.0301221021717147E-15	1.4210854715202004E-14	1.0931426704001542E-15	24.884802783854035	10.24574086071204
314	24.906482404322986	3.7562318338319707	0.0	0.0	2.1316282072803006E-14	1.6397140056002313E-15	24.88480280782892	10.245740860262877
315	24.906482428542176	3.756231823397717	2.1316282072803006E-14	1.522591576628786E-15	1.4210854715202004E-14	1.0931426704001542E-15	24.884802833129882	10.24574086541851
316	24.906482454064175	3.756231829084995	2.1316282072803006E-14	1.522591576628786E-15	0.0	0.0	24.884802846409833	10.245740863900956
317	24.906482467601236	3.7562318214282047	7.105427357601002E-15	5.075305255429287E-16	0.0	0.0	24.88480286550279	10.24574086805604
318	24.906482486910022	3.756231823080058	1.4210854715202004E-14	1.0150610510858574E-15	7.105427357601002E-15	5.465713352000771E-16	24.884802881536935	10.245740867225281
319	24.90648250315848	3.7562318241520436	0.0	0.0	7.105427357601002E-15	5.465713352000771E-16	24.88480290058085	10.245740866943278
320	24.90648252238927	3.7562318137027995	7.105427357601002E-15	5.075305255429287E-16	7.105427357601002E-15	5.465713352000771E-16	24.88480291969195	10.24574087087055
321	24.906482541673455	3.75623182048266	7.105427357601002E-15	5.075305255429287E-16	7.105427357601002E-15	5.465713352000771E-16	24.884802929729133	10.245740869664548
322	24.9064825519106	3.7562318120785867	1.4210854715202004E-14	1.0150610510858574E-15	7.105427357601002E-15	5.465713352000771E-16	24.884802944728797	10.24574087290974
323	24.906482567076296	3.756231815834341	7.105427357601002E-15	5.075305255429287E-16	1.4210854715202004E-14	1.0931426704001542E-15	24.884802957251296	10.245740872282292
324	24.90648257976411	3.7562318107856365	1.4210854715202004E-14	1.0150610510858574E-15	7.105427357601002E-15	5.465713352000771E-16	24.884802971877683	10.245740875356022
325	24.90648259453556	3.756231812286839	1.4210854715202004E-14	1.0150610510858574E-15	7.105427357601002E-15	5.465713352000771E-16	24.884802981501004	10.245740874566419
326	24.906482604315443	3.756231812811584	7.105427357601002E-15	5.075305255429287E-16	1.4210854715202004E-14	1.0931426704001542E-15	24.884802994173633	10.245740874286117
327	24.90648261712134	3.756231805261657	7.105427357601002E-15	5.075305255429287E-16	1.4210854715202004E-14	1.0931426704001542E-15	24.88480300828219	10.245740877130158
328	24.9064826313474	3.7562318102684893	2.8421709430404007E-14	2.0301221021717147E-15	7.105427357601002E-15	5.465713352000771E-16	24.88480301559497	10.245740876328343
329	24.906482638798515	3.756231804279022	1.4210854715202004E-14	1.0150610510858574E-15	0.0	0.0	24.884803025700364	10.245740878545417
330	24.906482649021477	3.756231807013016	0.0	0.0	2.1316282072803006E-14	1.6397140056002313E-15	24.884803034298315	10.245740878087695
331	24.906482657735516	3.7562318033026734	1.4210854715202004E-14	1.0150610510858574E-15	7.105427357601002E-15	5.465713352000771E-16	24.884803044691424	10.245740880258005
332	24.90648266822914	3.7562318045402097	0.0	0.0	7.105427357601002E-15	5.465713352000771E-16	24.884803051483004	10.245740879716076
333	24.906482675129695	3.7562318024648684	7.105427357601002E-15	5.075305255429287E-16	1.4210854715202004E-14	1.0931426704001542E-15	24.88480306024603	10.245740881592706
334	24.90648268398617	3.756231802083089	2.8421709430404007E-14	2.0301221021717147E-15	7.105427357601002E-15	5.465713352000771E-16	24.884803066844476	10.245740881166046
335	24.90648269068093	3.7562318024896575	1.4210854715202004E-14	1.0150610510858574E-15	7.105427357601002E-15	5.465713352000771E-16	24.88480307505192	10.245740881018735
336	24.906482698971367	3.756231799025867	7.105427357601002E-15	5.075305255429287E-16	7.105427357601002E-15	5.465713352000771E-16	24.884803083685412	10.245740882776797
337	24.906482707680098	3.7562318008814892	2.8421709430404007E-14	2.0301221021717147E-15	1.4210854715202004E-14	1.0931426704001542E-15	24.88480308818744	10.245740882257232
338	24.906482712269778	3.756231798354606	0.0	0.0	1.4210854715202004E-14	1.0931426704001542E-15	24.884803094681565	10.245740883671205
339	24.906482718837445	3.756231798832341	7.105427357601002E-15	5.075305255429287E-16	2.1316282072803006E-14	1.6397140056002313E-15	24.884803100152183	10.245740883389614
340	24.906482724380993	3.7562317991988388	7.105427357601002E-15	5.075305255429287E-16	1.4210854715202004E-14	1.0931426704001542E-15	24.88480310664179	10.2457408832941
341	24.906482730934222	3.75623179572446	0.0	0.0	1.4210854715202004E-14	1.0931426704001542E-15	24.884803113145416	10.245740884630928
342	24.90648273749683	3.756231797949059	7.105427357601002E-15	5.075305255429287E-16	2.8421709430404007E-14	2.1862853408003084E-15	24.88480311656177	10.245740884219957
343	24.906482740981268	3.7562317951703412	4.973799150320701E-14	3.552713678800501E-15	0.0	0.0	24.884803121672427	10.245740885325459
344	24.90648274614849	3.75623179636607	7.105427357601002E-15	5.075305255429287E-16	1.4210854715202004E-14	1.0931426704001542E-15	24.884803125938042	10.245740885111893
345	24.90648275047039	3.756231794730492	2.1316282072803006E-14	1.522591576628786E-15	7.105427357601002E-15	5.465713352000771E-16	24.88480313091808	10.245740886158533
346	24.90648275549983	3.7562317951578987	1.4210854715202004E-14	1.0150610510858574E-15	2.8421709430404007E-14	2.1862853408003084E-15	24.88480313419496	10.245740885889568
347	24.906482758830023	3.756231795336556	2.1316282072803006E-14	1.522591576628786E-15	2.8421709430404007E-14	2.1862853408003084E-15	24.884803138511337	10.245740885794188
348	24.906482763191796	3.7562317928491047	1.4210854715202004E-14	1.0150610510858574E-15	1.4210854715202004E-14	1.0931426704001542E-15	24.884803143316375	10.245740886762782
349	24.906482768036817	3.7562317944705623	7.105427357601002E-15	5.075305255429287E-16	1.4210854715202004E-14	1.0931426704001542E-15	24.8848031458066	10.245740886489692
350	24.906482770574144	3.7562317925144333	7.105427357601002E-15	5.075305255429287E-16	1.4210854715202004E-14	1.0931426704001542E-15	24.884803149247965	10.245740887244718
351	24.90648277405557	3.7562317933618368	1.4210854715202004E-14	1.0150610510858574E-15	7.105427357601002E-15	5.465713352000771E-16	24.884803152176204	10.245740887088848
352	24.906482777023385	3.7562317921819366	1.4210854715202004E-14	1.0150610510858574E-15	7.105427357601002E-15	5.465713352000771E-16	24.88480315571578	10.245740887827981
353	24.906482780597166	3.7562317925197157	0.0	0.0	7.105427357601002E-15	5.465713352000771E-16	24.88480315802868	10.245740887643418
354	24.9064827829472	3.7562317926479656	2.1316282072803006E-14	1.522591576628786E-15	2.8421709430404007E-14	2.1862853408003084E-15	24.884803161013018	10.245740887572822
355	24.90648278596337	3.756231790876098	0.0	0.0	1.4210854715202004E-14	1.0931426704001542E-15	24.88480316435666	10.245740888247648
356	24.906482789334973	3.7562317920372723	7.105427357601002E-15	5.075305255429287E-16	0.0	0.0	24.884803166110174	10.245740888058862
357	24.906482791121356	3.75623179064277	7.105427357601002E-15	5.075305255429287E-16	1.4210854715202004E-14	1.0931426704001542E-15	24.884803168519213	10.245740888586896
358	24.906482793558325	3.756231791265889	2.8421709430404007E-14	2.0301221021717147E-15	1.4210854715202004E-14	1.0931426704001542E-15	24.884803170557063	10.245740888477108
359	24.90648279562383	3.7562317904103892	7.105427357601002E-15	5.075305255429287E-16	7.105427357601002E-15	5.465713352000771E-16	24.88480317302605	10.245740888992904
360	24.906482798116734	3.7562317906764062	1.4210854715202004E-14	1.0150610510858574E-15	2.1316282072803006E-14	1.6397140056002313E-15	24.884803174644652	10.245740888864471
361	24.90648279976125	3.756231790766447	1.4210854715202004E-14	1.0150610510858574E-15	2.1316282072803006E-14	1.6397140056002313E-15	24.884803176730067	10.24574088881535
362	24.906482801868876	3.7562317894987487	7.105427357601002E-15	5.075305255429287E-16	2.1316282072803006E-14	1.6397140056002313E-15	24.884803179063425	10.245740889286388
363	24.90648280422178	3.7562317903399367	2.1316282072803006E-14	1.522591576628786E-15	0.0	0.0	24.884803180287328	10.245740889154462
364	24.906482805468627	3.7562317893354753	7.105427357601002E-15	5.075305255429287E-16	1.4210854715202004E-14	1.0931426704001542E-15	24.884803181970405	10.245740889523317
365	24.90648280717123	3.756231789801259	2.8421709430404007E-14	2.0301221021717147E-15	7.105427357601002E-15	5.465713352000771E-16	24.884803183393842	10.245740889446687
366	24.906482808613966	3.756231789173362	2.1316282072803006E-14	1.522591576628786E-15	2.1316282072803006E-14	1.6397140056002313E-15	24.884803185117683	10.245740889806843
367	24.90648281035447	3.756231789389584	7.105427357601002E-15	5.075305255429287E-16	7.105427357601002E-15	5.465713352000771E-16	24.88480318624783	10.24574088971712
368	24.90648281150274	3.7562317890342	7.105427357601002E-15	5.075305255429287E-16	7.105427357601002E-15	5.465713352000771E-16	24.884803187704364	10.245740890028957
369	24.906482812974772	3.756231788981976	1.4210854715202004E-14	1.0150610510858574E-15	0.0	0.0	24.884803188799204	10.245740889957954
370	24.906482814085585	3.7562317890493495	1.4210854715202004E-14	1.0150610510858574E-15	0.0	0.0	24.88480319016176	10.245740889933412
371	24.906482815461963	3.7562317884629772	2.1316282072803006E-14	1.522591576628786E-15	7.105427357601002E-15	5.465713352000771E-16	24.88480319159617	10.24574089022547
372	24.906482816908877	3.7562317887822565	7.105427357601002E-15	5.075305255429287E-16	8.252243333117804E-10	6.347879487013695E-11	24.88480319151529	10.245740890028909
373	24.90648281687536	3.75623178822761	7.105427357601002E-15	5.075305255429287E-16	7.105427357601002E-15	5.465713352000771E-16	24.88480319341999	10.245740890378496
374	24.906482818758498	3.756231788373918	1.4210854715202004E-14	1.0150610510858574E-15	7.105427357601002E-15	5.465713352000771E-16	24.88480319479894	10.245740890385495
375	24.906482820148383	3.7562317884980936	9.69514246662584E-10	6.9251017618756E-11	8.311360488733044E-10	6.393354222102342E-11	24.884803194725976	10.245740890374936
376	24.906482820123088	3.756231787894465	2.1316282072803006E-14	1.522591576628786E-15	1.4210854715202004E-14	1.0931426704001542E-15	24.88480319649303	10.245740890525655
377	24.906482821866426	3.756231788197463	8.749765356697026E-10	6.249832397640733E-11	1.4210854715202004E-14	1.0931426704001542E-15	24.88480319767534	10.24574089068223
378	24.90648282305809	3.756231788114306	1.4210854715202004E-14	1.0150610510858574E-15	6.479439207396354E-10	4.984184005689503E-11	24.884803197612754	10.245740890379578
379	24.906482823032512	3.7562317873794027	1.4210854715202004E-14	1.0150610510858574E-15	1.4210854715202004E-14	1.0931426704001542E-15	24.884803199060954	10.245740890646662
380	24.906482824463765	3.756231787693772	2.1316282072803006E-14	1.522591576628786E-15	1.4210854715202004E-14	1.0931426704001542E-15	24.884803200127955	10.24574089085931
381	24.90648282553922	3.756231787730357	7.501839149881562E-10	5.358456535629687E-11	3.367404133314267E-10	2.590310871780205E-11	24.884803200071474	10.245740890851142
382	24.906482825508085	3.7562317875086615	1.4210854715202004E-14	1.0150610510858574E-15	1.4210854715202004E-14	1.0931426704001542E-15	24.884803201131078	10.245740890739796
383	24.906482826562225	3.75623178731288	1.4210854715202004E-14	1.0150610510858574E-15	1.4210854715202004E-14	1.0931426704001542E-15	24.88480320233485	10.245740890960567
384	24.90648282777194	3.7562317875932507	6.431761789826851E-10	4.594115564162036E-11	3.765094902519195E-10	2.8962268480916882E-11	24.884803202286385	10.245740890953538
385	24.90648282774857	3.7562317874036455	1.4210854715202004E-14	1.0150610510858574E-15	8.987370847535203E-10	6.913362190411695E-11	24.8848032022404	10.245740890731074
386	24.906482827731487	3.7562317868905017	1.4210854715202004E-14	1.0150610510858574E-15	1.4210854715202004E-14	1.0931426704001542E-15	24.88480320417375	10.245740891043024
387	24.906482829632708	3.7562317872428914	1.4210854715202004E-14	1.0150610510858574E-15	8.244782634392323E-10	6.342140487994094E-11	24.884803204130037	10.245740891089143
388	24.90648282962981	3.7562317871295994	5.514451117960562E-10	3.9388936556861154E-11	6.529248253173137E-10	5.0224986562870284E-11	24.884803204088513	10.245740891083122
389	24.906482829591184	3.7562317869643747	7.105427357601002E-15	5.075305255429287E-16	2.1316282072803006E-14	1.6397140056002313E-15	24.884803205675773	10.24574089110886
390	24.906482831155657	3.7562317869601065	7.105427357601002E-15	5.075305255429287E-16	9.182983262689959E-10	7.063833278992276E-11	24.8848032056383	10.245740891148397
391	24.906482831161128	3.7562317870130975	4.728022418021283E-10	3.377158870015202E-11	8.051728173086303E-10	6.193637056220233E-11	24.884803205602722	10.24574089114325
392	24.90648283112928	3.7562317868716186	9.219576213581604E-10	6.585411581129717E-11	2.8421709430404007E-14	2.1862853408003084E-15	24.884803207210027	10.245740891356743
393	24.90648283270677	3.7562317869669073	7.105427357601002E-15	5.075305255429287E-16	7.873097729316214E-10	6.056229022550934E-11	24.884803207177917	10.24574089112003
394	24.906482832710736	3.7562317866621777	7.105427357601002E-15	5.075305255429287E-16	7.442721994266321E-10	5.725170764820247E-11	24.884803207145794	10.24574089115393
395	24.90648283268422	3.75623178657283	7.105427357601002E-15	5.075305255429287E-16	7.105427357601002E-15	5.465713352000771E-16	24.884803208441085	10.245740891362573
396	24.906482833952566	3.756231786868279	3.850999519272591E-10	2.750713942337565E-11	5.469544817060523E-10	4.207342166969633E-11	24.884803208412116	10.245740891358375
397	24.90648283395067	3.756231786756491	7.509441957154195E-10	5.363887112252996E-11	5.824674076393421E-10	4.4805185203026316E-11	24.884803208384575	10.245740891354387
398	24.906482833930667	3.7562317865012744	7.105427357601002E-15	5.075305255429287E-16	2.1316282072803006E-14	1.6397140056002313E-15	24.88480320958753	10.245740891416357
399	24.906482835112215	3.756231786616224	1.4210854715202004E-14	1.0150610510858574E-15	4.689511001743085E-10	3.607316155186989E-11	24.88480320956267	10.245740891442589
400	24.906482835110587	3.756231786629169	3.1366198527393863E-10	2.2404427519567046E-11	3.2153479878616054E-10	2.473344606047389E-11	24.884803209539058	10.245740891439167
