iteration 	 gap 	 fullGap
0	41.917759999999994	0.0
1	3.0344612297862934	0.7446173619796423
2	3.518007266810807	0.6346572100187614
3	1.9855454854026593	0.7231743812104082
4	1.401042709223667	0.6639666032060755
5	0.9857890571233687	0.6010449926589867
6	0.7100576480965709	0.5519710907603326
7	0.5249061679858482	0.5088551570310752
8	0.40202413319462077	0.4722324420600915
9	0.28922880920319544	0.42234109620423144
10	0.20823199061090686	0.3783120341314541
11	0.1528238916556539	0.3479409091117951
12	0.19073320254209702	0.28144957242115576
13	0.1409407123962845	0.29633518098077505
14	0.10640678757277726	0.29203789760731824
15	0.0894000742806676	0.29002352212734794
16	0.09403475369332293	0.26117701257473125
17	0.0740503775189755	0.26385607011896195
18	0.05971524292391222	0.2659790246531579
19	0.04914470304512849	0.267642471473733
20	0.05409801376803767	0.2557378605602324
21	0.04443833801765943	0.25822417446271706
22	0.03736063700297152	0.2685045473310561
23	0.03462630083683016	0.2687302857769237
24	0.03729536593593617	0.25997273713857905
25	0.031395044099365194	0.263248884283794
26	0.027000580817234377	0.2596332612123504
27	0.0283642311946617	0.25587067110512307
28	0.024283745094037502	0.25827901345798143
29	0.023118608933738443	0.25907434351346403
30	0.020922957618779048	0.26214822485601097
31	0.021880918770204875	0.25997026879558294
32	0.019136822848206586	0.2617233850386299
33	0.019066469224117328	0.26078051038940964
34	0.017310398278503447	0.262201952803923
35	0.017158490445972032	0.2607756335802164
36	0.01534760538913243	0.2633689582254317
37	0.01553767742440307	0.2621422660978202
38	0.014538196819589365	0.26256590120618795
39	0.01366566157721163	0.26291797606848977
40	0.012817755063378402	0.26322319597914423
41	0.012569791711001041	0.26361080500515444
42	0.011873342700921238	0.2638632751046359
43	0.011669457689374543	0.2636426229516936
44	0.01106193363424863	0.2638631122389027
45	0.010886151338174159	0.2641483462647759
46	0.010378827207405749	0.2643337498532242
47	0.010232038219049795	0.2641689162880462
48	0.009811187337793825	0.2646226527998874
49	0.009541748644901895	0.2646166244256315
50	0.00928119540844101	0.2647428446206027
51	0.00904134381058893	0.2648918004436872
52	0.008725041512003595	0.26502254581848883
53	0.008528077580491084	0.26511169231886955
54	0.008345570273601973	0.265230977467102
55	0.008176137596432799	0.26529322613036666
56	0.007944115987403622	0.2654422172406242
57	0.007802380206094701	0.26547081919749005
58	0.0076702559121891575	0.2655372953797903
59	0.0075469319206471035	0.26560290405254317
60	0.007372843152461644	0.2657304707852042
61	0.007268148013563238	0.265743251108709
62	0.007170128208652238	0.2657886567817823
63	0.007028704503216357	0.26591436096684273
64	0.006944726586867798	0.2659278653977455
65	0.006865878074830342	0.26595521562081115
66	0.006749984556779144	0.266058290647298
67	0.006681914768958495	0.2660738151383818
68	0.006617862861593159	0.2660970754029012
69	0.006522214164402359	0.26618115875583137
70	0.006466555156949561	0.2661935062860339
71	0.006414093165406539	0.26621383909721075
72	0.006334687935742485	0.2662847455500119
73	0.006288846368583034	0.26629446206693486
74	0.006218722767653865	0.2663497992029824
75	0.006178542537619713	0.266361874065725
76	0.006140585190036878	0.2663802899982355
77	0.006081911951969928	0.26643200331059436
78	0.006048490236367943	0.26643715859417116
79	0.006016889456557138	0.26645025112180876
80	0.005967616549694672	0.2664964710832952
81	0.005939693827114032	0.2665019918827086
82	0.005895847690189387	0.2665368693210619
83	0.005871128041862084	0.26654456170220675
84	0.00584772511271012	0.2665563832512212
85	0.005810722757997899	0.2665895766436417
86	0.005789940734164394	0.2665926364961315
87	0.005756906039423359	0.26662010902213895
88	0.0057384273756866675	0.26662636577466503
89	0.005720917136385924	0.26663482516984205
90	0.005692934558089961	0.26665991732226135
91	0.005677327175199863	0.2666624037902203
92	0.005652282308063613	0.2666835055511334
93	0.005638357590221663	0.2666881344666343
94	0.005625154329461369	0.26669449560233793
95	0.005603879903583082	0.2667137566698353
96	0.0055920775417591505	0.2667156504757292
97	0.005572999891513406	0.2667317939738556
98	0.005562442520495899	0.2667353038507203
99	0.0055453245889573	0.2667503845531751
100	0.005535871430827565	0.26675262882344997
101	0.005526902828362565	0.2667567051034073
102	0.005512320332653869	0.26677044013862683
103	0.005504279718770425	0.26677183732577703
104	0.005491176962389172	0.26678278037198755
105	0.0054839651632471766	0.2667851172849003
106	0.005477120862411701	0.26678855234229837
107	0.005465942526780968	0.2667988180680301
108	0.0054597967626165145	0.2667997323416198
109	0.005449742690295264	0.266808302140896
110	0.005444222839934238	0.2668101689723724
111	0.005435177313510688	0.26681821451135945
112	0.005430216648213445	0.266819380531095
113	0.005425507461821979	0.26682152837070905
114	0.0054177787586274844	0.26682886833936825
115	0.005413543632255946	0.2668296006273606
116	0.0054065848282845354	0.26683544743814336
117	0.005402775496365159	0.26683668443043596
118	0.00539915866997722	0.2668385098931185
119	0.005393208329959683	0.2668440069955319
120	0.005389952800414186	0.2668444860383551
121	0.005384592391534258	0.26684907759041854
122	0.0053816620282445635	0.26685007112431824
123	0.005376832414611072	0.26685438673302175
124	0.0053741937238171635	0.2668550075024231
125	0.005371688050646993	0.26685615382555616
126	0.005367554981195356	0.26686009475781247
127	0.005365297761260183	0.2668604837414984
128	0.00536157229280154	0.26686362489341453
129	0.005359538920397069	0.26686428636472126
130	0.005356180689956551	0.2668673190242611
131	0.0053543484511392025	0.26686776368063414
132	0.005352608386075682	0.2668685474103347
133	0.005349732875500026	0.2668712865234488
134	0.005348164425646759	0.2668715625605097
135	0.005345571488035841	0.26687375475206043
136	0.005344157815690875	0.26687421168381453
137	0.005341819651234326	0.2668763239969545
138	0.005340545197353788	0.2668766347635797
139	0.005339334771466076	0.26687718104241276
140	0.005337331923554394	0.2668790900677379
141	0.0053362404242449065	0.2668792815293076
142	0.0053344339026307535	0.26688081052448964
143	0.005333449745081003	0.2668811288646905
144	0.00533182032573722	0.2668826018843573
145	0.005330932787301381	0.2668828182183641
146	0.005330089797548742	0.26688319892198076
147	0.0053286936762581725	0.2668845306095641
148	0.005327933291986984	0.26688466382080855
149	0.00532667378443952	0.2668857304634751
150	0.005325987999226563	0.26688595234094814
151	0.005325336612001708	0.2668862817109141
152	0.005324257302522932	0.26688728508272663
153	0.005323669634705352	0.26688737104053406
154	0.0053226958580130735	0.2668882088018024
155	0.005322165782415307	0.26688838858901165
156	0.005321287232703977	0.26688917726294836
157	0.005320809019636512	0.26688928987006577
158	0.005320354789610781	0.266889498140507
159	0.0053196018166336	0.2668902188244414
160	0.005319191969295739	0.26689028913206925
161	0.005318512538266645	0.26689086395686157
162	0.005318142797700163	0.2668909843340299
163	0.005317529758669911	0.26689153961745526
164	0.005317196154016916	0.2668916206147981
165	0.005316642985064382	0.26689210397538576
166	0.00531634199313968	0.2668921904160326
167	0.005316056086341692	0.26689232801956786
168	0.00531558192805727	0.2668927744428027
169	0.005315323918642468	0.26689281552697364
170	0.005314896038025441	0.2668931812895372
171	0.0053146632506117465	0.2668932585990511
172	0.005314442125501239	0.2668933689970687
173	0.005314075343531194	0.266893709303898
174	0.0053138757819934275	0.26689373916313397
175	0.005313544789773383	0.26689402458642464
176	0.0053133647293827305	0.26689408532064063
177	0.005313066044739721	0.26689435340185785
178	0.005312903556312586	0.2668943918304325
179	0.005312749210819317	0.2668944627338
180	0.005312493162262903	0.2668947078609254
181	0.005312353864590879	0.26689473168334865
182	0.005312122787942099	0.2668949273207539
183	0.005311997094524195	0.2668949682721027
184	0.005311788568575006	0.2668951572188768
185	0.005311675137455379	0.2668951847460941
186	0.005311567389477785	0.2668952333902841
187	0.005311388622797026	0.26689540420753655
188	0.005311291376568792	0.2668954212510528
189	0.005311130040935112	0.26689555801850595
190	0.005311042288873419	0.266895586408048
191	0.005310896694635318	0.2668957182615712
192	0.005310817501141	0.2668957375774861
193	0.005310686106539299	0.26689585249002934
194	0.005310614640309835	0.26689587297468276
195	0.005310546753903498	0.2668959056367285
196	0.005310434108539574	0.2668960117585357
197	0.005310372835545147	0.26689602152053615
198	0.005310271172749506	0.2668961084455814
199	0.0053102158808624	0.26689612680585106
200	0.005310163357864786	0.26689615304000536
201	0.00531007620097693	0.2668962339348142
202	0.005310028793529216	0.2668962410212269
203	0.005309950134287897	0.2668963088687841
204	0.0053099073542886965	0.26689632330074586
205	0.005309836367201414	0.2668963870314982
206	0.005309797757831399	0.26689639616195504
207	0.005309761082765777	0.266896413011947
208	0.005309700223497608	0.26689647128873417
209	0.005309667120944293	0.26689647694812746
210	0.005309612193784843	0.26689652346037984
211	0.005309582321593329	0.2668965331931765
212	0.005309532752009004	0.2668965781165903
213	0.005309505791997932	0.26689658465919586
214	0.005309480182466767	0.2668965962220716
215	0.005309437684492137	0.26689663683661735
216	0.005309414569503755	0.26689664088686504
217	0.005309376213744233	0.2668966734062931
218	0.00530935535423811	0.26689668015493284
219	0.005309320739480618	0.26689671150676697
220	0.00530930191341955	0.2668967160985657
221	0.005309284030369931	0.2668967241821657
222	0.0053092543535944664	0.26689675253293765
223	0.005309238212369962	0.26689675535671553
224	0.0053092114280452185	0.26689677807117773
225	0.005309196861748524	0.2668967827859613
226	0.005309172689721566	0.2668968046770641
227	0.005309159543322539	0.26689680788251136
228	0.005309137727932985	0.2668968269650198
229	0.0053091258636600944	0.26689683036638967
230	0.005309114593598147	0.266896835788591
231	0.005309095890349726	0.2668968534103714
232	0.005309085717745575	0.2668968550311389
233	0.00530906883750539	0.2668968694657752
234	0.005309059657514564	0.266896872514069
235	0.005309050937186624	0.26689687686993335
236	0.005309036465058252	0.26689689030348307
237	0.005309028593783626	0.266896891479908
238	0.005309015532363723	0.26689690274682043
239	0.0053090084291809074	0.266896905143139
240	0.0053089966414837896	0.2668969157266198
241	0.0053089902306082334	0.26689691724268627
242	0.0053089795921611475	0.2668969265931369
243	0.005308973806515613	0.26689692827463896
244	0.005308968310615309	0.2668969308972222
245	0.005308959189767263	0.26689693947972293
246	0.0053089542290381	0.266896940280552
247	0.005308945997182527	0.2668969473252012
248	0.005308941520481803	0.2668969488066626
249	0.005308937267938131	0.26689695092825827
250	0.005308930210403483	0.26689695748182996
251	0.005308926371896094	0.26689695805677194
252	0.005308920002296344	0.26689696355010295
253	0.005308916538344698	0.26689696471808955
254	0.005308910789883719	0.26689696987990696
255	0.005308907663535472	0.2668969706195313
256	0.005308904693801603	0.26689697198371976
257	0.005308899765357374	0.266896976703192
258	0.005308897084833282	0.26689697716156335
259	0.00530889263669873	0.266896980928521
260	0.005308890217698281	0.26689698171661
261	0.005308886203369299	0.26689698535482675
262	0.005308884020144566	0.2668969858846799
263	0.005308881946275618	0.2668969868210893
264	0.005308878504571697	0.26689699011039636
265	0.00530887663267627	0.266896990438364
266	0.00530887352639209	0.2668969930720978
267	0.005308871837121352	0.2668969936186327
268	0.005308869033775331	0.2668969961578115
269	0.005308867509155938	0.2668969965296738
270	0.005308864979103065	0.26689699874268125
271	0.005308863603162082	0.2668969991370945
272	0.005308862296132298	0.26689699976600734
273	0.0053088601269962975	0.26689700180978615
274	0.005308858947233022	0.2668970019977148
275	0.0053088569895122775	0.26689700367181557
276	0.005308855924859693	0.26689700402536154
277	0.005308854913515124	0.26689700453054765
278	0.0053088532350707455	0.2668970060885557
279	0.00530885232219021	0.2668970062249857
280	0.005308850807350297	0.2668970075317222
281	0.005308849983545571	0.2668970078096423
282	0.00530884861642489	0.266897009037112
283	0.005308847872907907	0.2668970092129406
284	0.005308847166637741	0.2668970095374441
285	0.005308845994534251	0.266897010659888
286	0.005308845357043417	0.26689701076886596
287	0.005308844299168188	0.26689701166472746
288	0.005308843723872665	0.2668970118521694
289	0.005308842769165936	0.2668970127174386
290	0.005308842249942921	0.26689701284344236
291	0.005308841756726565	0.26689701306614
292	0.005308840938203623	0.26689701384842535
293	0.005308840493021545	0.2668970139264254
294	0.005308839754268707	0.2668970145527936
295	0.005308839352518593	0.2668970146827724
296	0.005308838685811579	0.26689701528665555
297	0.00530883832321904	0.26689701537509414
298	0.00530883772150822	0.26689701590140436
299	0.005308837394274805	0.2668970159952059
300	0.005308837083430575	0.26689701614477757
301	0.005308836567553999	0.26689701663084187
302	0.005308836286976173	0.266897016675536
303	0.005308835821379606	0.26689701707368096
304	0.005308835568178386	0.26689701715776315
305	0.00530883532765487	0.26689701727790927
306	0.005308834928477021	0.26689701764844453
307	0.005308834711370785	0.26689701768089125
308	0.005308834351102436	0.2668970179916679
309	0.005308834155180633	0.266897018057764
310	0.005308833830043212	0.2668970183496888
311	0.0053088336532156576	0.2668970183915055
312	0.005308833359777305	0.2668970186494207
313	0.005308833200193991	0.2668970186958013
314	0.005308833048603083	0.2668970187681393
315	0.005308832797022883	0.2668970190048726
316	0.00530883266019273	0.2668970190269613
317	0.00530883243313325	0.26689701922127573
318	0.005308832309652851	0.2668970192621388
319	0.0053088321923558685	0.2668970193206588
320	0.005308831997686802	0.26689701950142786
321	0.005308831891809602	0.2668970195172867
322	0.005308831716115794	0.2668970196688113
323	0.005308831620569892	0.2668970197010273
324	0.005308831462008509	0.2668970198434082
325	0.005308831375774173	0.2668970198638091
326	0.005308831293859902	0.2668970199014379
327	0.005308831157916859	0.2668970200316174
328	0.0053088310839798	0.2668970200442605
329	0.005308830961285494	0.2668970201481663
330	0.005308830894561466	0.2668970201699046
331	0.005308830783832666	0.2668970202702592
332	0.005308830723612464	0.26689702028487394
333	0.00530883062367814	0.2668970203722564
334	0.005308830569330399	0.266897020387871
335	0.0053088305177045585	0.2668970204127262
336	0.005308830432026159	0.2668970204934359
337	0.005308830385426861	0.26689702050085196
338	0.0053088303080991986	0.2668970205669857
339	0.005308830266046672	0.26689702058095377
340	0.005308830226099675	0.2668970206009038
341	0.0053088301598028095	0.2668970206624418
342	0.005308830123745269	0.26689702066783294
343	0.005308830063910309	0.26689702071944854
344	0.005308830031371092	0.266897020730425
345	0.005308829977371635	0.2668970207789082
346	0.0053088299480035855	0.26689702078585387
347	0.005308829920106639	0.2668970207986716
348	0.005308829873809627	0.2668970208430067
349	0.00530882984862948	0.2668970208473117
350	0.005308829806844456	0.2668970208826972
351	0.005308829784121197	0.2668970208901006
352	0.005308829746410905	0.26689702092427803
353	0.005308829725902371	0.26689702092925505
354	0.005308829706420521	0.26689702093805145
355	0.005308829674089857	0.26689702096895096
356	0.005308829656505638	0.26689702097203183
357	0.005308829627325824	0.2668970209967727
358	0.00530882961145686	0.2668970210019068
359	0.005308829585122389	0.2668970210257595
360	0.00530882957080089	0.26689702102925295
361	0.00530882955719618	0.2668970210354027
362	0.005308829534618363	0.26689702105697244
363	0.0053088295223386	0.2668970210591206
364	0.005308829501961001	0.26689702107640223
365	0.005308829490879297	0.2668970210799888
366	0.005308829472488788	0.2668970210966446
367	0.005308829462487331	0.266897021099083
368	0.0053088294458900195	0.2668970211136019
369	0.005308829436864129	0.26689702111618974
370	0.0053088294282898135	0.26689702112031477
371	0.005308829414059641	0.26689702113372216
372	0.005308829406318509	0.26689702113067093
373	0.005308829392801585	0.2668970211462094
374	0.005308829385450612	0.26689702115083547
375	0.005308829375121768	0.26689702115163594
376	0.005308829366875273	0.2668970211620967
377	0.005308829357556214	0.2668970211692707
378	0.005308829354583058	0.2668970211637024
379	0.00530882934412362	0.2668970211755929
380	0.005308829334186465	0.26689702118529346
381	0.005308829326194214	0.2668970211859132
382	0.005308829323647565	0.26689702118689296
383	0.00530882931512856	0.266897021196703
384	0.005308829308276012	0.2668970211972339
385	0.005308829306090203	0.26689702119314074
386	0.0053088292984037975	0.26689702120637204
387	0.005308829291097352	0.26689702120922265
388	0.005308829285221986	0.26689702120967806
389	0.005308829283351809	0.26689702121457637
390	0.005308829277087441	0.26689702121702064
391	0.005308829272050334	0.2668970212174112
392	0.005308829267268749	0.26689702122626435
393	0.005308829267372526	0.2668970212216727
394	0.005308829262001528	0.26689702122376835
395	0.005308829256901961	0.26689702123261183
396	0.00530882925279938	0.2668970212329298
397	0.005308829248901595	0.2668970212332318
398	0.0053088292471189175	0.266897021238539
399	0.00530882924296289	0.26689702124016057
400	0.005308829239621178	0.2668970212404195
