iteration 	 stepSize
0	0.2
1	0.21000000000000002
2	0.1995
3	0.20947500000000002
4	0.19900125000000002
5	0.19900125000000002
6	0.19900125000000002
7	0.19900125000000002
8	0.19900125000000002
9	0.19900125000000002
10	0.20895131250000004
11	0.21939887812500006
12	0.21939887812500006
13	0.23036882203125006
14	0.21885038092968753
15	0.21885038092968753
16	0.21885038092968753
17	0.21885038092968753
18	0.20790786188320315
19	0.197512468789043
20	0.18763684534959083
21	0.18763684534959083
22	0.17825500308211129
23	0.16934225292800573
24	0.16087514028160543
25	0.16087514028160543
26	0.15283138326752516
27	0.15283138326752516
28	0.15283138326752516
29	0.14518981410414888
30	0.13793032339894143
31	0.13103380722899435
32	0.13103380722899435
33	0.12448211686754462
34	0.12448211686754462
35	0.11825801102416739
36	0.11825801102416739
37	0.11234511047295902
38	0.11234511047295902
39	0.10672785494931106
40	0.1013914622018455
41	0.09632188909175322
42	0.09150579463716556
43	0.08693050490530728
44	0.08693050490530728
45	0.08258397966004191
46	0.07845478067703981
47	0.07453204164318782
48	0.07453204164318782
49	0.07080543956102842
50	0.07080543956102842
51	0.06726516758297699
52	0.06390190920382813
53	0.06070681374363672
54	0.05767147305645488
55	0.054787899403632136
56	0.05204850443345053
57	0.049446079211778
58	0.0469737752511891
59	0.044625086488629645
60	0.04239383216419816
61	0.04027414055598825
62	0.038260433528188836
63	0.03634741185177939
64	0.034530041259190423
65	0.0328035391962309
66	0.031163362236419353
67	0.029605194124598385
68	0.028124934418368466
69	0.02671868769745004
70	0.025382753312577538
71	0.02411361564694866
72	0.022907934864601225
73	0.021762538121371165
74	0.020674411215302606
75	0.019640690654537475
76	0.0186586561218106
77	0.017725723315720067
78	0.016839437149934064
79	0.01599746529243736
80	0.015197592027815492
81	0.014437712426424717
82	0.01371582680510348
83	0.013030035464848306
84	0.012378533691605891
85	0.011759607007025595
86	0.011171626656674314
87	0.010613045323840598
88	0.010082393057648568
89	0.009578273404766139
90	0.009099359734527832
91	0.00864439174780144
92	0.008212172160411368
93	0.0078015635523908
94	0.00741148537477126
95	0.007040911106032697
96	0.006688865550731062
97	0.006354422273194509
98	0.006036701159534783
99	0.005734866101558044
100	0.005448122796480142
101	0.005175716656656134
102	0.004916930823823327
103	0.0046710842826321606
104	0.004437530068500553
105	0.004215653565075525
106	0.004004870886821749
107	0.003804627342480661
108	0.0036143959753566278
109	0.003433676176588796
110	0.0032619923677593564
111	0.0030988927493713885
112	0.002943948111902819
113	0.002796750706307678
114	0.002656913170992294
115	0.002524067512442679
116	0.002397864136820545
117	0.0022779709299795177
118	0.0021640723834805415
119	0.0020558687643065145
120	0.0019530753260911886
121	0.001855421559786629
122	0.0017626504817972975
123	0.0016745179577074326
124	0.0015907920598220609
125	0.0015112524568309579
126	0.0014356898339894098
127	0.0013639053422899393
128	0.0012957100751754423
129	0.00123092457141667
130	0.0011693783428458366
131	0.0011109094257035447
132	0.0010553639544183674
133	0.001002595756697449
134	9.524659688625765E-4
135	9.048426704194477E-4
136	8.596005368984753E-4
137	8.166205100535515E-4
138	7.757894845508739E-4
139	7.370000103233301E-4
140	7.001500098071635E-4
141	6.651425093168053E-4
142	6.31885383850965E-4
143	6.002911146584167E-4
144	5.702765589254959E-4
145	5.417627309792212E-4
146	5.146745944302601E-4
147	4.889408647087471E-4
148	4.644938214733097E-4
149	4.412691303996442E-4
150	4.1920567387966195E-4
151	3.9824539018567883E-4
152	3.783331206763949E-4
153	3.594164646425751E-4
154	3.4144564141044636E-4
155	3.24373359339924E-4
156	3.081546913729278E-4
157	2.927469568042814E-4
158	2.7810960896406734E-4
159	2.6420412851586395E-4
160	2.509939220900707E-4
161	2.3844422598556718E-4
162	2.265220146862888E-4
163	2.1519591395197435E-4
164	2.0443611825437562E-4
165	1.9421431234165683E-4
166	1.8450359672457397E-4
167	1.7527841688834525E-4
168	1.6651449604392798E-4
169	1.5818877124173158E-4
170	1.50279332679645E-4
171	1.4276536604566274E-4
172	1.356270977433796E-4
173	1.288457428562106E-4
174	1.2240345571340005E-4
175	1.1628328292773004E-4
176	1.1046911878134354E-4
177	1.0494566284227637E-4
178	9.969837970016254E-5
179	9.471346071515441E-5
180	8.997778767939668E-5
181	8.547889829542684E-5
182	8.120495338065549E-5
183	7.71447057116227E-5
184	7.328747042604156E-5
185	6.962309690473949E-5
186	6.614194205950251E-5
187	6.283484495652738E-5
188	5.969310270870101E-5
189	5.670844757326596E-5
190	5.387302519460266E-5
191	5.1179373934872527E-5
192	4.86204052381289E-5
193	4.618938497622245E-5
194	4.387991572741132E-5
195	4.1685919941040755E-5
196	3.9601623943988716E-5
197	3.7621542746789275E-5
198	3.574046560944981E-5
199	3.395344232897732E-5
200	3.225577021252845E-5
201	3.064298170190202E-5
202	2.911083261680692E-5
203	2.7655290985966573E-5
204	2.6272526436668243E-5
205	2.495890011483483E-5
206	2.3710955109093087E-5
207	2.2525407353638433E-5
208	2.139913698595651E-5
209	2.0329180136658683E-5
210	1.931272112982575E-5
211	1.834708507333446E-5
212	1.7429730819667738E-5
213	1.655824427868435E-5
214	1.573033206475013E-5
215	1.4943815461512624E-5
216	1.4196624688436991E-5
217	1.3486793454015142E-5
218	1.2812453781314384E-5
219	1.2171831092248665E-5
220	1.1563239537636231E-5
221	1.0985077560754418E-5
222	1.0435823682716698E-5
223	9.914032498580862E-6
224	9.418330873651818E-6
225	8.947414329969227E-6
226	8.500043613470765E-6
227	8.075041432797226E-6
228	7.671289361157365E-6
229	7.287724893099496E-6
230	6.923338648444521E-6
231	6.5771717160222945E-6
232	6.24831313022118E-6
233	5.93589747371012E-6
234	5.639102600024614E-6
235	5.357147470023383E-6
236	5.089290096522213E-6
237	4.834825591696102E-6
238	4.593084312111297E-6
239	4.3634300965057315E-6
240	4.145258591680445E-6
241	3.937995662096422E-6
242	3.741095878991601E-6
243	3.5540410850420205E-6
244	3.3763390307899193E-6
245	3.207522079250423E-6
246	3.047145975287902E-6
247	2.894788676523507E-6
248	2.7500492426973314E-6
249	2.612546780562465E-6
250	2.4819194415343414E-6
251	2.3578234694576244E-6
252	2.239932295984743E-6
253	2.127935681185506E-6
254	2.0215388971262304E-6
255	1.9204619522699186E-6
256	1.8244388546564226E-6
257	1.7332169119236014E-6
258	1.6465560663274211E-6
259	1.56422826301105E-6
260	1.4860168498604975E-6
261	1.4117160073674724E-6
262	1.3411302069990987E-6
263	1.2740736966491437E-6
264	1.2103700118166866E-6
265	1.1498515112258522E-6
266	1.0923589356645595E-6
267	1.0377409888813315E-6
268	9.85853939437265E-7
269	9.365612424654016E-7
270	8.897331803421314E-7
271	8.452465213250248E-7
272	8.029841952587736E-7
273	7.628349854958349E-7
274	7.24693236221043E-7
275	6.884585744099909E-7
276	6.540356456894913E-7
277	6.213338634050167E-7
278	5.902671702347659E-7
279	5.607538117230276E-7
280	5.327161211368762E-7
281	5.060803150800324E-7
282	4.807762993260307E-7
283	4.5673748435972915E-7
284	4.339006101417427E-7
285	4.1220557963465554E-7
286	3.9159530065292273E-7
287	3.720155356202766E-7
288	3.5341475883926273E-7
289	3.3574402089729957E-7
290	3.189568198524346E-7
291	3.0300897885981283E-7
292	2.8785852991682216E-7
293	2.7346560342098105E-7
294	2.59792323249932E-7
295	2.468027070874354E-7
296	2.344625717330636E-7
297	2.2273944314641042E-7
298	2.116024709890899E-7
299	2.010223474396354E-7
300	1.9097123006765362E-7
301	1.8142266856427094E-7
302	1.7235153513605738E-7
303	1.637339583792545E-7
304	1.5554726046029179E-7
305	1.477698974372772E-7
306	1.4038140256541333E-7
307	1.3336233243714265E-7
308	1.266942158152855E-7
309	1.2035950502452124E-7
310	1.1434152977329517E-7
311	1.0862445328463041E-7
312	1.0319323062039888E-7
313	9.803356908937893E-8
314	9.313189063490998E-8
315	8.847529610316448E-8
316	8.405153129800625E-8
317	7.984895473310594E-8
318	7.585650699645064E-8
319	7.206368164662811E-8
320	6.84604975642967E-8
321	6.503747268608187E-8
322	6.178559905177777E-8
323	5.869631909918888E-8
324	5.576150314422943E-8
325	5.297342798701796E-8
326	5.032475658766706E-8
327	4.780851875828371E-8
328	4.541809282036952E-8
329	4.3147188179351044E-8
330	4.098982877038349E-8
331	3.8940337331864314E-8
332	3.69933204652711E-8
333	3.514365444200754E-8
334	3.3386471719907165E-8
335	3.1717148133911806E-8
336	3.013129072721621E-8
337	2.86247261908554E-8
338	2.719348988131263E-8
339	2.5833815387246998E-8
340	2.4542124617884646E-8
341	2.3315018386990414E-8
342	2.2149267467640893E-8
343	2.1041804094258847E-8
344	1.9989713889545905E-8
345	1.8990228195068607E-8
346	1.8040716785315177E-8
347	1.7138680946049417E-8
348	1.6281746898746947E-8
349	1.54676595538096E-8
350	1.469427657611912E-8
351	1.3959562747313163E-8
352	1.3261584609947503E-8
353	1.2598505379450127E-8
354	1.196858011047762E-8
355	1.1370151104953739E-8
356	1.0801643549706051E-8
357	1.0261561372220747E-8
358	9.74848330360971E-9
359	9.261059138429223E-9
360	8.798006181507761E-9
361	8.358105872432373E-9
362	7.940200578810754E-9
363	7.543190549870216E-9
364	7.166031022376705E-9
365	6.8077294712578695E-9
366	6.4673429976949755E-9
367	6.143975847810226E-9
368	5.836777055419714E-9
369	5.544938202648729E-9
370	5.267691292516292E-9
371	5.004306727890478E-9
372	4.754091391495954E-9
373	4.754091391495954E-9
374	4.516386821921156E-9
375	4.2905674808250985E-9
376	4.0760391067838435E-9
377	3.872237151444651E-9
378	3.6786252938724184E-9
379	3.6786252938724184E-9
380	3.4946940291787974E-9
381	3.3199593277198575E-9
382	3.1539613613338643E-9
383	2.996263293267171E-9
384	2.846450128603812E-9
385	2.7041276221736214E-9
386	2.7041276221736214E-9
387	2.56892124106494E-9
388	2.4404751790116927E-9
389	2.318451420061108E-9
390	2.2025288490580525E-9
391	2.09240240660515E-9
392	1.987782286274892E-9
393	1.8883931719611474E-9
394	1.8883931719611474E-9
395	1.79397351336309E-9
396	1.7042748376949355E-9
397	1.6190610958101887E-9
398	1.5381080410196791E-9
399	1.461202638968695E-9
400	1.3881425070202602E-9
