iteration 	 master_max 	 master_avg 	subnet_0_max 	 subnet_0_avg 	subnet_1_max 	 subnet_1_avg 	full_max 	 full_avg
0	8.99428047659967E-4	1.44781062785013E-4	80.3490942208075	14.957914100396648	111.62092775067629	26.733982676971873	1463.4594073567096	828.8968925446494
1	0.0693155524818394	0.024050679245798772	13.2195801745047	3.082294574003162	20.34878658591697	4.060052191064749	1395.4313487434192	668.8070836940549
2	0.08876339924199783	0.021191011326171367	1.552249239656021	0.42812548464290584	3.4583117456584205	0.6940691597645271	1342.7844544297914	640.735476499169
3	0.0032813452680784394	7.787470993889656E-4	0.19188739607898242	0.05313297798101614	0.577360285546547	0.11361417159982762	1267.6395664697775	622.9939184039243
4	9.722048662297311E-4	2.280239798058877E-4	0.015407687480546883	0.004089915604097206	0.05899352994185847	0.012970432803459223	1168.581674150606	478.94479535351945
5	0.0010541698129600263	2.502811504427882E-4	0.0012971709056728287	3.324105760584368E-4	0.004352281834599125	7.979432475524156E-4	1079.884994563632	429.20725766378695
6	8.819467052489927E-4	1.875554733790826E-4	9.984394964703824E-4	2.0030132549063404E-4	0.009947484745453039	0.0016534090561637843	997.7593439502889	449.4747062324691
7	8.997495606308803E-4	2.103434429348757E-4	9.993704320550023E-4	2.166067250565599E-4	0.006411945704144273	0.0010062110129899233	922.1593538318193	413.5282627692502
8	9.134657257163781E-4	2.3641519559684335E-4	9.737039615629328E-4	1.9432923227836847E-4	0.0036365474786634877	6.465763372593532E-4	852.8691740182294	389.25362950224974
9	9.952298837561102E-4	2.719647208853833E-4	9.938064529251278E-4	2.078820485691166E-4	0.0014852740566766442	2.9556801941161306E-4	788.8301290159907	385.4880456445858
10	9.172214763566444E-4	2.5425941089451953E-4	9.649591884226538E-4	2.0891371077901404E-4	0.001207441370752349	2.0426350021125473E-4	724.2563531128399	335.6284924339572
11	9.836571261985227E-4	2.7015452633349923E-4	9.828517322603147E-4	1.9643265043909095E-4	9.915569521581347E-4	1.909716316926996E-4	664.8597304288705	326.315989178487
12	9.69832188275177E-4	2.631907664939111E-4	9.80029924221526E-4	2.508867396989621E-4	9.9828314705519E-4	1.8244141646543235E-4	610.5871905653003	289.09303120925944
13	9.179146659334947E-4	2.58403808326572E-4	9.958010807622486E-4	2.4468614790578157E-4	9.997268334700493E-4	1.9460817016372301E-4	560.961228467233	260.9114516177459
14	9.740179011714645E-4	2.243786987795223E-4	9.998740745231771E-4	2.278119500658704E-4	9.889110799576883E-4	2.1739097182516147E-4	515.8846660808958	238.52611670546233
15	9.445310315641109E-4	2.492822087250798E-4	9.803980883589247E-4	2.2679613187626796E-4	9.88466232229257E-4	1.8723493448962673E-4	473.42968033493526	232.0231642531388
16	9.306418105552439E-4	2.5191155439394856E-4	9.810070150706451E-4	1.6083791944067238E-4	9.988386591430753E-4	1.7973271515708548E-4	432.60264193973853	214.82500401630298
17	9.50482698954147E-4	2.541336429699599E-4	9.796719193673198E-4	1.6039162092705998E-4	9.802109470911091E-4	1.6521894496423874E-4	397.01021619652965	202.43253010475448
18	9.048264182638377E-4	2.4551370994562274E-4	9.806028738239547E-4	2.0186496744963056E-4	9.956233825505478E-4	1.9021065406648984E-4	370.56407213669445	182.04748084176762
19	9.979253904930374E-4	2.6144314791632826E-4	9.869649543361447E-4	1.916973498807425E-4	9.718262335809413E-4	1.577410082738366E-4	347.97602424298384	167.31911568517086
20	8.966558780230116E-4	2.243509686856917E-4	9.886710213322658E-4	1.7244580896626108E-4	9.925441119094103E-4	2.3019338613737585E-4	327.926239320328	160.6183815634453
21	9.825236857068376E-4	2.688516157666692E-4	9.900565848965925E-4	2.4324293310051814E-4	9.885963936540065E-4	2.3812914189773375E-4	310.2352058786564	140.519682115136
22	9.366238809889182E-4	2.3590738791509384E-4	9.766520288394531E-4	1.9867525405978028E-4	9.758511364452715E-4	2.1974832805158183E-4	294.18490463973285	132.6666120694691
23	9.334310416306835E-4	2.4359635368785928E-4	9.908016977533407E-4	1.5935905510279833E-4	9.818029211601242E-4	2.2661436588487772E-4	279.5339825605406	125.96513792447163
24	9.998611494665965E-4	2.666456605518099E-4	9.715211381262634E-4	1.737689920376749E-4	9.887207634164952E-4	2.410796654449938E-4	266.141877775357	114.67517256154208
25	9.7756376817415E-4	2.7139336270920467E-4	9.834487318585161E-4	1.7588162203747534E-4	9.714740190247539E-4	2.407730410025471E-4	253.93949386955865	108.38655017379446
26	9.820173145271838E-4	2.651083905634137E-4	9.942222204699647E-4	2.1468961577623318E-4	9.839476206252584E-4	2.4274056610220358E-4	242.61250191010186	102.0260853189805
27	8.833534166114987E-4	2.563638833469833E-4	9.984550854369445E-4	2.4191384809491012E-4	9.903503851091955E-4	2.2606409040122345E-4	232.10548594687134	97.85086291125552
28	9.572800267960702E-4	2.9407070021327604E-4	9.902017820877518E-4	2.2352779417396672E-4	9.964111559384037E-4	3.038745449584569E-4	222.40996189441648	90.66325169686341
29	9.15268999960972E-4	2.6077565288770444E-4	9.890269349170921E-4	2.2926745208451393E-4	9.943326676875586E-4	3.2698158158757254E-4	213.50175608507197	89.24655666790566
30	9.447165321034845E-4	2.4585916790701134E-4	9.742154052219121E-4	2.0423904646071195E-4	9.460565213430527E-4	2.1729197427803384E-4	204.91823981160996	83.62128997976752
31	9.557589510222897E-4	2.396361971725789E-4	9.412989518295944E-4	2.3009923954182414E-4	9.656368874857435E-4	2.484520562309929E-4	196.9990059895208	83.91821160154005
32	9.880679863272235E-4	2.4108224298205724E-4	9.746902933329693E-4	2.2216050801069707E-4	9.741575631778687E-4	2.454667174276892E-4	189.57300687053066	80.6011950844338
33	9.613533111405559E-4	2.4737905939466805E-4	9.716682816360844E-4	2.2337717908228044E-4	9.740923346726049E-4	2.635798745363206E-4	182.6557507101461	76.27724321770069
34	9.430843274458311E-4	2.3483421062502947E-4	9.733270568403896E-4	2.3228983405587655E-4	9.845201329881093E-4	2.3955947972173442E-4	176.1910425887654	72.18055589374316
35	9.819462356972508E-4	2.3965129962148652E-4	9.934396900916909E-4	2.304281864282876E-4	9.897118070512079E-4	2.3115875465266306E-4	170.14316806125134	71.26079205133662
36	9.225303074344993E-4	2.3968196761746765E-4	9.886428942991188E-4	2.2574510010552114E-4	9.91849862430172E-4	2.3111690070057496E-4	164.45228151294577	72.5437283170541
37	9.223643282894045E-4	2.3749894320313945E-4	9.978047837648774E-4	2.7055387431573763E-4	9.83271777158734E-4	2.2833189056994236E-4	159.06308553912095	67.94580059882837
38	9.122049086727202E-4	2.3068873422909581E-4	9.885197626999798E-4	2.4046109825957428E-4	9.898500180725023E-4	2.5318536684461817E-4	153.96723926335835	65.02377586395893
39	9.886110165098216E-4	2.8894047223233923E-4	9.485268016078408E-4	2.345119943169739E-4	9.941065745806554E-4	2.539542167537861E-4	149.15208832606731	66.47051473058173
40	9.830538206188066E-4	2.8696035248933845E-4	9.903465061142924E-4	2.4967224518156346E-4	9.949400177902135E-4	2.452367075136408E-4	144.56300301260853	60.95344196456623
41	9.190148412017152E-4	2.500508335701439E-4	9.540622959320899E-4	2.4412504667318846E-4	9.661699332355056E-4	2.6720499017679006E-4	140.21880551905633	56.230841169931004
42	8.893763188098092E-4	2.463948901343181E-4	9.560376157651262E-4	2.243614039090075E-4	9.89676747849444E-4	2.1547041407595348E-4	136.07778738893103	55.59617095176055
43	9.7746575193014E-4	2.5227977365912835E-4	9.7879925124289E-4	2.3508018267332572E-4	9.992859268095344E-4	2.0539428724005698E-4	132.12594464589347	57.494809875204595
44	9.260570514015853E-4	2.425161448462115E-4	9.852066214079969E-4	2.2437275650919554E-4	9.786661230464233E-4	1.9948227764311573E-4	128.27322178496252	54.10874623641081
45	8.849891637510154E-4	2.469829719716059E-4	9.982679130189354E-4	2.410716812211258E-4	9.9995320852031E-4	2.0017785111825503E-4	124.86967822674342	51.827386148432474
46	9.856308170128614E-4	2.5527479089181395E-4	9.739913912198972E-4	2.2917107679242614E-4	9.921946530084824E-4	1.9017995741061027E-4	121.52465190050134	49.96245000555371
47	9.316775358456653E-4	2.4713536897086834E-4	9.953738717740634E-4	2.4155125410245732E-4	9.903487607516581E-4	1.934486727200984E-4	118.26135883778261	48.327532865865976
48	9.765241957211401E-4	2.4738817761648204E-4	9.610281886125449E-4	2.1411407662120887E-4	9.757977040862897E-4	1.8340800306929458E-4	115.1044272874642	46.525640907382154
49	9.960620373021811E-4	2.566897956057801E-4	9.937011873262236E-4	2.260758284491102E-4	9.974251080393515E-4	1.9646291722417365E-4	112.0583262345317	45.120176362189994
50	9.580333280609921E-4	2.493827620872418E-4	9.736970656604171E-4	2.3594594241606334E-4	9.902662903868986E-4	1.920274628017965E-4	109.12843508657534	42.25193582762311
51	9.95019610854797E-4	3.3039618549744114E-4	9.921190048771678E-4	2.455219475360908E-4	9.980395043385215E-4	2.4433522749258357E-4	106.30084605153752	43.72189380477287
52	9.94672146589437E-4	3.3287108482744026E-4	9.916801943745668E-4	2.3865324061489446E-4	9.917887342680842E-4	2.5007077565167686E-4	103.4776912270172	41.30190550175515
53	9.675860492279753E-4	3.219068397894179E-4	9.88722349575255E-4	2.5998178261164715E-4	9.99704105197452E-4	2.505133765351212E-4	100.58346006357169	41.54421828301254
54	8.851043894537725E-4	2.7290025743489173E-4	9.943487948476104E-4	2.555339535346307E-4	9.935732956591892E-4	2.469534972473603E-4	97.9012387445946	37.9979402601709
55	9.829594782786444E-4	2.945345256441876E-4	9.84851181783597E-4	2.535821713502842E-4	9.865715892374283E-4	2.5185878868958227E-4	95.59385007598758	35.45999529894652
56	8.690705144545063E-4	2.813666003682804E-4	9.658826911618235E-4	2.228339995256008E-4	9.961531777662458E-4	2.5341438591089296E-4	93.40057473164416	35.20016218845511
57	8.871900026861113E-4	2.6888943631836975E-4	9.805019435589202E-4	2.3809107670436734E-4	9.966709246782557E-4	2.592368124396671E-4	91.20669729762812	32.45227178012455
58	9.98649333268986E-4	3.327865452692177E-4	9.882550093607279E-4	2.5120572609986475E-4	9.870648951846306E-4	2.570205553683245E-4	89.14179271952526	31.17031520888947
59	9.273270406993106E-4	2.50504768576899E-4	9.874882925942075E-4	2.4227895606665178E-4	9.907297044264851E-4	2.8231503547862427E-4	87.10304405438	30.013066167685032
60	9.732876537782431E-4	3.368990555000809E-4	9.957425368156692E-4	2.367557198409565E-4	9.98190422251355E-4	2.505361972821604E-4	85.10457433111515	29.050992912370827
61	9.755537398632441E-4	3.4386501639263855E-4	9.911713323162985E-4	2.3398042996702737E-4	9.967709011107218E-4	2.441802942666211E-4	83.15659661350946	28.489816714137298
62	9.711563761811703E-4	3.276777565588418E-4	9.813383658183739E-4	2.4740175455560475E-4	9.866699065241846E-4	2.2494052902708123E-4	81.26276673280518	27.62854973384877
63	9.405193559359759E-4	3.256043589152052E-4	9.985884444176918E-4	2.336073848725942E-4	9.877608690658235E-4	2.1112777277259174E-4	79.42341821356968	27.522315673225968
64	9.784009598661214E-4	3.2986805771625683E-4	9.989213758672122E-4	2.4633373804616883E-4	9.652699864091119E-4	2.0525996138568794E-4	77.63849821444819	25.856258065672964
65	9.564463180140592E-4	3.263311828050064E-4	9.973290229936538E-4	2.4086234597781595E-4	9.968248450604733E-4	2.2177232499741097E-4	75.90718966987333	26.462397744208307
66	9.595483602424792E-4	2.7981202072169253E-4	9.328769174317131E-4	2.2877345732825105E-4	9.954303718586743E-4	1.911780728040044E-4	74.1632823706168	25.948713221451026
67	9.126331788138486E-4	2.2504438557765147E-4	9.794575889827684E-4	2.1456087546084746E-4	9.917699475181507E-4	1.8840875513557963E-4	72.47967603422876	24.549049766093663
68	8.944884571064904E-4	2.4669450476721977E-4	9.923842117132153E-4	2.445081936346898E-4	9.961516597059017E-4	2.259071151721441E-4	70.83830725967346	24.45654449573176
69	9.161088455584832E-4	2.21122921781595E-4	9.875103837657662E-4	2.431907317573014E-4	9.897558500142623E-4	2.675995268129389E-4	69.3633157341792	22.999648953991166
70	9.285146297770552E-4	2.3178925816106735E-4	9.84227269668736E-4	2.348113131347418E-4	9.80715531113674E-4	2.967007575341885E-4	67.93597445965497	21.755125235166602
71	9.331454384664539E-4	2.4220129644921448E-4	9.90146418189397E-4	2.2367653166640311E-4	9.518656970612938E-4	2.961553908925044E-4	66.55566125836049	21.478906727431067
72	9.939342126017436E-4	2.2482365689787306E-4	9.999994890677044E-4	2.3897173976235666E-4	9.785376769286813E-4	3.2242566704647236E-4	65.23420299360441	21.04394863412686
73	9.988092388084624E-4	2.687537067534625E-4	9.888885942928027E-4	2.528687845734938E-4	9.595102242201392E-4	2.9664399746845004E-4	63.957559872091224	21.768598456756013
74	9.061485125130275E-4	2.4127847549001066E-4	9.950808021130797E-4	2.371544380385374E-4	9.844178257480962E-4	2.825560107665487E-4	62.73414263901941	19.904046715792493
75	9.067858336493373E-4	2.1687251197969695E-4	9.949748643975909E-4	2.32994580203792E-4	9.87868133961456E-4	2.6789076162839697E-4	61.592725220802095	20.178278694316536
76	9.805021982174367E-4	2.7821188340719044E-4	9.977658270372558E-4	2.272845507368023E-4	9.999505364248762E-4	2.8737398043909677E-4	60.47530886012464	19.84413422885921
77	9.866345058071602E-4	2.750817724290755E-4	9.851464053554082E-4	2.3161822746997003E-4	9.918684118019883E-4	2.923648332543135E-4	59.38629837462213	19.451059202235232
78	9.762353729456663E-4	2.47925084901605E-4	9.872923412785894E-4	2.0836704122818964E-4	9.570801565814691E-4	3.0392597600706827E-4	58.32476538890114	18.96901745024527
79	9.922558901962475E-4	2.772569056332941E-4	9.93514537867668E-4	2.1114613633017144E-4	9.624330832593841E-4	2.640460899398101E-4	57.2958998332324	18.599178324003102
80	9.206763934344053E-4	2.4500013936782733E-4	9.848012086877134E-4	2.146916245535706E-4	9.760298835317371E-4	3.1100274636496647E-4	56.30203101647203	17.928842498015644
81	9.141593836829998E-4	2.4531724128943705E-4	9.809068469621707E-4	2.386304907009668E-4	9.58826198711904E-4	2.671350724349796E-4	55.332474641698354	17.488497239270426
82	9.109517050092109E-4	2.1166427488121067E-4	9.937479825339324E-4	2.2653177629545346E-4	9.942780018263875E-4	2.592158465084037E-4	54.401336886090576	16.579214535360197
83	9.914453476085328E-4	2.8109129796879034E-4	9.803443393820999E-4	2.4403216319355024E-4	9.948301969870954E-4	2.9556156127007264E-4	53.479868807924504	17.08079911498827
84	9.003603154269513E-4	2.3638026933288833E-4	9.82610847131582E-4	2.2572272371382802E-4	9.852178202436335E-4	2.697695158832068E-4	52.607607090125384	17.082449856516355
85	9.142535636783578E-4	2.45143122204657E-4	9.992872249995344E-4	2.27202619296256E-4	9.97691688098712E-4	2.299549484238834E-4	51.773203884160466	15.602621659970279
86	9.468239986745175E-4	2.6672250665645453E-4	9.98898156467476E-4	2.28661038443386E-4	9.791590691747842E-4	2.3511082071481852E-4	50.9401120605944	16.180243006399962
87	9.735828352859244E-4	2.70378509829546E-4	9.689320695542847E-4	2.1561860354137174E-4	9.954619454219937E-4	2.835284053016299E-4	50.135740069403255	15.226982466655105
88	9.522122054477222E-4	2.3233885417539568E-4	9.792754976842843E-4	2.2804537414943202E-4	9.942399556166492E-4	2.537568836691448E-4	49.36963603626282	16.52427118512513
89	9.081914031412452E-4	2.2649966084979192E-4	9.980835396845578E-4	2.1914546970941268E-4	9.695314711279934E-4	2.482407552179211E-4	48.605357494026975	15.443160635656621
90	9.694996006146539E-4	2.5606007610197895E-4	9.906156155921053E-4	2.0885175783214927E-4	9.838284331635805E-4	2.613772862704918E-4	47.85447821343041	14.960307476193142
91	9.74403963482473E-4	2.2213698601566043E-4	9.875805069441412E-4	2.3273626610968053E-4	9.745848692546133E-4	3.0796078969258034E-4	47.10083680109892	15.056866137728456
92	9.677826965344138E-4	2.2447743659389138E-4	9.958283284277059E-4	2.2479493793525762E-4	9.996118183153158E-4	2.914148901611822E-4	46.39170045432911	14.694699822950803
93	9.813385477173142E-4	2.1100293584671212E-4	9.942530870148403E-4	2.2226667467419392E-4	9.79231610244824E-4	2.488275041914804E-4	45.72190886443059	14.347555956812469
94	9.504534427833278E-4	2.1213630357882116E-4	9.857286341912186E-4	2.2153818589879236E-4	9.909733754511763E-4	2.5294090581675326E-4	45.04667950220755	12.795560176719919
95	8.912817279451701E-4	2.0822100357994108E-4	9.993588801080477E-4	2.1207164783889867E-4	9.833510739554185E-4	2.872818376887845E-4	44.372477013705065	13.001914040243324
96	9.148246208496857E-4	2.0301969963535763E-4	9.936094102158677E-4	2.3141897125987675E-4	9.996865446737502E-4	2.9017756131679564E-4	43.7308759604457	13.272474806473205
97	9.247296288776852E-4	2.1342517826875942E-4	9.87201676366567E-4	2.106221336284201E-4	9.601109013601672E-4	2.5354175090961837E-4	43.12972973424985	12.857244135309537
98	9.811740624172671E-4	2.413631732072948E-4	9.843195057328558E-4	2.183398743953704E-4	9.727924298204016E-4	2.499992682243958E-4	42.51294394975048	13.386237000094427
99	9.196435212288634E-4	2.1547420328715816E-4	9.952364742957798E-4	2.0931742949570646E-4	9.632179353502579E-4	2.4284385413985936E-4	41.92228259188778	13.258071522005185
100	9.414219675818458E-4	2.2326626492485957E-4	9.92548934846127E-4	1.943477740127264E-4	9.927357331207531E-4	2.302392434484425E-4	41.3377692906397	12.288154062435447
101	9.886802085929958E-4	2.3138271967582114E-4	9.759917991232214E-4	2.2164604605113967E-4	9.966961752070347E-4	2.70367904979882E-4	40.75341166880753	12.212356802405846
102	9.83142377663171E-4	2.1832757719645693E-4	9.762605365040145E-4	2.0777191525822884E-4	9.994565280067036E-4	2.8486856659052745E-4	40.18459198167693	11.555999582076234
103	9.914520705933683E-4	2.09920431871069E-4	9.829489429193927E-4	2.1087736825530268E-4	9.790860350449293E-4	2.497737902350157E-4	39.65287836144853	12.109244032148222
104	9.754115012583497E-4	2.2795181428136857E-4	9.992987070290837E-4	2.1259403860312886E-4	9.890017765883385E-4	2.4668700580497845E-4	39.126131765253376	11.853718343661557
105	9.949869900083286E-4	2.1842122422791968E-4	9.992426524831899E-4	1.9621176139289194E-4	9.893185397231719E-4	3.028543782517902E-4	38.58542267708981	11.60262801237909
106	9.434183994017076E-4	2.2838701787956475E-4	9.43777567727011E-4	1.956571302328156E-4	9.678710159732873E-4	2.874000767220218E-4	38.08207246399979	11.024623419621228
107	9.976464471037616E-4	2.3371140029363838E-4	9.97404450799877E-4	1.979455618925074E-4	9.856874632987456E-4	2.9193157697624184E-4	37.59306409244164	11.498152393510603
108	9.529800045129377E-4	2.111475101855831E-4	9.654857801706385E-4	2.1172503763770928E-4	9.503838391538011E-4	2.844519455903268E-4	37.12006297488551	11.343697135765158
109	9.86102233582642E-4	2.3170692080990798E-4	9.757796295843946E-4	2.1193316244179721E-4	9.694026241504616E-4	2.670742169259808E-4	36.662482199630176	11.057523243178258
110	9.948914866981795E-4	2.2017330949590055E-4	9.756256044965994E-4	1.960551709589068E-4	9.94392317807069E-4	2.785599619182647E-4	36.206518264832994	10.606020442730905
111	9.605548875697423E-4	2.1868439421268704E-4	9.759435160958674E-4	2.178952872077709E-4	9.686830544524128E-4	2.584870592556854E-4	35.76496293877062	9.922202259311915
112	9.236321848220541E-4	2.1309877941651698E-4	9.828257295794174E-4	1.984617397315752E-4	9.399935224791989E-4	2.6291973103005666E-4	35.32451923085682	10.189980152279901
113	9.527951697236858E-4	2.0027990126436634E-4	9.653817578509916E-4	1.7159040493684838E-4	9.804354940570192E-4	2.344562240750747E-4	34.89323907579819	10.24883562751535
114	8.988486742964596E-4	1.973790200887985E-4	9.560353246342856E-4	1.697918870825611E-4	9.421220929652918E-4	2.543169929167026E-4	34.45870605713935	9.868581464733278
115	9.234338581336488E-4	2.0943665678411585E-4	9.778114726941567E-4	1.6361242334791574E-4	9.922010958689498E-4	2.6322792861383675E-4	34.03203677048077	9.957805219608005
116	9.165156611743441E-4	2.083064576557566E-4	9.972489551728358E-4	1.8412850253503486E-4	9.87054121651454E-4	2.679280476454353E-4	33.61823234660915	10.069003220396457
117	9.268294279536349E-4	2.1467478366806367E-4	9.603036801308917E-4	1.958231267925233E-4	9.731740321967663E-4	2.5436300215816396E-4	33.214237263120594	9.365090349370725
118	9.701929375296459E-4	2.2880219095592716E-4	9.712006358313374E-4	1.8827553433636368E-4	9.740839814185165E-4	2.545917958416664E-4	32.82057992113914	9.300703213124958
119	9.640578878133965E-4	2.222123216976494E-4	9.894975482893642E-4	1.6547939801674666E-4	9.656911115598632E-4	2.5551482335982735E-4	32.43644900099389	9.786161519304645
120	9.74646735812712E-4	2.1720670023720837E-4	9.588337146624326E-4	1.7897008996377347E-4	9.785867969185347E-4	2.497504870487473E-4	32.05926384369377	9.857337979524171
121	9.182115732073726E-4	2.0738989007895725E-4	9.752538062457461E-4	1.8721316797293893E-4	9.45808962569572E-4	2.468989638503315E-4	31.694511651137873	8.80592357684582
122	9.394118605996482E-4	2.0304302715127656E-4	9.71265978023439E-4	1.9793784331503567E-4	9.465831008128589E-4	2.4884779639372756E-4	31.33519851604069	8.932809272499018
123	9.972941697924398E-4	2.2311714591675505E-4	9.869567514897426E-4	1.928504283277632E-4	9.833090981601345E-4	2.544814607956271E-4	30.98187360866723	8.681644189038582
124	9.572834533173591E-4	2.217648399588749E-4	9.814395907596918E-4	1.8926542396652875E-4	9.853431965893833E-4	2.5247751656252147E-4	30.634996541615692	9.01341774925116
125	9.733102451718878E-4	2.2212618455341726E-4	9.957163297258376E-4	1.8161302695950276E-4	9.695053322502645E-4	2.521760691251984E-4	30.294472511399363	8.963811769362914
126	9.66580930253258E-4	2.122695352682058E-4	9.540898081468185E-4	1.615531265583867E-4	9.882113517960533E-4	2.672588386082904E-4	29.96009568817317	8.38632964322678
127	9.985899741877802E-4	2.1618430787384568E-4	9.805425713693694E-4	1.7704700958947543E-4	9.88890804364928E-4	2.6293199854917737E-4	29.626795001138817	8.315361698749788
128	9.212261829816271E-4	2.1317926818179936E-4	9.890331275528297E-4	1.7665668854447545E-4	9.892324278553133E-4	2.5640597059701755E-4	29.305829911238106	8.529295088988134
129	9.024141290865373E-4	2.1403964645590653E-4	9.48990131746541E-4	1.5852028690233055E-4	9.92229903658881E-4	2.58420727578011E-4	28.98988695301523	8.453445721352123
130	9.678014976088889E-4	2.196780441560501E-4	9.827587247173142E-4	1.7824759067258816E-4	9.95174585341374E-4	2.6693082734716194E-4	28.679253371083178	8.382811785589139
131	9.697503301140387E-4	2.1661032246811374E-4	9.563749842982361E-4	1.6561724421412568E-4	9.97810286207823E-4	2.6938800269455396E-4	28.36845123636158	7.9094176882716285
132	9.545993743813597E-4	2.1835818237529261E-4	9.831503068653547E-4	1.6511935462870965E-4	9.867723279057827E-4	2.5519402051506456E-4	28.06971386866644	8.220432619734463
133	9.220067163369094E-4	2.034815141769286E-4	9.520156941107416E-4	1.7336152214435666E-4	9.650051695189177E-4	2.467313296035302E-4	27.770182889413263	8.063013437185836
134	9.40126652494655E-4	2.2407639486724898E-4	9.743375958350953E-4	1.7183916565020448E-4	9.857946424745023E-4	2.502322583950445E-4	27.47668508303832	7.685780930428341
135	9.662111224315595E-4	2.266872380687346E-4	9.727540182211669E-4	1.832768229519388E-4	9.573387851560256E-4	2.493962704160156E-4	27.18877828717814	7.944476455661474
136	9.903453828883357E-4	2.0964527197975258E-4	9.685059612820623E-4	1.7248876214163525E-4	9.795510289904996E-4	2.464293338347936E-4	26.905809338815743	7.1048150292666525
137	9.316489054072008E-4	2.1001130157098183E-4	9.9434777996521E-4	1.8003193544438844E-4	9.979553888115333E-4	2.482860336891059E-4	26.627895204394008	7.780388619232334
138	9.84936148597626E-4	2.273142731231322E-4	9.966927154891891E-4	1.7380252236718106E-4	9.762516983755631E-4	2.557091127243045E-4	26.359524086878082	7.353606465130015
139	9.409930253241328E-4	2.2330254675277197E-4	9.92046867395402E-4	1.856248725780952E-4	9.820357372518629E-4	2.5542799021983177E-4	26.08923628460252	7.562626659167599
140	9.923099787556566E-4	2.3220385033558463E-4	9.702388122150296E-4	1.6425229729823818E-4	9.681159790488891E-4	2.4599320514920797E-4	25.82427379429282	7.530557268496118
141	9.986404911614954E-4	2.446465682623966E-4	9.898637810010769E-4	1.9088494852136743E-4	9.80432956794175E-4	2.5769313177975624E-4	25.564338581840275	7.428647577120669
142	9.34348841838073E-4	2.0208314409349745E-4	9.764021524460986E-4	1.6433877336870259E-4	9.980867744161515E-4	2.6492509499576045E-4	25.30858328271279	7.380567148897816
143	9.260853571504413E-4	2.0871954707975723E-4	9.859424858404964E-4	1.7835054028471467E-4	9.510698582744226E-4	2.542635221817256E-4	25.057255751318735	6.848107338045241
144	9.136137155110191E-4	2.1952271970349102E-4	9.849449215835193E-4	1.7554287830221624E-4	9.857032791842357E-4	2.551570029135658E-4	24.810145984574774	6.9171297176234985
145	9.580723490216769E-4	2.071379906283255E-4	9.869046280073235E-4	1.6527161787778183E-4	9.749010405357694E-4	2.3591611233993152E-4	24.566848703470896	6.872307011248578
146	9.873355520539917E-4	2.1469798233889983E-4	9.825670427972E-4	1.6999918991435456E-4	9.991099414037308E-4	2.6613257969810384E-4	24.33282428140228	7.096743285935302
147	9.96459617454093E-4	2.1832230489356638E-4	9.672236792539479E-4	1.6910091821197663E-4	9.882233025564346E-4	2.616815450434227E-4	24.095858489425154	7.07861213361313
148	9.23210711334832E-4	2.214699223941352E-4	9.834441081011391E-4	1.8007188412860298E-4	9.98993058715314E-4	2.517555334818916E-4	23.86388925584106	6.703511329169914
149	9.656779084252776E-4	2.0124285716368226E-4	9.913195772242034E-4	1.8343796884246822E-4	9.670957406342495E-4	2.538552718869655E-4	23.64081610298308	7.128300483035413
150	9.724890396682895E-4	2.006405116693107E-4	9.820937684708042E-4	1.8936143621979445E-4	9.80896675173426E-4	2.577691750650996E-4	23.41996353397917	6.433559619136065
151	9.244625957762764E-4	2.236198831724323E-4	9.714663356135134E-4	1.8241387106080446E-4	9.944497742253589E-4	2.534350572659605E-4	23.19611170470307	6.837593619415971
152	9.827041722019203E-4	2.156091501698635E-4	9.97103714325931E-4	1.7801894590302008E-4	9.970768242055783E-4	2.6350326839138583E-4	22.983304026245605	6.767119547130504
153	9.234054614353226E-4	2.0004369514481368E-4	9.942844621946278E-4	1.8030466346523124E-4	9.784813577198292E-4	2.4903813144758885E-4	22.767624816031457	6.623675013923498
154	9.347235391032882E-4	2.006766451737955E-4	9.71466126429732E-4	1.4521248786087724E-4	9.6182930269606E-4	2.3158237627779707E-4	22.556008861873124	6.500255587955692
155	9.731019163154997E-4	2.1858503638820062E-4	9.746648263444513E-4	1.8736694643275645E-4	9.86202399872127E-4	2.4865126446329937E-4	22.348387728943635	6.614528394359837
156	9.083227414521389E-4	2.0167819646606708E-4	9.93488707308643E-4	1.7920396582108092E-4	9.531173964205664E-4	2.303030541787703E-4	22.143911195704277	6.50743187461187
157	8.903741272661136E-4	1.9966648005720344E-4	9.902321917252266E-4	1.7360161941140276E-4	9.735193175401946E-4	2.469951628719562E-4	21.941801574597775	6.447735980019121
158	9.87007028015796E-4	2.2861355716941034E-4	9.880443758447655E-4	1.831395542940798E-4	9.794822817639215E-4	2.5420620409022376E-4	21.74859813052899	6.330913266825168
159	9.424841118743643E-4	2.005120106787217E-4	9.972705756808864E-4	1.868880092145749E-4	9.69083538848281E-4	2.513353760475314E-4	21.551993989080074	6.309005185165961
160	9.164635557681322E-4	2.0846726412552621E-4	9.910385579132708E-4	1.8242039422148082E-4	9.906018858600874E-4	2.554153999134152E-4	21.363710627221735	6.254702585692751
161	9.906697305268608E-4	2.2167123135356329E-4	9.847055202953925E-4	1.9087090226100234E-4	9.96312614006456E-4	2.470728440568694E-4	21.177121641656413	6.281788184957321
162	9.813657629820227E-4	2.1938411945635986E-4	9.963249168549737E-4	1.7655487128606233E-4	9.786069276742637E-4	2.572471495731017E-4	20.993146040415013	6.191122497535947
163	9.735017592902295E-4	2.0725344582691227E-4	9.638210910907219E-4	1.7162851168610064E-4	9.758191499713575E-4	2.6059174095847254E-4	20.806176740818046	6.083474385198823
164	9.416021130164154E-4	2.0191691836165168E-4	9.616761071811197E-4	1.6048695023098295E-4	9.945779675035737E-4	2.5160298630940553E-4	20.623586147714377	6.124544478482406
165	9.559684112900868E-4	2.0881596348469125E-4	9.984646524117124E-4	1.7099101937547958E-4	9.725638410600368E-4	2.590669587430633E-4	20.449308447430667	6.164888263440532
166	9.603308872101479E-4	2.2639951953351556E-4	9.876690673991106E-4	1.8399701794449456E-4	9.912062669172883E-4	2.6336903110991375E-4	20.276231946845655	5.768685605934323
167	9.402319628861733E-4	2.1510295236263724E-4	9.957155361917103E-4	1.8889965564660037E-4	9.85024492138109E-4	2.525055385452409E-4	20.105012721829553	6.139636778191714
168	9.993177009164356E-4	2.1177929280232396E-4	9.785241704776126E-4	1.8080791787818034E-4	9.875364581830581E-4	2.5480807218012644E-4	19.955031704281282	5.552768609257945
169	9.803159045986831E-4	2.163040516431162E-4	9.91897686617449E-4	1.8365609374492074E-4	9.923745201376732E-4	2.607724777539288E-4	19.814720933332865	5.621180769489214
170	9.597920643500402E-4	2.10473533760099E-4	9.669200298958458E-4	1.5867114390359988E-4	9.995272159812885E-4	2.5793259683106433E-4	19.675321105576586	5.670847128543973
171	9.566006710883812E-4	2.113566232537778E-4	9.700427672214573E-4	1.555604637083166E-4	9.96264221612364E-4	2.493260653474343E-4	19.538985212482658	5.842948146449571
172	9.911197048495524E-4	2.251040515754236E-4	9.590743193257367E-4	1.9146355779676506E-4	9.782060874385934E-4	2.6619514320275683E-4	19.403351121596643	5.856724429603365
173	9.410134593963448E-4	2.009595007924266E-4	9.99744711521089E-4	1.762924612241553E-4	9.85847387710237E-4	2.4201899729886837E-4	19.26655324204694	5.645428124674395
174	9.562678023939952E-4	2.222438388722973E-4	9.571520874942507E-4	1.9366005512985203E-4	9.935204659541341E-4	2.546431318169847E-4	19.133171302044502	5.61896672664663
175	9.574829791745287E-4	2.190822975762785E-4	9.741393037074886E-4	1.836365608846159E-4	9.786473058284173E-4	2.569956733479477E-4	19.00027478287666	5.762045222207066
176	9.729976191010792E-4	2.145423313398472E-4	9.482414020567376E-4	1.7173688928006126E-4	9.77594829237205E-4	2.557943664318346E-4	18.866575429005024	5.705624669507349
177	9.294163355662022E-4	1.966340520690816E-4	9.81246963419835E-4	1.6813374715688765E-4	9.990996150008868E-4	2.718225355823399E-4	18.734270055865636	5.343064544223554
178	9.707440149213653E-4	2.1975655704409292E-4	9.694418185972609E-4	1.744176901504136E-4	9.946173759090016E-4	2.5001268840177155E-4	18.60333821166205	5.480834499508467
179	9.275328561670904E-4	2.1390910247494807E-4	9.969223164034702E-4	1.7525444440947026E-4	9.982825267798034E-4	2.554945276676121E-4	18.47490611086323	5.684342908606668
180	9.269743236473005E-4	2.0675133672890902E-4	9.949867769591947E-4	1.8295980977225005E-4	9.68590175943973E-4	2.816543825906913E-4	18.347015802850365	5.243300804774148
181	9.213301559611864E-4	2.079314597267512E-4	9.754234407637341E-4	1.7623814332873983E-4	9.874420811684104E-4	2.943238070599018E-4	18.2199462322169	5.191977861921363
182	9.90416097920388E-4	2.290553854133274E-4	9.857453442236874E-4	1.6816993533014997E-4	9.704828553367406E-4	2.8270978306831496E-4	18.093625712626817	5.242953723314202
183	9.89050451607909E-4	2.214830413246697E-4	9.939897159938482E-4	1.5866955925351552E-4	9.361660286231199E-4	2.6210777799146203E-4	17.968272434129176	5.19764407547045
184	9.981716211768799E-4	2.354755973404584E-4	9.90604659705241E-4	1.9991643426130345E-4	9.93550508383123E-4	3.008515049976934E-4	17.844335912304814	5.16562967960439
185	8.91466407210828E-4	2.1398303935408572E-4	9.90466217899666E-4	1.6755594830265686E-4	9.197366416628938E-4	2.819378096692812E-4	17.72061033519276	5.031730070892287
186	9.727682918310165E-4	2.234699510760644E-4	9.538461243892016E-4	1.9082998412736865E-4	9.950721450877609E-4	3.0440106590431503E-4	17.59651879193916	5.072302603203019
187	9.099159942707047E-4	2.046920399531397E-4	9.944515362576567E-4	1.7432295315277747E-4	9.709376627142774E-4	2.832581581604087E-4	17.473671201434627	5.0043979926219455
188	9.556897343827586E-4	2.4716147909960756E-4	9.377027215577982E-4	1.7849104047009334E-4	9.755394639796577E-4	2.7501330257889223E-4	17.35192404719419	5.317840647696314
189	9.962157091649715E-4	2.2724845431791132E-4	9.77449570200406E-4	1.7530244353104586E-4	9.455414326566824E-4	2.7943282237207054E-4	17.231038288296986	4.885065972500028
190	9.638012052164413E-4	2.184894183301367E-4	9.907310759444954E-4	1.722860300990399E-4	9.628473762859358E-4	2.9170865311860846E-4	17.111211029288825	4.842371930383723
191	9.147732343990356E-4	2.150339657873701E-4	9.633959375605627E-4	1.7930558640304954E-4	9.401260904269293E-4	2.749698373852458E-4	16.992221131920815	4.9541356552435225
192	9.999164026339713E-4	2.336823310239803E-4	9.732974546068363E-4	1.7764073062044448E-4	9.929022508003982E-4	2.850948002251893E-4	16.874079290755617	5.207817967354591
193	8.839427609927952E-4	2.0182843942014492E-4	9.87831461316091E-4	1.8002217815473945E-4	9.831679744820576E-4	2.795259296824081E-4	16.756822616349382	5.085577945486236
194	9.93074161669938E-4	2.3796235408705493E-4	9.856422577740886E-4	1.7887482096137344E-4	9.897314349700537E-4	2.698587911363179E-4	16.64028928798507	5.100353793124889
195	9.958315890798985E-4	2.3083067264906276E-4	9.719439294713084E-4	1.8137260214877592E-4	9.989494355977513E-4	2.819026602129698E-4	16.52654241777782	4.896678461986245
196	9.6852502110778E-4	2.3048095564111767E-4	9.808130726014497E-4	1.9044524057992222E-4	9.965355257008923E-4	2.57512415295586E-4	16.42151188711432	5.292771790466625
197	9.91239094219054E-4	2.445259776777675E-4	9.872139999060892E-4	1.8066129203245164E-4	9.976179954946929E-4	2.831269326343451E-4	16.313792713855946	5.085812059999879
198	9.811567797441967E-4	2.2622694454336548E-4	9.812106254685204E-4	1.8997623414192353E-4	9.579371908330359E-4	2.6136903547543017E-4	16.204655191122583	4.995582214425834
199	9.891265981423203E-4	2.3043917227975422E-4	9.924762529180953E-4	1.6602021589797388E-4	9.641468623158289E-4	2.686748236528453E-4	16.095271343270724	4.970106671386351
200	9.367464008391835E-4	2.16034993059111E-4	9.948488823283697E-4	1.7856796966174294E-4	9.96618168983332E-4	2.7996941476111947E-4	15.986267829634016	5.2108473969483455
201	9.963708066607069E-4	2.413248812066134E-4	9.96098136965884E-4	1.954740903329366E-4	9.813081160245929E-4	2.5785892580977495E-4	15.877084281852149	5.117069325665559
202	9.961073383237817E-4	2.3736563593956816E-4	9.806437683437252E-4	1.7509730589032366E-4	9.791680095077027E-4	2.622857592921637E-4	15.768689013224503	5.142390948326979
203	9.820509840210434E-4	2.1963253709600394E-4	9.931928960895675E-4	1.7269561324913715E-4	9.703074535991618E-4	2.773520654378146E-4	15.66090988155338	5.008271079521621
204	9.535283625154989E-4	2.2328767435434807E-4	9.960774507362657E-4	1.7412247452360438E-4	9.514669961845357E-4	2.6777794297424515E-4	15.553794059029315	5.095130818452811
205	9.801271703508974E-4	2.2662558774300123E-4	9.765552531462163E-4	1.7218592386648702E-4	9.802552481232851E-4	2.7699802696441327E-4	15.447357313332759	5.0091414014811795
206	9.753279100550571E-4	2.262453178521658E-4	9.412157893393669E-4	1.6812792135387496E-4	9.936306578310905E-4	2.840364795074221E-4	15.34185001286096	5.033336880188838
207	9.672188066360832E-4	2.2251003811864697E-4	9.747050826263148E-4	1.5823449120303643E-4	9.844339601841057E-4	2.6662987626925534E-4	15.237086888519116	5.032462120686114
208	9.509213928140525E-4	2.3268145938952026E-4	9.780116404272121E-4	1.7837127220798107E-4	9.721372389321914E-4	2.5338812503495126E-4	15.13307406581589	4.810657053292172
209	9.530924421596865E-4	2.2440951848542076E-4	9.853010160441045E-4	1.8193745567624691E-4	9.528112304906244E-4	2.7567738679163783E-4	15.029819555129507	4.70232775735662
210	9.464963836762763E-4	2.2081928519431435E-4	9.702294955786783E-4	1.8162749093745065E-4	9.894031336443732E-4	2.5864014467956485E-4	14.927234821796446	4.649446818470646
211	9.635313908802345E-4	2.387061239611891E-4	9.99819158550963E-4	1.6964481327269029E-4	9.908549432111613E-4	2.9012412653967783E-4	14.842164546356798	4.883495911684127
212	9.405009741385584E-4	2.255575545859756E-4	9.762221117171066E-4	1.5007783187530535E-4	9.592638559752231E-4	2.7750676210389156E-4	14.765827339484531	4.910302230612982
213	9.033014139276929E-4	2.2158124977522675E-4	9.760870616446482E-4	1.6488012073365453E-4	9.823184154811315E-4	2.7952954755463324E-4	14.689859494443226	4.822586010990243
214	9.520695466562756E-4	2.282974967708166E-4	9.660502736323906E-4	1.6790023619571104E-4	9.797402472031536E-4	2.8250472549548724E-4	14.614200500232982	4.565728319683626
215	9.059129442903213E-4	2.1719417198558708E-4	9.91574126942396E-4	1.7369976303982672E-4	9.348499097541207E-4	2.6802942397468417E-4	14.538429125706898	4.85818392681639
216	9.035988805408124E-4	2.2642363884036362E-4	9.832582361468667E-4	1.801074956866089E-4	9.884963146760128E-4	2.885914196055567E-4	14.462997685892333	4.512539390655923
217	9.814158884182689E-4	2.461676103090819E-4	9.929180182552955E-4	1.6359158946995325E-4	9.998543443998642E-4	2.731749194484826E-4	14.387623584698304	4.79823127817363
218	9.957833062799182E-4	2.3459232609942168E-4	9.934437930496642E-4	1.590775775509558E-4	9.705660322651966E-4	2.7760156852554455E-4	14.312323002537596	4.549312521126538
219	9.144277305495052E-4	2.2580023119189718E-4	9.663086329965154E-4	1.7038401377710165E-4	9.894317738599057E-4	2.8083016736130036E-4	14.237471792435827	4.587199732888051
220	9.12979710392392E-4	2.242938782804534E-4	9.602298711115509E-4	1.6406315353541297E-4	9.700371770122729E-4	2.745995901984945E-4	14.162787064582517	4.43335720305047
221	9.654798632254824E-4	2.2635071180350982E-4	9.698426273416771E-4	1.8782789162851001E-4	9.872183927654987E-4	2.857444109443377E-4	14.08849420461047	4.482225861487077
222	9.462447378609795E-4	2.262319246710831E-4	9.473956010879192E-4	1.7013734904600862E-4	9.937755075952737E-4	2.7888035474834806E-4	14.014122068383585	4.671442352686437
223	9.548774542054161E-4	2.4031027032833663E-4	9.608302425476722E-4	1.7295314903944728E-4	9.937312061083503E-4	2.6415333112319266E-4	13.939961637748638	4.483309701698611
224	9.042846090778767E-4	2.2858513940112365E-4	9.993498242693022E-4	1.6789322711554657E-4	9.695176406694372E-4	2.810561484137051E-4	13.86595791340369	4.257475229287876
225	9.930111409630626E-4	2.579038726935323E-4	9.994397539685451E-4	1.9192597834143785E-4	9.80694239501645E-4	3.2278678811158335E-4	13.792154633869359	4.244773142861204
226	9.825353117776103E-4	2.491492535151944E-4	9.884162518574158E-4	1.8269243143940528E-4	9.954904796813935E-4	3.0601385045219315E-4	13.718716055042023	4.198710961573861
227	9.957716320059262E-4	2.55834387341262E-4	9.946019199560396E-4	1.6649597405028594E-4	9.945007273017836E-4	3.188919779159523E-4	13.645483771964791	4.156673257082008
228	8.965837023424683E-4	2.226488896515851E-4	9.518640654277988E-4	1.6615552074799526E-4	9.914386382661178E-4	3.3516892951341177E-4	13.572583975481393	4.133109357526937
229	9.61402303801151E-4	2.3278263241384897E-4	9.837792149482993E-4	1.535502922999438E-4	9.856423378096224E-4	3.2614300700970487E-4	13.49980836504983	4.129882951339909
230	9.687537567515392E-4	2.344129030689146E-4	9.662242991907988E-4	1.8000499570969598E-4	9.233569908246864E-4	3.1354949890800734E-4	13.427482416820567	4.125894858062642
231	9.273649575334275E-4	2.2889246626315676E-4	9.996458848036127E-4	1.899938455527003E-4	9.652338770820279E-4	3.2129302519304194E-4	13.355045630087261	4.060743527068331
232	9.968085978471208E-4	2.3709316440090333E-4	9.958290411304915E-4	1.5589790378470916E-4	9.791358243091963E-4	3.13277670215939E-4	13.283069316617912	4.012683638665843
233	8.96298096904502E-4	2.1859167634374899E-4	9.87059467661311E-4	1.7374088549439016E-4	9.576290954100841E-4	3.1110088337544975E-4	13.211448794361786	4.054716912987224
234	9.83802558039315E-4	2.331744751321215E-4	9.932444318110356E-4	1.7731714742947387E-4	9.91750130424407E-4	3.222365622412746E-4	13.139972147608205	3.9934905638798566
235	9.227660848409869E-4	2.1970378888151268E-4	9.614824498385133E-4	1.7828063571414531E-4	9.97071143501671E-4	3.16641223179641E-4	13.068863834123476	3.9683321059904997
236	9.95327307464322E-4	2.4309342434965706E-4	9.571565854002984E-4	1.7238288088540518E-4	9.802631520869909E-4	3.2865292863649444E-4	12.998018868525833	4.026069306302777
237	9.793779463507235E-4	2.4621073184031655E-4	9.699458057639276E-4	1.7132285413673588E-4	9.477650164626539E-4	3.2526463656512745E-4	12.927047041015612	3.9426713327699545
238	9.930690575856715E-4	2.3562593401038612E-4	9.449388829807503E-4	1.784133482358483E-4	9.900854813622573E-4	3.184045020764013E-4	12.856926762047806	3.9613640090142646
239	9.744749913807027E-4	2.4254037145965412E-4	9.91497369454919E-4	1.79600989088625E-4	9.952963702062334E-4	3.283657570871303E-4	12.786514544615784	3.9126181264762456
240	9.742791016833507E-4	2.3847992895298376E-4	9.978227917599725E-4	1.7806747592885586E-4	9.864157927950146E-4	3.1473053093997383E-4	12.716672434424254	3.9143549548616243
241	9.996542421504273E-4	2.550183112361992E-4	9.845618660619948E-4	1.6757471702691064E-4	9.869838304439327E-4	3.115612879803427E-4	12.647094392519648	4.049529790172161
242	9.974386848625727E-4	2.537790664973727E-4	9.93671545984398E-4	1.7217278323913534E-4	9.992951673893913E-4	3.3027984513165184E-4	12.577865148199635	3.8254741375193992
243	9.91509670711821E-4	2.3340424574295562E-4	9.776766382856295E-4	1.796162147774626E-4	9.855191958649812E-4	3.250372365423223E-4	12.509036355935677	3.8225028742587965
244	9.797979837458115E-4	2.4899180478617683E-4	9.77919649812975E-4	1.716235576264957E-4	9.964718537958106E-4	3.4193711658715004E-4	12.440192565412872	3.8001951697261003
245	9.71839497651672E-4	2.5167631099520804E-4	9.546710549557247E-4	1.7303566725841675E-4	9.96926865354908E-4	3.3454259359167246E-4	12.371823023411707	3.740366216029032
246	9.968120093617472E-4	2.452448662021804E-4	9.600713574400288E-4	1.62512360063861E-4	9.58053706881401E-4	3.1765353668945936E-4	12.303593582324538	3.7612768316377427
247	9.580943660694174E-4	2.328968105681876E-4	9.672681590018328E-4	1.8461140830043274E-4	9.794690595299471E-4	3.24670924172866E-4	12.235711031062237	3.7571668476884907
248	9.84023048204108E-4	2.3526784942381104E-4	9.985046352767313E-4	1.6988552895359326E-4	9.687256665529276E-4	3.180683888051415E-4	12.167831103954086	3.697196752373182
249	9.85560497156257E-4	2.6116888447328773E-4	9.88329311439884E-4	1.6502454239863645E-4	9.904404903409159E-4	3.3779062918116466E-4	12.100809592717269	3.713112581755966
250	9.811485651880503E-4	2.5276047858824313E-4	9.730756844419375E-4	1.623265848438551E-4	9.758756538076341E-4	3.1417844729031245E-4	12.033715370260325	3.636564020387127
251	9.672937121649738E-4	2.4409745424236462E-4	9.740640307427384E-4	1.5880564294710504E-4	9.691799743904994E-4	3.1748277746233866E-4	11.967229086822044	3.613337495234427
252	9.59106364462059E-4	2.4041069267847584E-4	9.92516992482706E-4	1.9596949885279373E-4	9.867351585626238E-4	3.087439873115038E-4	11.900757178507774	3.7856079828869498
253	9.954478709914838E-4	2.6081902327253675E-4	9.95413201962947E-4	1.724305170282477E-4	9.621835940833989E-4	3.245696897325755E-4	11.834654274440254	3.608371352031256
254	9.934800473274663E-4	2.6621375578391354E-4	9.98724488681546E-4	1.6455174593342953E-4	9.894625227389042E-4	3.1386711932380145E-4	11.768693302947213	3.5681473992471324
255	9.85561522156786E-4	2.5552904041129904E-4	9.914105864936573E-4	1.7606061642254643E-4	9.960260106254282E-4	3.1676129836411676E-4	11.703127706707164	3.5282684465357645
256	9.663822920629173E-4	2.3738031272083995E-4	9.614983955543721E-4	1.6620810597775654E-4	9.648352024669293E-4	3.1819102119663093E-4	11.638012824212637	3.5804818130665335
257	9.745661322995147E-4	2.5472268123394315E-4	9.84958720096074E-4	1.698590869267903E-4	9.791605614282162E-4	3.1675779622883756E-4	11.573079605248495	3.511511604186557
258	9.850911046669353E-4	2.516544450751705E-4	9.60554854827933E-4	1.6214633427003665E-4	9.861350960136406E-4	3.102701504145223E-4	11.508451113339106	3.6626498937978553
259	9.60430579198146E-4	2.463000733996523E-4	9.7911390093941E-4	1.53949761482463E-4	9.48161178484952E-4	3.162254326175921E-4	11.443982173048425	3.484375159380694
260	9.606870685274771E-4	2.5035048205760785E-4	9.89734340691939E-4	1.7471516479853713E-4	9.934809464766658E-4	3.347906037561188E-4	11.38012796984549	3.3930340168201782
261	8.997481590995449E-4	2.3538560132389344E-4	9.97511613604729E-4	1.7754987092802012E-4	9.274924952933361E-4	3.22443030343213E-4	11.316410414496204	3.4255324088308057
262	9.239325418093358E-4	2.4305792881780994E-4	9.9664760818996E-4	1.6418596547639806E-4	9.93335247358118E-4	3.245820364726927E-4	11.252810308124026	3.517701239370724
263	9.158590160041058E-4	2.4512959036352794E-4	9.80700808668189E-4	1.56240080876057E-4	9.437262833671411E-4	3.1580059049666977E-4	11.18975088305524	3.3139678773419554
264	9.35158666834468E-4	2.4742793944672786E-4	9.976052224374143E-4	1.689961544907163E-4	9.791350382784003E-4	3.2930773585261564E-4	11.127035400098976	3.381449199339045
265	9.178978552881745E-4	2.3962594654373484E-4	9.96509555989178E-4	1.683638636125449E-4	9.366289486933965E-4	3.1791240936539765E-4	11.064452495211299	3.3429504730755712
266	9.10719134935789E-4	2.3598110563701388E-4	9.976854962587822E-4	1.7627525838211764E-4	9.82430077783647E-4	3.2108091466976805E-4	11.002286499151523	3.485081811540985
267	9.129166546699707E-4	2.395229065541571E-4	9.273508221667726E-4	1.7418629486073E-4	9.78083078734926E-4	3.1451681679823884E-4	10.94029825306643	3.480969250294143
268	9.071570930245798E-4	2.3765686122108795E-4	9.9589566184477E-4	1.6652634812511937E-4	9.741992969338753E-4	3.3603728144533727E-4	10.878656678418338	3.231328870236436
269	9.333712368970737E-4	2.3255756408010106E-4	9.957455840776674E-4	1.719158065564367E-4	9.725902345962822E-4	3.2071540205239356E-4	10.817482931255654	3.21321442960562
270	9.59634537139209E-4	2.3891188088024742E-4	9.957916345229023E-4	1.612023449515106E-4	9.946109485099441E-4	3.1767311749997766E-4	10.756351123323839	3.2611822321401474
271	9.424220988876186E-4	2.4803787274170946E-4	9.839853413495803E-4	1.729238589600105E-4	9.984175936779138E-4	3.2962326344239466E-4	10.695746895333286	3.1730045783555356
272	9.233789969584905E-4	2.514996587782055E-4	9.76740802002496E-4	1.6891440487168592E-4	9.855771586444462E-4	3.3058467477775806E-4	10.635293941100826	3.1714349984896737
273	9.270965019823052E-4	2.67026408437232E-4	9.882004051178228E-4	1.6720996360855282E-4	9.809402095015685E-4	3.174613370972041E-4	10.575188121973042	3.1522060057195214
274	9.339503958472051E-4	2.58359009611316E-4	9.839940794336144E-4	1.7175727775200198E-4	9.974489200885728E-4	3.2873658255819184E-4	10.51545120096489	3.14797201326455
275	9.506105780019425E-4	2.3886150616666177E-4	9.957653619494522E-4	1.735361836446308E-4	9.969920056391857E-4	3.174973061656298E-4	10.455893051377643	3.082533489798825
276	8.877585023583379E-4	2.3426876555276976E-4	9.941057851392543E-4	1.542156818296852E-4	9.793226508918451E-4	3.2976129592638103E-4	10.396697494408727	3.1326478841901424
277	9.784873741409683E-4	2.6675736887682433E-4	9.762988702277653E-4	1.6196174011163362E-4	9.945749945927673E-4	3.250830019362294E-4	10.326881602199137	3.3017679544403467
278	8.993173214548733E-4	2.57422133320991E-4	9.707836925372249E-4	1.4776953844540148E-4	9.908296378853265E-4	3.229692308545614E-4	10.262137671841629	3.128292869893756
279	9.066900438483572E-4	2.367515515212896E-4	9.666644804156022E-4	1.714813825659423E-4	9.78853204060215E-4	3.264723707004053E-4	10.200309474908863	3.0886919581483405
280	9.83891572104767E-4	2.800188718386683E-4	9.422894254385028E-4	1.7351933561869046E-4	9.686182747827843E-4	3.3102771263621926E-4	10.140362233469205	3.1048601145701795
281	9.898911239361041E-4	2.737217499012938E-4	9.710321537568234E-4	1.8162837762795736E-4	9.8528184321367E-4	3.369824368641835E-4	10.087236348521401	3.106008911224345
282	9.78336709067662E-4	2.7437720386084646E-4	9.960537934148306E-4	1.8059683188156086E-4	9.709946546081483E-4	3.160618123653573E-4	10.038283443569526	3.222940173112062
283	9.853940832726948E-4	2.684695175124337E-4	9.680992570793023E-4	1.672795468788108E-4	9.951933399179325E-4	3.3939239131786265E-4	9.989785330635641	3.027981299736799
284	9.666277173892013E-4	2.3910882168820535E-4	9.253773041564273E-4	1.685752547160334E-4	9.82068511120815E-4	3.217837113355087E-4	9.941474313887738	3.0455601118503157
285	9.596381678420585E-4	2.3643430476264862E-4	9.562692780491489E-4	1.69457277426799E-4	9.629969553088813E-4	3.1610013900612664E-4	9.893311744781386	2.982884245856807
286	9.869562964013312E-4	2.689124503376661E-4	9.973948688184464E-4	1.8089366504010461E-4	9.987974626710638E-4	3.337577722259784E-4	9.845567733507778	3.0180950509560147
287	9.627266044844873E-4	2.6489740688854607E-4	9.960911860389388E-4	1.6776934402387537E-4	9.486851831752574E-4	3.281893261968295E-4	9.7978102148154	2.972196923348244
288	9.596296185918618E-4	2.63703593570123E-4	9.491706277913181E-4	1.5451563529271536E-4	9.61296032755854E-4	3.13510835670828E-4	9.750578914176003	2.9894582702129306
289	9.942337092070375E-4	2.671886814293127E-4	9.794240613700822E-4	1.9091326555386492E-4	9.919179194639582E-4	3.280608172644861E-4	9.703360045405134	2.993130482198724
290	9.952824857464293E-4	2.7049101148198435E-4	9.89834839856485E-4	1.7592700198446545E-4	9.835477221713518E-4	3.195830332312212E-4	9.65652848307218	3.0851465649573817
291	9.89641610885883E-4	2.6429105885957444E-4	9.779300016816705E-4	1.644471614266716E-4	9.993633234444133E-4	3.234912165680726E-4	9.609813990529801	2.9654630438911203
292	9.801458836591337E-4	2.7596204836299876E-4	9.874925217445707E-4	1.7665774262173156E-4	9.829131429341942E-4	3.309132116940488E-4	9.5634892173548	2.9351170727955704
293	9.617008890927536E-4	2.615565920981074E-4	9.465519415243762E-4	1.7401848829436085E-4	9.541482565964543E-4	3.156294635695863E-4	9.517351525311824	2.904850808731889
294	9.61244782047288E-4	2.5873297147427365E-4	9.779163647181122E-4	1.8844384778597434E-4	9.95830342390036E-4	3.265716236628026E-4	9.471444978575164	3.061219867055835
295	9.718864107526315E-4	2.5985631104200974E-4	9.994273716529278E-4	1.6879988629792773E-4	9.732344424264738E-4	3.208128885629636E-4	9.425765263720677	2.911215377449985
296	9.580505320627708E-4	2.6445743060321547E-4	9.773027430810544E-4	1.940871713824275E-4	9.687544400094339E-4	3.2146692729978754E-4	9.380563540034927	2.89786743196084
297	9.944496741809417E-4	2.79797844920419E-4	9.915552727761678E-4	2.0163944037082744E-4	9.88263674571499E-4	3.335632941653702E-4	9.335544474251947	3.00313059114912
298	9.370689213028527E-4	2.6218176772848284E-4	9.91319129070689E-4	1.8506751854040297E-4	9.660716132202651E-4	3.262022388805865E-4	9.290500176088244	2.87125476199276
299	9.536331072013127E-4	2.6603223625443206E-4	9.88204855048025E-4	1.8192885551540183E-4	9.875880538174897E-4	3.31025140112965E-4	9.245883612875332	2.841782108161721
300	9.611837449483573E-4	2.736357710091397E-4	9.947918515536003E-4	1.6842564038450504E-4	9.355216516269138E-4	3.1103948332532707E-4	9.201557811862585	2.898227324493908
301	9.488485229667276E-4	2.7134737812654447E-4	9.427345692074596E-4	1.7293723650202108E-4	9.87629326118622E-4	3.233854244906699E-4	9.15742575537297	2.8152980731138584
302	9.446229651075555E-4	2.592723847859209E-4	9.786319546947198E-4	1.5761003501946856E-4	9.600546418369049E-4	3.1938824308081864E-4	9.113539616653725	2.7731912147994895
303	9.260461783924256E-4	2.603832462000355E-4	9.889169883763316E-4	1.7600108809887573E-4	9.44983938779842E-4	3.350885365150064E-4	9.069881143426755	2.7446623954250615
304	9.844808810157701E-4	2.878349326541259E-4	9.823622021940537E-4	1.8461273336727217E-4	9.833366129896604E-4	3.43307183005401E-4	9.026370025992946	2.7637500160118837
305	9.306080360147462E-4	2.616085787015739E-4	9.91292125036125E-4	1.6738295143588455E-4	9.821949552133447E-4	3.2347217488502513E-4	8.983311115203833	2.7352929453699444
306	9.498421691205294E-4	2.611211635136594E-4	9.930387132044416E-4	1.9970386297838718E-4	9.695891039882554E-4	3.2837839446004253E-4	8.940218433912378	2.738578911725431
307	9.676720328570809E-4	2.739519165970705E-4	9.77997562586097E-4	1.6177675816961442E-4	9.927228838932933E-4	3.372742673608542E-4	8.89745774108087	2.7492107054549884
308	8.940253974287771E-4	2.069873198706773E-4	9.742698202899192E-4	1.692037116747773E-4	9.934699938867197E-4	3.163369185989312E-4	8.792913633529679	3.004174964906491
309	8.897669431462418E-4	2.0551242694940205E-4	9.977125664590858E-4	1.689831901044074E-4	9.979454609947425E-4	2.7854830038146855E-4	8.709661177774251	2.8521089357357505
310	9.204157322528772E-4	2.1184899477096528E-4	9.86812005066895E-4	1.808166354215285E-4	9.80611816999044E-4	3.157229067657961E-4	8.640101789533219	2.7251953172923873
311	8.921546777855838E-4	2.0293276550849745E-4	9.899661171175467E-4	1.8503408912305102E-4	9.781835608464462E-4	3.3353085733622834E-4	8.580235617297149	2.7535643186526015
312	9.89637019301881E-4	2.4226088487466768E-4	9.807674414332723E-4	1.7062989062638286E-4	9.87946401210138E-4	3.273280692877023E-4	8.526860406815103	2.757290225670743
313	9.942244964804559E-4	2.5514751871469343E-4	9.878107375698164E-4	1.7876372882597025E-4	9.923058187268907E-4	3.084532835600839E-4	8.47808014012844	2.8501741984867444
314	9.904386679409072E-4	2.3147510959612796E-4	9.849330308497883E-4	1.8372518352245088E-4	9.889298544294434E-4	3.379412759071644E-4	8.432196111283702	2.7073096348340155
315	9.791538250283338E-4	2.3936899822274427E-4	9.85348427889221E-4	1.7674518805203357E-4	9.692248896726596E-4	3.12285317849356E-4	8.388466170061292	2.672936484929047
316	9.848106747085694E-4	2.693249405941363E-4	9.962981878288701E-4	1.6966593788956874E-4	9.63839275641476E-4	3.2643405068476954E-4	8.412323085147364	2.6302304466918383
317	9.073348846868612E-4	2.748479086752316E-4	9.726045282150153E-4	1.9841994426677547E-4	9.698860528715159E-4	3.2951057701693844E-4	8.4124699845961	2.6033135705113555
318	9.980382747016847E-4	2.7567664574235096E-4	9.876687762471192E-4	1.6809111431157094E-4	9.800870629987912E-4	3.334432924305868E-4	8.39807767354796	2.6864368180970977
319	9.987855446524918E-4	2.8833309723571193E-4	9.874937150016194E-4	1.864588511515259E-4	9.956420976777736E-4	3.3977507139366713E-4	8.374531188459514	2.5544945909838015
320	9.008144875224389E-4	2.7946571628945094E-4	9.781873504834948E-4	1.6616597132798126E-4	9.940679685769283E-4	3.3335083384661795E-4	8.345363485517737	2.5419949038675305
321	9.88156534731388E-4	2.759351608574434E-4	9.983057755107438E-4	1.7297607691676495E-4	9.960619565845263E-4	3.446366324055816E-4	8.312759830092546	2.5303357686196195
322	9.926118837029207E-4	2.79382864202186E-4	9.777211726031965E-4	1.6899172122046313E-4	9.978755406336859E-4	3.18258980254279E-4	8.278000731308566	2.519175860971378
323	9.964829187083524E-4	2.9168709033911E-4	9.540367891531787E-4	1.7792910032279696E-4	9.898226617224282E-4	2.9201077697135503E-4	8.241857844564947	2.523010437500176
324	9.889794528135099E-4	2.8787472141781717E-4	9.9197375550375E-4	1.596201033196954E-4	9.957793661214964E-4	3.2627965868820837E-4	8.204681959367008	2.5120466010304723
325	9.829428781813476E-4	2.8308991606233275E-4	9.997937347634434E-4	1.7236092460148095E-4	9.630134518374689E-4	3.206594916973975E-4	8.16708848448252	2.50120182677685
326	9.86611830740003E-4	2.8701182164544054E-4	9.956057942872576E-4	1.814026217440793E-4	9.754733373483759E-4	3.174108855492067E-4	8.129318004404922	2.601705730022872
327	9.550935938023031E-4	2.7683443598410423E-4	9.81233075435739E-4	1.7322444551669993E-4	9.569940339133609E-4	3.2979214520964615E-4	8.091433179346495	2.4649706554307516
328	9.492693316133227E-4	2.79701331085865E-4	9.89338376825799E-4	1.7751953217438153E-4	9.596126765245572E-4	3.159325234095735E-4	8.0536381787133	2.454292776683967
329	9.52336733462289E-4	2.7650409212280164E-4	9.749895825734711E-4	1.5830304238389164E-4	9.711014387221439E-4	3.070166542828922E-4	8.01565253391891	2.458114771028564
330	9.622173020034097E-4	2.714224219365254E-4	9.596569561836077E-4	1.7902851738134425E-4	9.835940492166628E-4	3.3941463337200796E-4	7.977949123327562	2.541068262737646
331	9.445253926969599E-4	2.693088827072643E-4	9.614901871373149E-4	1.706789123380841E-4	9.861681110123754E-4	3.241825445715304E-4	7.940547486457945	2.436697649274302
332	9.99237101041217E-4	3.02050254617825E-4	9.922144326992566E-4	1.5682201546793649E-4	9.819758847697813E-4	3.3158121682287276E-4	7.902948298520641	2.3845640860142545
333	9.386828569404315E-4	2.675116096876688E-4	9.92065704849665E-4	1.5369896616909725E-4	9.925570666382555E-4	3.335915827406235E-4	7.865667483707512	2.415344558343916
334	9.580733312759548E-4	2.6658466962696065E-4	9.604123270037235E-4	1.8683953279721038E-4	9.701314174890285E-4	3.10736267353508E-4	7.828548110122938	2.404770344314289
335	9.955982709470845E-4	2.948972280213032E-4	9.845553241802918E-4	1.7687584307537506E-4	9.726044306717085E-4	3.1674186831851057E-4	7.79160578756273	2.394154154032418
336	9.212032600771636E-4	2.698980757713798E-4	9.750399713084335E-4	1.6729891076894106E-4	9.331156761618331E-4	3.1503362423322733E-4	7.754830160731217	2.3836104118581813
337	9.804010328480217E-4	2.886917766697176E-4	9.947422204277245E-4	1.6683791474294424E-4	9.77727620920632E-4	3.148555889741947E-4	7.718281112218392	2.4774667456682615
338	9.746879823069321E-4	2.9205521536823653E-4	9.85558172033052E-4	1.7780109218325807E-4	9.580575301697536E-4	3.0932593491191557E-4	7.681763064942061	2.34870669633838
339	9.589536998646508E-4	2.779549124246235E-4	9.981776929635089E-4	1.685914675317031E-4	9.714735087982262E-4	3.2181441833134875E-4	7.645489717328019	2.352283631750709
340	9.580350729265774E-4	2.754122112567832E-4	9.660830182838254E-4	1.8897287674482632E-4	9.64547531111748E-4	3.1404486519752965E-4	7.609526921860379	2.3419725476991387
341	9.770552073860017E-4	2.8037468011158734E-4	9.847715682553826E-4	1.7467664389002584E-4	9.715595535908506E-4	3.0980485093292753E-4	7.5735196254754555	2.433508034250298
342	9.495230665379495E-4	2.7460252442779165E-4	9.680897640009789E-4	1.6637870817917514E-4	9.76857363639283E-4	3.316647492276774E-4	7.53798894675856	2.307499294925071
343	9.192721190629527E-4	2.635970806750265E-4	9.939778356056195E-4	1.6893208367170753E-4	9.587592676325585E-4	3.2739920316802074E-4	7.502323255863303	2.398683935484358
344	9.626132250559749E-4	2.6917203520800587E-4	9.99502693616705E-4	1.696285681049815E-4	9.897604722937103E-4	3.116756297010921E-4	7.4670012065107585	2.3009160291275403
345	9.528630262138904E-4	2.7245064317564055E-4	9.867124263109872E-4	1.6984639039124513E-4	9.950935636879876E-4	3.316348314821439E-4	7.431889146599133	2.2770705602224024
346	9.524193469587772E-4	2.8001308245014417E-4	9.902576821332332E-4	1.7225041788084555E-4	9.952163964044303E-4	3.2906419442834897E-4	7.396824004339578	2.266974502840896
347	9.328198175353464E-4	2.6902070991733734E-4	9.750559516987778E-4	1.750588289211573E-4	9.930459711995354E-4	3.3480361235082125E-4	7.362081564471737	2.2445577309756817
348	9.447342113162449E-4	2.7115426223645045E-4	9.729043860033926E-4	1.7874101589656504E-4	9.7861861149795E-4	3.1626805859199955E-4	7.327498773698608	2.3582873339731103
349	9.108137064686161E-4	2.623881169559657E-4	9.601590954844141E-4	1.6301517376299493E-4	9.583154096617363E-4	3.3170676938838864E-4	7.2928708714935055	2.2247258615957373
350	9.283631156904448E-4	2.576010036818843E-4	9.820378713811806E-4	1.638459101892901E-4	9.606614645463196E-4	3.271303498739585E-4	7.258529083879694	2.2406728239020195
351	9.25519543216069E-4	2.617593151323187E-4	9.883439441864539E-4	1.7309797227340638E-4	9.709683647542988E-4	3.1447711082751423E-4	7.224435376752808	2.3006047150527524
352	9.188849890051642E-4	2.619363142457587E-4	9.685424597591918E-4	1.9727634932970823E-4	9.546881374262739E-4	3.157804791754009E-4	7.190441399729025	2.2080540747113417
353	9.959752151189605E-4	2.7303722807422065E-4	9.891763183986768E-4	1.6469791042887348E-4	9.872274208646559E-4	3.3236590789654846E-4	7.156772695583641	2.3060691565648312
354	9.565534974171896E-4	2.702420520866629E-4	9.975418488465948E-4	1.7281344128809576E-4	9.94597937733488E-4	3.3385226658372795E-4	7.123078368975257	2.201333881171973
355	9.492242070336943E-4	2.5916125495465775E-4	9.94902235106565E-4	1.5473117732027816E-4	9.400618027939345E-4	3.1915219235164233E-4	7.089697530427657	2.191594866688013
356	9.831562547333306E-4	2.625575754867289E-4	9.889585871860618E-4	1.5988896740769373E-4	9.84735146175808E-4	3.101084291963409E-4	7.056346580764512	2.1693060785758274
357	9.792646201276511E-4	2.629541437499938E-4	9.849246167732417E-4	1.7994077834048637E-4	9.55706832883152E-4	3.0045643876002777E-4	7.023116432133975	2.1597526653088313
358	9.790186195459682E-4	2.90246204599498E-4	9.9179198150523E-4	1.908832437532945E-4	9.812882235564757E-4	3.1239149137633575E-4	6.990220745305123	2.2549336190701346
359	9.643322591728065E-4	2.8178347694544453E-4	9.862713033044201E-4	1.818777623667842E-4	9.716110116642085E-4	3.272350029936371E-4	6.957328595945	2.153193028296707
360	9.558535930409562E-4	2.8734859176893224E-4	9.94257177808322E-4	1.7270397101115583E-4	9.961752257368062E-4	3.22228209907652E-4	6.9249008700026025	2.143734832825799
361	9.450381080569059E-4	2.475695744503052E-4	9.473549980612006E-4	1.7290131282719074E-4	9.805616921312321E-4	3.10279888334676E-4	6.892342152041238	2.1342271098172123
362	9.54431790887611E-4	2.500030795242007E-4	9.387846312165493E-4	1.6210100030891056E-4	9.79328591711237E-4	2.973292292302066E-4	6.859920709957805	2.124770047107649
363	9.482214318268234E-4	2.483967773893407E-4	9.786845421331236E-4	1.7810779193997155E-4	9.900411041599E-4	3.1954974166698924E-4	6.82790359135106	2.205090715817963
364	9.267737414120347E-4	2.5175033124469337E-4	9.876970034383703E-4	1.549807793708169E-4	9.793872850423213E-4	3.000849933431654E-4	6.795809174858732	2.093878708229064
365	9.298430400122015E-4	2.447715916105153E-4	9.65748707358216E-4	1.59639997466753E-4	9.674101769405752E-4	3.3042301931697114E-4	6.763968116181786	2.0968085981139204
366	8.850627687024826E-4	2.4154643631391082E-4	9.54567937583306E-4	1.735062414628123E-4	9.721152138126854E-4	3.173273229627576E-4	6.732364450072055	2.175597579987732
367	9.173273656415404E-4	2.4109553635298653E-4	9.507862268947065E-4	1.6890054400121608E-4	9.418583922524704E-4	3.129801972719898E-4	6.700814274376171	2.1658750030530447
368	9.247129528375808E-4	2.655633515284232E-4	9.485397033586196E-4	1.7058477263682498E-4	9.903297232085606E-4	3.163701533449884E-4	6.669398274934792	2.0572204292434324
369	9.988883903133683E-4	2.846998111560121E-4	9.800130001167418E-4	1.52042608950372E-4	9.913083358696895E-4	3.2290073081402446E-4	6.638165041891625	2.146572133223989
370	9.508244665994425E-4	2.544664577423343E-4	9.796184476726921E-4	1.7394236317778595E-4	9.536898805890814E-4	3.2211465212516157E-4	6.607153378485236	2.0509987318367515
371	8.998307480396761E-4	2.3700994942525236E-4	9.820409868552815E-4	1.6559463437511442E-4	9.737871414472465E-4	3.0170106490225087E-4	6.576253109440586	2.0953725437844595
372	9.287776024393679E-4	2.3586942112766943E-4	9.848290044374153E-4	1.7697807868279452E-4	9.867991439023172E-4	3.276475273044828E-4	6.545422680886986	2.0336513765555697
373	9.911558954627253E-4	2.940881574886589E-4	9.701549461169634E-4	1.8617388922003946E-4	9.977492700272705E-4	3.320149871544547E-4	6.514895326457918	2.081738867557662
374	9.283623767259996E-4	2.547580425016349E-4	9.881976147880778E-4	1.8379323635606167E-4	9.714932384667918E-4	3.20827431046451E-4	6.4843394235140295	2.015931594763724
375	9.74161630438175E-4	2.606439277315076E-4	9.866508873983548E-4	1.5496131657304088E-4	9.968906633730512E-4	3.217028133459473E-4	6.4541606640596	2.0066786270077324
376	9.418393565283623E-4	2.5474484080708254E-4	9.866520701962145E-4	1.724621849043483E-4	9.665015143127675E-4	3.000150029303465E-4	6.4240591373127245	1.9975430139574728
377	9.291158507949149E-4	2.8279407850580657E-4	9.786541668290738E-4	1.4612401547686244E-4	9.90718903835841E-4	3.428647599664023E-4	6.393703736059251	1.996520703410003
378	9.510040617897175E-4	2.61355517826208E-4	9.743002628965769E-4	1.6565327970694297E-4	9.453041166125331E-4	3.5987225048163805E-4	6.364121577422338	1.9967186397529637
379	9.469598562645842E-4	2.6019546070680616E-4	9.587877382273291E-4	1.6921138116514697E-4	9.635156973217818E-4	3.9317996082060674E-4	6.334549844763387	2.0157672558660362
380	9.254351771232905E-4	2.6279448127297655E-4	9.701465504576845E-4	1.6927075556771382E-4	9.561617443978321E-4	3.8011678674537865E-4	6.304953791772277	2.0879368380279546
381	9.405969321960583E-4	2.5055067722708674E-4	9.783073555809096E-4	1.8896231078185466E-4	9.672419910202734E-4	3.4260812478968157E-4	6.275591978112061	1.9752066404460604
382	9.307492910011206E-4	2.5597618643284176E-4	9.913683745708113E-4	1.801941672102407E-4	9.664352719482849E-4	3.753835150064333E-4	6.24652193406655	2.069745513834304
383	9.856003271124791E-4	2.646250563126766E-4	9.472920913822236E-4	1.8277843529618173E-4	9.640926712108921E-4	3.6736213174907474E-4	6.2173584003176074	2.031413765300445
384	9.523513517706306E-4	2.630282043204109E-4	9.873236067505786E-4	1.707132388296085E-4	9.808534942976621E-4	3.3465901267391016E-4	6.188336960425659	1.9497493767332645
385	9.527185575279873E-4	2.647404286335586E-4	9.767123628989793E-4	1.8286415500870794E-4	9.996048174798489E-4	3.921472823066958E-4	6.15983897352271	2.0429659750283564
386	9.253133175661787E-4	2.533904151202175E-4	9.597526403695156E-4	1.7649292733758426E-4	9.747998931288748E-4	3.6383582307531576E-4	6.131018059106282	2.0053450504440864
387	8.700677517481381E-4	2.5896008401105064E-4	9.797701368370326E-4	1.6349657315570937E-4	9.883345101115992E-4	3.576757605772044E-4	6.102442652445461	1.961267686411262
388	9.160923764284234E-4	2.469307937265815E-4	9.996772296290146E-4	1.5798181400079056E-4	9.586398646206362E-4	3.673597461422353E-4	6.074257291791582	2.0163977587489335
389	8.869575431162957E-4	2.548166251396348E-4	9.713955932966201E-4	1.8676996924641307E-4	9.962319292071697E-4	3.5305490873345963E-4	6.045687990517763	2.0078341397676414
390	9.073773894670012E-4	2.5620020323913195E-4	9.805128902371507E-4	1.6383895270856945E-4	9.980088391330355E-4	3.7794318101042827E-4	6.017770709746401	1.9124204221439258
391	9.006890395539813E-4	2.5275572761529475E-4	9.719627124695762E-4	1.9022754163349907E-4	9.870841677184217E-4	3.867729412254798E-4	5.989847291744809	1.9155991704378992
392	8.918062740121968E-4	2.5624953495177277E-4	9.440400608582422E-4	1.815085975619825E-4	9.947258859028807E-4	3.7489136574644797E-4	5.961946410268865	1.9432058363961664
393	8.818523069749062E-4	2.451861500200418E-4	9.961902723034655E-4	1.9547355835927021E-4	9.76031866230187E-4	3.651805329654549E-4	5.9342502588369825	1.9734812463159648
394	9.979116994145443E-4	2.8415291372615076E-4	9.660286195867229E-4	1.7140980777264264E-4	9.940575018845266E-4	3.71006949982022E-4	5.9065960963998805	1.902221845614764
395	9.729915759635333E-4	2.6664339001551224E-4	9.968791327992221E-4	1.7082039626997806E-4	9.709667065180838E-4	3.645525595024591E-4	5.879236847122229	1.8224745719298912
396	9.642006634749123E-4	2.5578913175650086E-4	9.946243753802264E-4	1.691597359698447E-4	9.480432545387885E-4	3.857367627715851E-4	5.851988203368819	1.8483059826354382
397	8.831839304548339E-4	2.452327920157889E-4	9.984016770658855E-4	1.60979873775042E-4	9.587073873262852E-4	3.806746744478222E-4	5.824758972430573	1.9016347952956751
398	9.03920245491463E-4	2.5338435996976233E-4	9.980965904787809E-4	1.912275048672872E-4	9.660795822128421E-4	3.8427818363075085E-4	5.79772470007083	1.9309401374240747
399	8.882235124474391E-4	2.531939316744077E-4	9.9011630163659E-4	1.7769356604137852E-4	9.74587919699843E-4	3.8152106365032525E-4	5.770804924490221	1.8509046614935933
400	9.864407961686084E-4	2.8552170480603917E-4	9.945340552803827E-4	1.5305194710725883E-4	9.59877690547728E-4	3.7075084776633406E-4	5.743917475447233	1.9142235648044128
401	8.772734727244824E-4	2.4744554222403775E-4	9.985689666791586E-4	1.7324050243890574E-4	9.765059294295497E-4	3.55324175673639E-4	5.7173289107959135	1.8556910666406332
402	9.7675246433937E-4	2.635579931317504E-4	9.584983865806862E-4	1.926611390211068E-4	9.60453575316933E-4	3.702142238611569E-4	5.690892225778953	1.7851273133447276
403	9.84029655228369E-4	2.7524193224811216E-4	9.62895115549145E-4	1.844383020951405E-4	9.883180275664927E-4	3.655602572728219E-4	5.665955135915283	1.8472436550720208
404	9.643162520660553E-4	2.6094577882910624E-4	9.906223367579514E-4	1.6040899199355329E-4	9.819497134913036E-4	3.812419016962374E-4	5.640858956779994	1.8402097950162053
405	9.134037572948728E-4	2.472241985742585E-4	9.854840483285443E-4	1.8278365161901436E-4	9.930926098604687E-4	3.7053182979855307E-4	5.61551009773757	1.832998044419488
406	9.745654351718258E-4	2.829944257124832E-4	9.723759594635339E-4	1.8721063447141466E-4	9.938610310200602E-4	3.603418122094211E-4	5.590075422773225	1.8154796050776505
407	9.814811182877747E-4	2.8682732689352025E-4	9.455921335757012E-4	1.7654563374500348E-4	9.581566901033511E-4	3.587856478093476E-4	5.5645605514109775	1.8081136436242788
408	9.690804918136564E-4	2.7952240444998705E-4	9.710177619126625E-4	1.944136391504825E-4	9.964661073809111E-4	3.635573387911158E-4	5.5391672292789735	1.6911136773143505
409	9.728993113640172E-4	2.917823089774174E-4	9.977460608752153E-4	1.828413511409541E-4	9.656153670221101E-4	3.497992545702013E-4	5.513866781606339	1.8030835284818267
410	9.740399686961609E-4	2.825916906203929E-4	9.77659967247746E-4	1.5760892995006414E-4	9.836017876523329E-4	3.7415923163870734E-4	5.488555546729913	1.7859173873972005
411	9.69883682046202E-4	2.579119864852449E-4	9.392753145220922E-4	1.6344975854930713E-4	9.569392739194882E-4	3.5005060036644755E-4	5.463254284775758	1.7135774245863669
412	9.712893443065695E-4	2.825029891937447E-4	9.827003905229503E-4	1.853583975920022E-4	9.49206140262504E-4	3.524725836487322E-4	5.43806709141063	1.7813835525195134
413	9.126167387876194E-4	2.597976924031779E-4	9.944689882104285E-4	1.6780706857514525E-4	9.676103695710481E-4	3.7202218601096456E-4	5.413070454145782	1.774042699081052
414	9.828328961702937E-4	2.779263062393511E-4	9.82929749284267E-4	1.7123313927865072E-4	9.629679616409703E-4	3.4479943956997505E-4	5.3881568924371095	1.7667323965989714
415	9.630739846215874E-4	2.788693043764094E-4	9.514688972558361E-4	1.6923076387301725E-4	9.84005311920555E-4	3.571163901458035E-4	5.3633715632531676	1.7593879998307198
416	9.663206001278013E-4	2.72850439917723E-4	9.966084398911335E-4	1.6809377844943495E-4	9.503754820343602E-4	3.6319203775809166E-4	5.338670330213063	1.6884317239574
417	9.491327509749681E-4	2.615969343651159E-4	9.809092716750456E-4	1.7047648096992646E-4	9.877758438960882E-4	3.4529084393683144E-4	5.314076747661602	1.7448013516613092
418	9.817152968025766E-4	2.726362780170651E-4	9.769426256980296E-4	1.7843792205189527E-4	9.798997875805071E-4	3.543972890512842E-4	5.289600234191312	1.737565924086944
419	9.89445174127468E-4	2.5020338792576996E-4	9.518388098967989E-4	1.7149376388780573E-4	9.966020170395495E-4	3.7306486657388317E-4	5.2653588474713615	1.7207477927101589
420	9.346804145025089E-4	2.529019650031235E-4	9.870527592283906E-4	1.8370879194623305E-4	9.889650295917818E-4	3.742001647837738E-4	5.241065633337712	1.6609388342176838
421	9.84261585472268E-4	2.750947856687465E-4	9.903796253638575E-4	1.6914375140933535E-4	9.684143985850824E-4	3.468494513857546E-4	5.216835956147406	1.654087591029951
422	9.804013989196392E-4	2.759437517928139E-4	9.932915636454709E-4	1.771093730594921E-4	9.506386431894498E-4	3.3402166568039047E-4	5.19281846924423	1.6472526877209361
423	9.892965490507777E-4	2.547413373577001E-4	9.966541419998975E-4	1.8105444371979937E-4	9.899031720124185E-4	3.721123802900216E-4	5.16903598785575	1.7017179400625284
424	9.90771601209417E-4	2.6968561515635275E-4	9.897696425014146E-4	1.825740416833192E-4	9.72557878412772E-4	3.678332183911682E-4	5.145226423366694	1.6946159921722763
425	9.604568504073541E-4	2.715126854582195E-4	9.79045920757926E-4	1.9098635871851792E-4	9.906342995691375E-4	3.9462043868139296E-4	5.121567029869766	1.6270552719063505
426	9.537997361803718E-4	2.5275361406329466E-4	9.78655758444802E-4	1.6053507051927746E-4	9.868783513411472E-4	3.6952005473611996E-4	5.097936180518445	1.6113886865545082
427	9.769278640305856E-4	2.7413672376042086E-4	9.928631150160072E-4	1.685835671061898E-4	9.939300634869142E-4	3.4917892302969864E-4	5.0743628162454115	1.5955923937553613
428	9.408813298250607E-4	2.533754355908968E-4	9.953299636435986E-4	1.775507631098504E-4	9.94354032627598E-4	3.5666151112743387E-4	5.051017228553974	1.606911483001849
429	9.18420445486845E-4	2.5559509936101676E-4	9.820845922376975E-4	1.6683669182681194E-4	9.772250359674217E-4	3.6572711089198195E-4	5.027915396771277	1.6595332427192342
430	9.190167443193786E-4	2.589261724779135E-4	9.816705769480905E-4	1.7136737752658203E-4	9.81938943368732E-4	3.4565239374346877E-4	5.0047080238873605	1.6524743792770846
431	9.280062795369304E-4	2.448973672244392E-4	9.455804320168681E-4	1.6940260679965442E-4	9.65088935345193E-4	3.371608365541896E-4	4.9817374566118815	1.6364234869611165
432	9.320142321485037E-4	2.590089599152634E-4	9.791877600946464E-4	1.6851552115862222E-4	9.921507826220477E-4	3.644226349940675E-4	4.958789872624038	1.6386885360978554
433	9.237156955350656E-4	2.605984965384778E-4	9.748126158228843E-4	1.796824621318852E-4	9.91175136732636E-4	3.56631158716319E-4	4.935990364559984	1.6226697965258545
434	9.050916651176522E-4	2.607449357583391E-4	9.476046070631128E-4	1.8313538125964797E-4	9.976979137036324E-4	4.049065560087167E-4	4.913376889831852	1.567518694146151
435	9.995617692766245E-4	2.8213077897968714E-4	9.995667332987068E-4	1.7645925357305384E-4	9.730786223371979E-4	3.645119126399075E-4	4.890735809985927	1.6181656283972576
436	8.869332700669474E-4	2.592631868007326E-4	9.954747637266337E-4	1.9163781748533359E-4	9.898146035993705E-4	3.7020912800946813E-4	4.868292334344005	1.6113928957544823
437	9.320288831986545E-4	2.5467119166933117E-4	9.956776743820228E-4	1.759689929700023E-4	9.954629149433458E-4	3.744903087897286E-4	4.845897434162907	1.6045852380053915
438	9.981260809581727E-4	2.7806833266671066E-4	9.994315643098162E-4	1.7372513962560072E-4	9.685145487310365E-4	3.7254744486052736E-4	4.823616432488052	1.588926891546954
439	9.162673668470234E-4	2.6249902145991655E-4	9.538439662719611E-4	1.7035169623400378E-4	9.496805832895916E-4	3.6454660362427273E-4	4.801406645980023	1.5352219179197752
440	8.892682544683339E-4	2.3806294344315879E-4	9.966613433789462E-4	1.783120530401151E-4	9.982399111549967E-4	3.840051271646933E-4	4.779367293271207	1.5288713937398606
441	8.873391634551808E-4	2.561042249832705E-4	9.558866906900221E-4	1.846893578460921E-4	9.6467856928939E-4	3.8752423572182475E-4	4.757405995595036	1.464646752845589
442	9.964488162950147E-4	2.711728650410805E-4	9.632195251469966E-4	1.9293188183277434E-4	9.820686436796677E-4	3.98495146329782E-4	4.7354851233722	1.5161821819639578
443	9.95962920569582E-4	2.725945376672219E-4	9.931961340043927E-4	1.7949760345418062E-4	9.82336803645012E-4	3.819573144975645E-4	4.713792935330275	1.5099380149311008
444	9.368557562083879E-4	2.4066282666505381E-4	9.87650926617789E-4	1.6600565979809988E-4	9.769378284545382E-4	3.6594830021555543E-4	4.692017974724877	1.5584568060324306
445	9.194129661409534E-4	2.4459816916078125E-4	9.985495089495089E-4	1.7699026653954735E-4	9.777306113392115E-4	3.7704428592805374E-4	4.670545203618531	1.4976989167399657
446	9.053317508005421E-4	2.476846394756649E-4	9.60382090852363E-4	1.6347316179327618E-4	9.51666384935379E-4	3.7643257097429205E-4	4.649148671869625	1.4913460490951216
447	9.577916098351125E-4	2.7783205132436706E-4	9.986834157871272E-4	1.7962572556773037E-4	9.662366330758232E-4	3.5219238438810916E-4	4.627744925481238	1.5384237337156903
448	9.775398903002497E-4	2.8225107579752756E-4	9.986902932723751E-4	1.9294082163350654E-4	9.750365495619917E-4	3.752049455952698E-4	4.606526300445694	1.4788690547948782
449	9.86389786703512E-4	2.831049422790481E-4	9.9547189893201E-4	1.6889278795067673E-4	9.900859822664643E-4	3.780976926616777E-4	4.58534244065595	1.5254240099151062
450	8.948341019276995E-4	2.5486673791874637E-4	9.634878460929031E-4	1.4636913737496747E-4	9.642610802984564E-4	3.5618040398608785E-4	4.564279647223884	1.4940744735623266
451	9.97883082163753E-4	2.8298862427315424E-4	9.752099722390994E-4	1.9193805710001735E-4	9.99181720544584E-4	3.8763617907425755E-4	4.543383714215452	1.5125774575779154
452	9.004948169604177E-4	2.3784835059359466E-4	9.87942505389583E-4	1.779197159010806E-4	9.870331250567688E-4	3.8324560246754986E-4	4.522533720682986	1.5062066888350338
453	9.357174421893433E-4	2.553848354409638E-4	9.671707266534213E-4	1.7183027809379922E-4	9.823474040331348E-4	3.742889546445901E-4	4.501678277476458	1.4997920804888731
454	9.027833193613333E-4	2.3712519172628768E-4	9.995663785957731E-4	1.6806540968933143E-4	9.880778234219179E-4	3.7160671082455706E-4	4.481062042821577	1.4851430766573066
455	9.210501366396784E-4	2.5890394378317677E-4	9.716993679376174E-4	1.5954082437843496E-4	9.96520109993071E-4	3.876518495110648E-4	4.460471054717345	1.4361521305720037
456	8.798272820058628E-4	2.3151668930646943E-4	9.812312634949194E-4	1.8538338776638938E-4	9.709953701531049E-4	3.6521831343498657E-4	4.440002615159756	1.4808549914657947
457	9.212980767188128E-4	2.4837477493141097E-4	9.602182436765361E-4	1.7286581586519617E-4	9.803331136026827E-4	3.6784908437753535E-4	4.419623658384808	1.4435344764328466
458	9.970993269234896E-4	2.74114735210181E-4	9.583767890717354E-4	1.675818722267228E-4	9.78048116849095E-4	3.7642525633387004E-4	4.3994563672094955	1.4178447381698271
459	9.547141685288807E-4	2.613319438751205E-4	9.97504041151842E-4	1.6208513704401886E-4	9.728653803904308E-4	3.477565613159084E-4	4.3791401983908145	1.4619494862311486
460	9.587001113686711E-4	2.534010255506776E-4	9.547866939101368E-4	1.8385867633859173E-4	9.983174036278797E-4	3.727256666400425E-4	4.359032987878891	1.3984415906540248
461	9.237045887857676E-4	2.503884985571858E-4	9.970553019229556E-4	1.6875430106744676E-4	9.668000060401027E-4	3.9687055558109324E-4	4.339060795249679	1.4004033660129365
462	9.963130478354287E-4	2.770778176378978E-4	9.800259952044144E-4	1.7722023773515411E-4	9.511912194284378E-4	3.5863966547482835E-4	4.319140257881372	1.4436135819480997
463	8.913960737118032E-4	2.5659445479201776E-4	9.828310659258932E-4	1.6948633938754674E-4	9.58563321546535E-4	3.577114564704835E-4	4.299324836330925	1.437526785810587
464	9.26606673601782E-4	2.597984259106549E-4	9.631782904762076E-4	1.8445985745239486E-4	9.757414475188853E-4	3.716567225670328E-4	4.279627449162945	1.3864489592649498
465	9.721908927531331E-4	2.65789754053003E-4	9.826851728576003E-4	1.7435652484661094E-4	9.746346859174082E-4	3.758093383983881E-4	4.260065100530483	1.3767533887576002
466	9.686528196652944E-4	2.6585686365857936E-4	9.909017064728687E-4	1.5244752125909145E-4	9.984160988096846E-4	3.881018035165405E-4	4.240507737355074	1.371222870723569
467	9.741290850797668E-4	2.7730395697744825E-4	9.904771741275908E-4	1.6329480481248459E-4	9.959516713706762E-4	3.89661695010939E-4	4.221015479193738	1.4132405875519902
468	9.180261804431211E-4	2.651029404129683E-4	9.828208094404545E-4	1.9106218092415276E-4	9.655897727043339E-4	3.5954846696313326E-4	4.201615017056611	1.362967318850057
469	8.962742658695788E-4	2.6528161508091824E-4	9.991715011210545E-4	1.832855586477255E-4	9.87311967264759E-4	3.488309171104189E-4	4.182320651903865	1.4009171829227225
470	9.259106736863032E-4	2.547129171261986E-4	9.77294646872906E-4	1.697073423030446E-4	9.64367091000895E-4	3.4808807584535574E-4	4.163160571642948	1.3512149372399134
471	9.15981137950439E-4	2.567574807699202E-4	9.494037844888226E-4	1.7690397451924187E-4	9.120762421161999E-4	3.358879709302138E-4	4.144117675597954	1.34523109555457
472	9.299188022851013E-4	2.5094455956301925E-4	9.656879180965916E-4	1.778259290150358E-4	9.523222470306791E-4	3.8052251827456064E-4	4.125253304257058	1.3367528782112281
473	9.580690311850049E-4	2.596190824230386E-4	9.590220568043151E-4	1.7758343542185605E-4	9.57875925450935E-4	3.7965225363277295E-4	4.106277524220786	1.3775368364264615
474	8.987445148704865E-4	2.4170577326761608E-4	9.664248120770935E-4	1.753431591136437E-4	9.575708190823207E-4	3.776462918406637E-4	4.0873990170657635	1.364167996656153
475	9.089818449865561E-4	2.5449938232213754E-4	9.926725597324548E-4	1.674128282031128E-4	9.945638776116539E-4	3.5920380196502623E-4	4.0687271284296	1.3204346709657009
476	8.864720057317754E-4	2.404278834546858E-4	9.948614351742435E-4	1.72405067760535E-4	9.868799804735318E-4	3.8057449939177593E-4	4.049967156897765	1.3148981551049854
477	9.936320084307226E-4	2.5922407667167136E-4	9.997410031701293E-4	1.863689749255344E-4	9.747618278197479E-4	3.6271790647890103E-4	4.031487380238104	1.3544419519896767
478	9.875822051981231E-4	2.5758106452637247E-4	9.994614269999147E-4	1.8022901097544715E-4	9.94463646748045E-4	3.3944594721350453E-4	4.012941404340381	1.3485981949486396
479	9.653312940827163E-4	2.682862589153956E-4	9.291867756928696E-4	1.786433618374007E-4	9.85637869234779E-4	3.7052460180151303E-4	3.994677358379704	1.342959542854668
480	9.177731626550667E-4	2.3809338949831726E-4	9.950672908871638E-4	1.708989731076909E-4	9.691672330518486E-4	3.9155295354051834E-4	3.976403846299945	1.3372474570669015
481	8.729327346372884E-4	2.29453931107552E-4	9.821876501519E-4	1.7112329823762792E-4	9.611811528884573E-4	3.4859535904995854E-4	3.958218241637951	1.3315234509085796
482	9.086589925573207E-4	2.4117682486727668E-4	9.848315712588374E-4	1.691324607032004E-4	9.92583006905079E-4	3.370950007093377E-4	3.9399718276363274	1.2819473741312055
483	9.673425138316816E-4	2.6880169150445E-4	9.659199592988443E-4	1.9675561076303933E-4	9.78770944129792E-4	3.676262936011623E-4	3.922000855251099	1.3201857352419797
484	9.987973107854486E-4	2.8821103508865537E-4	9.797295797397965E-4	1.8535564713338448E-4	9.666619152994826E-4	3.671173825167179E-4	3.904000232756516	1.3145706638286343
485	9.811017357606033E-4	2.4806096670696814E-4	9.929366715368815E-4	1.53511255925021E-4	9.759734057297464E-4	3.6721623161013923E-4	3.88613915134556	1.3089787510642596
486	9.559359823470004E-4	2.690492887419775E-4	9.853590945567703E-4	1.7463654736782675E-4	9.781036407048305E-4	3.5609761205319734E-4	3.86821833252543	1.2604554534560763
487	9.87895185517118E-4	2.614640069396046E-4	9.960503632555628E-4	1.7776004658472905E-4	9.933919019431414E-4	3.6855768805809877E-4	3.8504969466666807	1.2978346802098935
488	8.725469306227751E-4	2.355308570637741E-4	9.93732881397591E-4	1.7303789229737194E-4	9.951185240879568E-4	3.8416598352748196E-4	3.833041486184811	1.2499328041889803
489	9.744169983605389E-4	2.588706604077136E-4	9.631767807150027E-4	1.6481158337867691E-4	9.901497833197936E-4	3.3833921814003766E-4	3.815358389285393	1.2866990468497255
490	9.520721068838611E-4	2.6188089229132555E-4	9.611345285520656E-4	1.7366899790405128E-4	9.984486659959657E-4	3.9764417883035813E-4	3.798043737257103	1.2812642165359789
491	8.963430818766938E-4	2.495538291213961E-4	9.916110066114925E-4	1.6764253140094746E-4	9.80040189006104E-4	3.6896668376584785E-4	3.7806328073493205	1.2341232991307198
492	9.64521131663787E-4	2.443308270964432E-4	9.616848274163203E-4	1.7644602318987512E-4	9.991401493607555E-4	3.5817976109600835E-4	3.763294312873768	1.2288870767909559
493	9.4288878608495E-4	2.615978955494332E-4	9.394434273417573E-4	1.695850748408544E-4	9.97701451069588E-4	4.0801655575423314E-4	3.7461287517435267	1.2241255780160836
494	8.795656985967071E-4	2.4683248504212923E-4	9.578771896485705E-4	1.5530085216016522E-4	9.713482522784034E-4	3.5411977613235155E-4	3.728925103547226	1.218749598225738
495	8.785785366853816E-4	2.3920339200837285E-4	9.853377705439925E-4	1.4409499597962038E-4	9.670847048255382E-4	3.6879862286317194E-4	3.711878579859331	1.2067910713278607
496	8.89985765752499E-4	2.2993995412434742E-4	9.981923537907278E-4	1.5963931258024136E-4	9.986340919567738E-4	3.665130815134586E-4	3.694836351522099	1.201684458087029
497	9.051330489455722E-4	2.497791477935607E-4	9.370853822474601E-4	1.6792761367350582E-4	9.92787736322498E-4	3.667791207851509E-4	3.6781315590487793	1.2436218760586515
498	9.096583380596712E-4	2.524179482179534E-4	9.672787764429813E-4	1.4865261919013668E-4	9.845658848917083E-4	3.75668450823835E-4	3.661239898574422	1.238255268152053
499	9.799724666663678E-4	2.7867157238385215E-4	9.541049112158362E-4	1.9459533471167495E-4	9.674659941083519E-4	3.703554491799715E-4	3.6444414123616298	1.2329777290069315
500	9.592564674676396E-4	2.78408850363121E-4	9.685033668347387E-4	1.5680138286054148E-4	9.576294614817016E-4	3.521369520180386E-4	3.6277267402911093	1.2276753286190956
