source 	 dest 	 demand_centralized 	 demand_DSTAP 	 pathFlows 	 tt_Centralized 	 tt_DSTAP 	 % diff 	 totalTime_Centralized 	 totalTime_DSTAP 	 gap
1	2	100.0	100.0	100.0	6.00081615217836	6.006315221039459	9.163868249991797E-4	600.081615217836	600.6315221039458	-0.5499068861098522
1	3	100.0	100.0	100.0	4.008690040421561	4.077742532961013	0.0172257001272641	400.86900404215606	407.7742532961013	-6.905249253945215
1	4	500.0	500.0	5678.168344315007	8.278070974155941	8.24439670294738	0.0040678886800670925	4139.035487077971	4122.19835147369	16.837135604280775
1	5	200.0	200.0	253.92021612944944	10.593426050200698	10.58036519537086	0.0012329207536773124	2118.6852100401397	2116.073039074172	2.6121709659678345
1	6	300.0	300.0	300.0	12.574468002589246	11.916696067484924	0.05231012039387095	3772.3404007767735	3575.008820245477	197.33158053129637
1	7	500.0	500.0	500.00000000000006	32.766348288283446	20.244363938963946	0.38215989890448354	16383.174144141723	10122.181969481973	6260.99217465975
1	8	800.0	800.0	801.7551360758856	27.26503280946755	29.679755633878035	0.08856482371706496	21812.02624757404	23743.804507102428	-1931.7782595283898
1	9	500.0	500.0	500.0000000000001	20.244589617345337	18.147800852957758	0.1035727966839631	10122.294808672668	9073.900426478878	1048.39438219379
1	10	1300.0	1300.0	1300.0000000000007	25.92715655963681	21.147800852957765	0.18433782723862235	33705.30352752785	27492.141108845095	6213.162418682758
1	11	500.0	500.0	500.00000000000006	15.411371454335832	17.108027210950628	0.11009115974149457	7705.685727167916	8554.013605475313	-848.3278783073965
1	12	200.0	200.0	1566.1563034796661	8.028871579400981	8.091467867720688	0.00779639924498295	1605.7743158801961	1618.2935735441376	-12.519257663941517
1	13	500.0	500.0	500.0	11.051672972466093	11.105901903121552	0.004906852635846488	5525.836486233046	5552.950951560776	-27.114465327729704
1	14	300.0	300.0	300.0000000000001	29.103342182891634	21.10758434900602	0.27473675647417256	8731.00265486749	6332.275304701807	2398.7273501656837
1	15	500.0	500.0	500.00000000000006	39.649970573547016	27.139613306572258	0.3155199634705707	19824.985286773506	13569.806653286128	6255.178633487378
1	16	500.0	500.0	500.00000000000017	37.994035919547855	25.15152073413074	0.3380139770518474	18997.017959773926	12575.760367065372	6421.2575927085545
1	17	400.0	400.0	400.00000000000006	42.23517371037724	39.92054633874005	0.05480331127579758	16894.069484150896	15968.21853549602	925.8509486548755
1	18	100.0	100.0	100.00000000000006	34.82863753911686	22.291703748334438	0.359960500226341	3482.863753911686	2229.170374833444	1253.6933790782423
1	19	300.0	300.0	299.9999999999999	43.97608434284387	33.88547888817325	0.22945666048852387	13192.82530285316	10165.643666451975	3027.1816364011847
1	20	300.0	300.0	300.00000000000017	39.088194465988046	26.24561602272466	0.32855389251703976	11726.458339796414	7873.684806817399	3852.7735329790157
1	21	100.0	100.0	100.00000000000007	40.46652717969982	32.245616022724676	0.20315336476660126	4046.6527179699815	3224.5616022724676	822.0911156975139
1	22	400.0	400.0	400.0	44.67930731800659	21.105901903121552	0.5276134933583565	17871.722927202638	8442.360761248621	9429.362165954017
1	23	300.0	300.0	299.9999999999999	32.43593565748691	88.10427077429246	1.7162549495918766	9730.780697246073	26431.281232287736	-16700.50053504166
1	24	100.0	100.0	100.0	28.713122209244617	15.105901903121554	0.47390249680830654	2871.3122209244616	1510.5901903121553	1360.7220306123063
2	1	100.0	100.0	100.0	6.000834000605171	6.006831180666919	9.993910948282755E-4	600.0834000605171	600.6831180666919	-0.5997180061748395
2	3	100.0	100.0	100.0	10.009524041026733	10.084573713627933	0.007497826299591092	1000.9524041026733	1008.4573713627933	-7.504967260119997
2	4	200.0	200.0	2112.1815845175643	14.278904974761113	14.25122788361425	0.0019383202840682926	2855.7809949522225	2850.2455767228503	5.535418229372226
2	5	100.0	100.0	100.25566067149586	16.59428661969269	16.58719637603778	4.272701693903205E-4	1659.428661969269	1658.7196376037782	0.7090243654906772
2	6	400.0	400.0	400.0	6.573651850410886	5.910380846445466	0.10089840762162697	2629.4607401643543	2364.152338578186	265.3084015861682
2	7	200.0	200.0	200.00000000000009	26.765532136105083	26.263839610838748	0.018743977243388436	5353.106427221017	5252.76792216775	100.338505053267
2	8	400.0	400.0	403.35956269667815	21.26421665728919	23.673440412838573	0.11329943606098102	8505.686662915676	9469.376165135429	-963.6895022197532
2	9	200.0	200.0	200.0000000000001	26.245450186837328	24.182742417313957	0.07859296582223857	5249.090037367466	4836.548483462791	412.5415539046744
2	10	600.0	600.0	600.0000000000003	31.9280171291288	27.191972250995807	0.14833507696324089	19156.81027747728	16315.183350597485	2841.626926879797
2	11	200.0	200.0	199.99999999999991	21.412205454941006	23.109274459543816	0.07925708578567743	4282.441090988201	4621.854891908763	-339.4138009205626
2	12	100.0	100.0	784.2031921142493	14.029705580006153	14.098299048387608	0.0048891595044736735	1402.9705580006153	1409.8299048387607	-6.859346838145484
2	13	300.0	300.0	300.0	17.052506973071264	17.112733083788473	0.0035318039049810537	5115.752091921379	5133.819925136542	-18.067833215162864
2	14	100.0	100.0	100.00000000000001	35.10417618349681	27.112699616140652	0.22765030934163083	3510.417618349681	2711.2699616140653	799.1476567356158
2	15	100.0	100.0	100.00000000000006	45.65085771192582	33.151296750677986	0.2738078009426415	4565.085771192582	3315.1296750677984	1249.9560961247835
2	16	400.0	400.0	399.9999999999999	31.993219767369496	31.193336132475164	0.025001660999126724	12797.287906947799	12477.334452990066	319.95345395773256
2	17	200.0	200.0	200.00000000000017	41.4916724190335	47.5014248814169	0.14484237708448083	8298.3344838067	9500.284976283381	-1201.9504924766807
2	19	100.0	100.0	100.00000000000004	42.59975457105988	47.55054713948836	0.1162164575424994	4259.975457105988	4755.054713948836	-495.0792568428478
2	20	100.0	100.0	99.99999999999997	33.08737831380968	32.28245368696555	0.024327241016498885	3308.737831380968	3228.2453686965555	80.49246268441266
2	22	100.0	100.0	100.00000000000006	40.80050831411491	27.12296672010141	0.3352296860792237	4080.050831411491	2712.296672010141	1367.75415940135
3	1	100.0	100.0	100.0	4.008586155957328	4.074502706593935	0.016443840314781737	400.85861559573283	407.45027065939354	-6.59165506366071
3	2	100.0	100.0	100.0	10.009402308135687	10.080817927633394	0.007134853540621455	1000.9402308135687	1008.0817927633394	-7.141561949770676
3	4	200.0	200.0	1087.6188351863075	4.26938093373438	4.166654169986352	0.024061278518469904	853.8761867468761	833.3308339972705	20.545352749605627
3	5	100.0	100.0	111.98227025098868	6.584736009779139	6.502622662409847	0.012470256552023305	658.4736009779139	650.2622662409847	8.211334736929189
3	6	300.0	300.0	300.0	16.583036639907167	15.99119877407886	0.035689354047740915	4974.91099197215	4797.359632223658	177.55135974849236
3	7	100.0	100.0	100.00000000000006	36.774782714973945	16.17312517860266	0.5602115366947554	3677.4782714973944	1617.312517860266	2060.1657536371285
3	8	200.0	200.0	200.31911565016117	31.273583928146063	33.754258340471985	0.07932171822792998	6254.716785629213	6750.851668094397	-496.1348824651841
3	9	100.0	100.0	100.00000000000003	16.235899576923778	14.070058319996734	0.13339829103189157	1623.5899576923778	1407.0058319996735	216.58412569270422
3	10	300.0	300.0	299.9999999999999	21.91846651921525	17.07005831999673	0.22120198030131671	6575.539955764575	5121.017495999019	1454.522459765556
3	11	300.0	300.0	300.0	11.402681413914271	13.023947435894998	0.14218287463529025	3420.8044241742814	3907.184230768499	-486.3798065942178
3	12	200.0	200.0	902.9915039123428	4.02018153897942	4.013725334759675	0.00160594842724046	804.036307795884	802.745066951935	1.2912408439490264
3	13	100.0	100.0	100.0	7.0429829320445325	7.028159370160538	0.0021047277875045293	704.2982932044532	702.8159370160538	1.4823561883994216
3	14	100.0	100.0	99.99999999999999	25.09465214247007	17.027005974052244	0.3214886631069964	2509.465214247007	1702.7005974052245	806.7646168417828
3	15	100.0	100.0	100.00000000000006	35.64128053312546	23.061865681869147	0.35294508679520775	3564.128053312546	2306.186568186915	1257.941485125631
3	16	200.0	200.0	200.00000000000006	42.00204275152269	21.083791649022338	0.49802937505324085	8400.408550304537	4216.758329804467	4183.65022050007
3	17	100.0	100.0	100.00000000000009	38.22648366995568	37.33271296984437	0.023380928987035452	3822.648366995568	3733.2712969844374	89.3770700111304
3	22	100.0	100.0	100.0	40.670617277585464	17.028159370160537	0.581315443187405	4067.0617277585466	1702.8159370160538	2364.2457907424928
3	23	100.0	100.0	99.99999999999997	28.427245617065346	113.19751359891718	2.982007793641564	2842.7245617065346	11319.751359891718	-8477.026798185183
4	1	500.0	500.0	2512.3355987594327	8.279876620745316	8.237549565558163	0.005112039360719697	4139.938310372658	4118.774782779082	21.163527593575964
4	2	200.0	200.0	996.8691968442405	14.280692772923677	14.243864786597642	0.002578865529259266	2856.1385545847356	2848.7729573195284	7.3655972652072705
4	3	200.0	200.0	889.7675570948313	4.271290464787989	4.163046858964251	0.025342131778694314	854.2580929575978	832.6093717928503	21.648721164747485
4	5	500.0	500.0	10269.949609319274	2.3153550760447583	2.3359684924234783	0.008902917998190209	1157.6775380223792	1167.9842462117392	-10.306708189360052
4	6	400.0	400.0	604.4465940179048	12.313638187533376	15.813072240487969	0.28419172300332035	4925.455275013351	6325.228896195187	-1399.7736211818365
4	7	400.0	400.0	400.0	32.505518473227575	11.989248652765584	0.6311626697282109	13002.20738929103	4795.699461106234	8206.507928184797
4	8	700.0	700.0	5345.276902734205	27.00420299441168	33.57613180688109	0.2433668867705304	18902.942096088176	23503.292264816762	-4600.350168728586
4	9	700.0	700.0	700.0	11.966518643189396	9.89333998683029	0.17324827029279996	8376.563050232577	6925.337990781202	1451.2250594513744
4	10	1200.0	1200.0	1200.0	17.64908558548087	12.89333998683029	0.26946130300160837	21178.90270257704	15472.007984196347	5706.894718380694
4	11	1400.0	1400.0	1400.0	7.133300480179892	8.863675581657777	0.2425770660139425	9986.62067225185	12409.145814320887	-2422.5251420690383
4	12	600.0	600.0	1401.465149621949	8.291472003767408	8.176772193723927	0.013833467687204967	4974.883202260445	4906.0633162343565	68.81988602608817
4	13	600.0	600.0	600.0	11.31427339683252	11.014434035400864	0.02650098251254896	6788.564038099513	6608.660421240518	179.9036168589946
4	14	500.0	500.0	500.0	20.825271208735693	12.863675581657777	0.3823045350659453	10412.635604367846	6431.8377908288885	3980.7978135389576
4	15	500.0	500.0	500.00000000000006	31.371899599391078	18.89521660362488	0.39770250303900523	15685.94979969554	9447.608301812441	6238.341497883099
4	16	800.0	800.0	799.9999999999998	37.733206104491984	16.933515811652804	0.5512303999623044	30186.564883593586	13546.812649322243	16639.752234271342
4	17	500.0	500.0	499.9999999999996	33.957102736221294	31.672063152244128	0.06729194777679796	16978.551368110646	15836.031576122065	1142.5197919885813
4	18	100.0	100.0	100.0	34.567807724061	14.035300866651106	0.5939776980163598	3456.7807724061	1403.5300866651105	2053.2506857409894
4	19	200.0	200.0	200.0000000000001	35.698013368687924	25.630363601974917	0.2820226902470635	7139.602673737585	5126.072720394984	2013.5299533426014
4	20	300.0	300.0	300.0	38.827364650932175	17.989248652765582	0.5366863341230218	11648.209395279653	5396.774595829675	6251.4347994499785
4	21	200.0	200.0	199.99999999999997	40.72912760406624	22.889973984846662	0.43799498463695513	8145.825520813249	4577.994796969332	3567.8307238439165
4	22	400.0	400.0	400.0	40.458788736645936	20.863675581657777	0.48432278293194914	16183.515494658373	8345.47023266311	7838.045261995263
4	23	500.0	500.0	500.00000000000006	29.90313351269473	79.93714245936714	1.6732028743887843	14951.566756347365	39968.57122968357	-25017.004473336205
4	24	200.0	200.0	200.0	28.975722633611042	15.014434035400864	0.48182710660045686	5795.144526722208	3002.8868070801727	2792.257719642035
5	1	200.0	200.0	3253.6644554516542	10.596969503807031	10.572952570921181	0.0022663963388043816	2119.3939007614063	2114.5905141842363	4.803386577169931
5	2	100.0	100.0	1090.2818394043452	16.597803225597353	16.57926779196069	0.0011167401724632288	1659.7803225597354	1657.9267791960688	1.8535433636666312
5	3	100.0	100.0	608.7741761287208	6.588383347849704	6.4984498643272435	0.01365031127883789	658.8383347849704	649.8449864327243	8.993348352246016
5	4	500.0	500.0	5764.310348762754	2.3170928830617155	2.335403005362993	0.007902196081619017	1158.5464415308577	1167.7015026814965	-9.155061150638858
5	6	200.0	200.0	2354.4997354386246	9.99828311148862	13.477103748064488	0.3479418013857296	1999.656622297724	2695.4207496128975	-695.7641273151735
5	7	200.0	200.0	200.0	30.190163397182815	9.989248652765584	0.669122405157379	6038.032679436563	1997.8497305531168	4040.182948883446
5	8	500.0	500.0	1559.9431584300041	24.688847918366925	31.24016331445761	0.26535524937220445	12344.423959183463	15620.081657228806	-3275.657698045343
5	9	800.0	800.0	800.0	9.651163567144637	7.89333998683029	0.18213592258434927	7720.93085371571	6314.671989464232	1406.2588642514784
5	10	1000.0	1000.0	1000.0	15.333730509436112	10.89333998683029	0.28958318524466586	15333.730509436113	10893.33998683029	4440.390522605823
5	11	500.0	500.0	500.0	9.450393363241606	10.863675581657777	0.14954744888327032	4725.196681620803	5431.8377908288885	-706.6411092080853
5	12	200.0	200.0	1600.728306285722	10.608564886829125	10.512175199086919	0.009086025185355418	2121.712977365825	2102.4350398173838	19.27793754844106
5	13	200.0	200.0	200.0	13.631366279894236	13.014434035400864	0.045258283859874265	2726.273255978847	2602.8868070801727	123.38644889867419
5	14	100.0	100.0	100.0	23.142364091797404	14.863675581657777	0.3577287297572996	2314.2364091797403	1486.3675581657776	827.8688510139627
5	15	200.0	200.0	200.0	29.056544523346318	16.89333998683029	0.41860464608044323	5811.308904669264	3378.6679973660584	2432.6409073032055
5	16	500.0	500.0	499.9999999999999	35.41730674174355	14.932348206510117	0.5783883761858564	17708.653370871776	7466.174103255058	10242.479267616718
5	17	200.0	200.0	199.99999999999991	31.641747660176534	29.687660761420513	0.061756604589050024	6328.349532035307	5937.532152284102	390.8173797512045
5	19	100.0	100.0	100.00000000000006	33.38265829264317	23.630363601974917	0.29213655201381766	3338.2658292643173	2363.036360197492	975.2294690668255
5	20	100.0	100.0	100.0	36.512009574887415	15.989248652765584	0.5620824808349408	3651.2009574887416	1598.9248652765584	2052.2760922121834
5	21	100.0	100.0	100.0	42.34356254351584	21.989248652765582	0.48069441180893635	4234.356254351584	2198.924865276558	2035.4313890750254
5	22	200.0	200.0	199.99999999999994	38.14343366060118	22.31581585563944	0.4149500001965026	7628.686732120236	4463.163171127888	3165.5235609923484
5	23	100.0	100.0	100.0	32.22022639575644	81.83608612800795	1.539897923832905	3222.022639575644	8183.608612800795	-4961.58597322515
6	1	300.0	300.0	300.0	12.600354114713905	12.025752454388641	0.045602024760104186	3780.1062344141715	3607.7257363165922	172.38049809757922
6	2	400.0	400.0	400.0	6.599520114108734	6.018921273721722	0.08797591799830762	2639.8080456434936	2407.568509488689	232.23953615480468
6	3	300.0	300.0	300.0	16.609044420576897	16.103494987349656	0.030438201044300735	4982.713326173069	4831.048496204897	151.66482996817194
6	4	400.0	400.0	537.5509540650138	12.337754221230337	15.972846222897596	0.2946315785260279	4935.101688492135	6389.138489159039	-1454.0368006669041
6	5	200.0	200.0	2584.708852745639	10.020661338168622	13.637443217534596	0.36093245318945955	2004.1322676337245	2727.4886435069193	-723.3563758731948
6	7	400.0	400.0	399.9999999999997	20.191880285694197	21.7774100863928	0.07852313792796892	8076.752114277679	8710.964034557119	-634.2119202794402
6	8	800.0	800.0	2778.3412276755084	14.690564806878305	17.763059566393093	0.20914749023646848	11752.451845502645	14210.447653114474	-2457.995807611829
6	9	400.0	400.0	400.0	19.67182490531326	21.530783204364887	0.09449851795648762	7868.729962125305	8612.313281745955	-743.5833196206504
6	10	800.0	800.0	800.0000000000008	25.354391847604735	24.55635414177399	0.03147532429992541	20283.513478083787	19645.083313419193	638.4301646645945
6	11	400.0	400.0	400.0000000000002	19.47105470141023	24.630104492725263	0.26495995571012265	7788.421880564093	9852.041797090105	-2063.6199165260123
6	12	200.0	200.0	699.5585233389166	20.629226224997748	20.1172203221094	0.024819442925489727	4125.845244999549	4023.44406442188	102.40118057766949
6	13	200.0	200.0	200.0	23.65202761806286	23.131654357510264	0.02200121143758478	4730.405523612572	4626.330871502053	104.07465211051931
6	14	100.0	100.0	99.99999999999997	33.163025429966034	28.52479734230344	0.13986142782592753	3316.3025429966033	2852.479734230344	463.8228087662592
6	15	200.0	200.0	200.00000000000006	39.07720586151494	30.548123700730997	0.2182623340831997	7815.441172302988	6109.6247401462	1705.8164321567883
6	16	900.0	900.0	900.0000000000007	25.419567916958613	26.707843237650756	0.05068045707545931	22877.611125262752	24037.05891388568	-1159.4477886229288
6	17	500.0	500.0	499.9999999999998	34.918020568622616	43.1466022665098	0.23565430009745175	17459.01028431131	21573.3011332549	-4114.29084894359
6	18	100.0	100.0	99.99999999999999	22.254169536527616	23.823297492165242	0.07050939164735336	2225.4169536527615	2382.3297492165243	-156.91279556376276
6	19	200.0	200.0	200.00000000000014	36.026102720649	37.28387529440209	0.03491281262106024	7205.2205441298	7456.775058880417	-251.55451475061727
6	20	300.0	300.0	299.9999999999998	26.513726463398793	27.76883930353386	0.047338228440566524	7954.117939019638	8330.651791060158	-376.5338520405203
6	21	100.0	100.0	99.9999999999999	34.68063549174624	33.77494795138883	0.026115079136106174	3468.063549174624	3377.494795138883	90.56875403574077
6	22	200.0	200.0	200.00000000000023	34.226856463704024	33.14373475582683	0.0316453750003538	6845.371292740805	6628.746951165365	216.62434157543976
6	23	100.0	100.0	100.00000000000003	42.240887733925064	95.51689441984487	1.261242590863735	4224.0887733925065	9551.689441984487	-5327.60066859198
6	24	100.0	100.0	99.99999999999999	41.31347685484138	27.168390237704415	0.3423843184836997	4131.347685484138	2716.8390237704416	1414.5086617136967
7	1	500.0	500.0	500.00000000000006	32.97548540176615	20.20152893277992	0.3873773596764724	16487.742700883075	10100.76446638996	6386.978234493115
7	2	200.0	200.0	200.00000000000009	26.97465140116098	26.22363145129203	0.027841692509754816	5394.930280232196	5244.726290258406	150.20398997379016
7	3	100.0	100.0	100.00000000000006	36.98417570762913	16.13352999878575	0.5637720811644935	3698.417570762913	1613.352999878575	2085.0645708843376
7	4	400.0	400.0	400.0	32.712885508282575	11.95242746924342	0.6346263167088338	13085.15420331303	4780.9709876973675	8304.183215615663
7	5	200.0	200.0	200.0	30.39579262522086	9.95242746924342	0.6725722012925759	6079.158525044172	1990.485493848684	4088.673031195488
7	6	400.0	400.0	399.9999999999999	20.37513128705224	22.6504329009076	0.11167052529871262	8150.052514820896	9060.17316036304	-910.1206455421434
7	8	1000.0	1000.0	1000.0	5.551712405190707	3.9524274692434194	0.2880705662007992	5551.712405190707	3952.427469243419	1599.2849359472875
7	9	600.0	600.0	600.0	20.725074227157144	46.84929668269643	1.2605128536189927	12435.044536294286	28109.57800961786	-15674.533473323574
7	10	1900.0	1900.0	2402.0452853719667	25.462974053329468	41.06910478941313	0.6128950492349517	48379.65070132599	78031.29909988496	-29651.648398558966
7	11	500.0	500.0	500.0	37.86845219997992	19.472992139799274	0.48577269445912025	18934.22609998996	9736.496069899636	9197.730030090323
7	12	700.0	700.0	700.0	41.00435733508903	19.952427469243418	0.5134071409486682	28703.050134562323	13966.699228470392	14736.350906091931
7	13	400.0	400.0	400.0	44.02699217598471	20.250665119241805	0.540039777455252	17610.796870393882	8100.266047696722	9510.530822697161
7	14	200.0	200.0	200.00000000000006	32.54406804385984	20.294242129444672	0.37640733475317223	6508.813608771968	4058.8484258889343	2449.9651828830333
7	15	500.0	500.0	523.7611488933829	20.169749436936783	32.64910665923433	0.61871652205278	10084.87471846839	16324.553329617163	-6239.678611148773
7	16	1400.0	1400.0	2633.754737575113	5.228258155437047	5.275069557682402	0.00895353688621408	7319.561417611865	7385.097380755363	-65.53596314349761
7	17	1000.0	1000.0	1419.3384807498387	14.726710807101052	21.46971227644459	0.45787559473851686	14726.710807101052	21469.71227644459	-6743.001469343537
7	18	200.0	200.0	999.4262722681455	2.062289250833419	2.0460522138855217	0.007873307268287269	412.45785016668384	409.21044277710433	3.2474073895795073
7	19	400.0	400.0	400.5584523877817	15.834222434954805	25.88973548944592	0.6350493745934177	6333.688973981922	10355.894195778368	-4022.2052217964465
7	20	500.0	500.0	3874.165636964601	6.321846177704598	6.163775436964473	0.02500388910087634	3160.923088852299	3081.8877184822363	79.03537037006254
7	21	200.0	200.0	1796.1068066606372	14.488755206052042	27.411352575277945	0.8919052869240316	2897.7510412104084	5482.270515055589	-2584.519473845181
7	22	500.0	500.0	500.0	14.034976178009822	12.277539388911219	0.12521836637330228	7017.488089004911	6138.769694455609	878.7183945493016
7	23	200.0	200.0	199.99999999999997	26.400474442790415	78.2049547140143	1.962255655044523	5280.094888558083	15640.99094280286	-10360.896054244778
7	24	100.0	100.0	100.0	26.412840472993267	16.250665119241805	0.38474375234811015	2641.2840472993266	1625.0665119241805	1016.2175353751461
8	1	800.0	800.0	801.7551360758856	27.42377299657544	30.71743856191714	0.1201025681532953	21939.01839726035	24573.950849533714	-2634.9324522733623
8	2	400.0	400.0	504.772863221242	21.422938995970267	24.71060738125023	0.15346486240279109	8569.175598388107	9884.242952500092	-1315.067354111985
8	3	200.0	200.0	200.2393367376209	31.432463302438432	34.79518109487817	0.10698231825117142	6286.492660487686	6959.036218975633	-672.5435584879469
8	4	700.0	700.0	5430.382905751459	27.161173103091873	34.664532330426084	0.2762531352697749	19012.82117216431	24265.172631298257	-5252.351459133948
8	5	500.0	500.0	1352.9835643222507	24.844080220030158	32.32912932506311	0.301280990833311	12422.04011001508	16164.564662531553	-3742.5245525164737
8	6	800.0	800.0	2942.006625678673	14.823418881861533	18.69168610752849	0.26095648085613415	11858.735105489226	14953.348886022792	-3094.6137805335657
8	7	1000.0	1000.0	1000.0	5.501315478815892	3.9892486527655833	0.2748555017200663	5501.315478815892	3989.2486527655833	1512.0668260503085
8	9	800.0	800.0	800.0	15.173361821966438	10.00094453760016	0.34088802106321503	12138.68945757315	8000.755630080128	4137.933827493021
8	10	1600.0	1600.0	1600.000000000001	20.85592876425791	12.936069188154322	0.37974139946605207	33369.486022812656	20697.710701046915	12671.775321765741
8	11	800.0	800.0	800.0	33.261406910908356	16.863675581657777	0.49299572243508455	26609.125528726683	13490.94046532622	13118.185063400462
8	12	600.0	600.0	2146.6121265045776	35.452645106859286	38.80890642963784	0.09466885510692656	21271.58706411557	23285.343857782704	-2013.756793667133
8	13	600.0	600.0	600.0	38.475446499924395	19.014434035400864	0.5058034210093383	23085.267899954637	11408.660421240518	11676.607478714119
8	14	400.0	400.0	400.0000000000002	38.04538352267573	20.868247162428652	0.45149068743147763	15218.153409070292	8347.29886497146	6870.854544098831
8	15	600.0	600.0	599.9999999999999	25.671064915752673	15.936263870871338	0.37921298071696735	15402.638949451604	9561.758322522803	5840.880626928802
8	16	2200.0	2200.0	2200.0	10.729003110080306	8.965862209733787	0.1643340841881182	23603.806842176673	19724.89686141433	3878.9099807623425
8	17	1400.0	1400.0	1399.9999999999998	20.22745576174431	25.231113541619255	0.24736960687553403	28318.43806644203	35323.558958266956	-7005.120891824925
8	18	300.0	300.0	300.0	7.5636047296493105	6.035300866651105	0.20206025005606895	2269.081418894793	1810.5902599953315	458.4911588994614
8	19	700.0	700.0	699.9999999999999	21.335537913770697	22.664123873757376	0.06227103180413199	14934.876539639488	15864.886711630163	-930.0101719906743
8	20	900.0	900.0	900.0	11.823161656520488	9.989248652765584	0.15511189451964394	10640.84549086844	8990.323787489026	1650.5217033794142
8	21	400.0	400.0	400.0	19.990070684867934	15.989248652765584	0.2001404644922486	7996.028273947174	6395.699461106234	1600.3288128409404
8	22	500.0	500.0	500.0	19.53629165682571	16.266788041676804	0.16735538517652027	9768.145828412855	8133.394020838402	1634.7518075744529
8	23	300.0	300.0	299.9999999999999	31.901789921606305	87.85570743943612	1.753942887070847	9570.536976481892	26356.712231830836	-16786.175255348942
8	24	200.0	200.0	200.0	31.91415595180916	20.23991377200739	0.3658013765875571	6382.831190361832	4047.9827544014784	2334.848435960354
9	1	500.0	500.0	500.0000000000001	20.26768790187074	18.100551583010827	0.10692568039099731	10133.84395093537	9050.275791505414	1083.5681594299567
9	2	200.0	200.0	200.00000000000006	26.268521623661066	24.13702574003805	0.0811425901373564	5253.7043247322135	4827.4051480076105	426.29917672460306
9	3	100.0	100.0	100.00000000000003	16.259101745913416	14.026048876416912	0.13734171200803036	1625.9101745913415	1402.6048876416912	223.30528694965028
9	4	700.0	700.0	700.0	11.987811281125426	9.852954793819524	0.17808559354510287	8391.467896787799	6897.068355673667	1494.3995411141323
9	5	800.0	800.0	800.0	9.67071839806371	7.852954793819524	0.18796572595973246	7736.574718450968	6282.363835055619	1454.210883395349
9	6	400.0	400.0	400.0	19.66900150955233	21.33005854188401	0.08445050103458383	7867.6006038209325	8532.023416753604	-664.4228129326711
9	7	600.0	600.0	600.0	20.538614716795337	45.28518065858041	1.2048799922980544	12323.168830077202	27171.108395148243	-14847.939565071041
9	8	800.0	800.0	800.0	15.037299237979447	10.003047701733896	0.334784289158164	12029.839390383557	8002.438161387117	4027.4012289964394
9	10	2800.0	2800.0	11402.996822286244	5.682566942291474	5.62002637817294	0.011005688934887273	15911.187438416126	15736.073858884232	175.11357953189327
9	11	1400.0	1400.0	1400.0	18.088045088941918	13.472992139799276	0.2551438215931938	25323.263124518686	18862.188995718985	6461.074128799701
9	12	600.0	600.0	599.9999999999998	20.279283284892834	17.856680585477495	0.11946194869816089	12167.569970935701	10714.008351286497	1453.5616196492047
9	13	600.0	600.0	599.9999999999999	23.30208467795795	20.872105021192507	0.10428164219418636	13981.25080677477	12523.263012715504	1457.987794059265
9	14	600.0	600.0	599.9999999999998	31.779699563124737	17.462778331765286	0.4505052416534469	19067.81973787484	10477.66699905917	8590.15273881567
9	15	900.0	900.0	4707.977241359975	19.40538095620168	16.584768436622262	0.14535208177286463	17464.84286058151	14926.291592960037	2538.551267621473
9	16	1400.0	1400.0	2381.104412745099	25.76625803606245	40.02648802088317	0.5534459045183087	36072.76125048743	56037.08322923644	-19964.321978749016
9	17	900.0	900.0	918.5039224812675	21.9905840930319	24.384759741011433	0.10887276289937975	19791.52568372871	21946.28376691029	-2154.7580831815794
9	18	200.0	200.0	200.0	22.600903967628756	43.24026405179928	0.9132094943517414	4520.180793525751	8648.052810359855	-4127.872016834104
9	19	400.0	400.0	499.92022108745897	23.73149472549853	23.307130655969296	0.01788189384772594	9492.597890199411	9322.852262387718	169.74562781169334
9	20	600.0	600.0	600.2873103128819	26.860460894499933	42.54759887757403	0.5840234106439427	16116.27653669996	25528.55932654442	-9412.28278984446
9	21	300.0	300.0	305.4973993098142	32.692398976371194	63.795176015887456	0.9513764059344849	9807.719692911358	19138.552804766237	-9330.83311185488
9	22	700.0	700.0	700.0	28.492270093456543	15.262893708770854	0.46431457870125664	19944.58906541958	10684.025596139598	9260.563469279981
9	23	500.0	500.0	500.0	40.85776835823713	84.47912474329704	1.0676392308701712	20428.884179118566	42239.56237164852	-21810.678192529955
9	24	200.0	200.0	200.0	40.96353391473647	21.262893708770854	0.48093116787656814	8192.706782947294	4252.578741754171	3940.128041193124
10	1	1300.0	1300.0	1300.0	25.985391844072538	21.425907364740706	0.1754633721396772	33781.0093972943	27853.679574162918	5927.329823131382
10	2	600.0	600.0	599.9999999999999	31.986225565862863	27.505641561381196	0.14007854710008508	19191.73533951772	16503.38493682872	2688.3504026890005
10	3	300.0	300.0	300.0	21.976805688115213	17.35140465814677	0.21046739437978487	6593.041706434564	5205.421397444031	1387.620308990533
10	4	1200.0	1200.0	1200.0	17.70551522332722	12.852954793819524	0.2740705575805212	21246.618267992668	15423.54575258343	5823.072515409238
10	5	1000.0	1000.0	1000.0	15.388422340265508	10.852954793819524	0.29473245834814604	15388.422340265508	10852.954793819525	4535.467546445983
10	6	800.0	800.0	800.0	25.38670545175413	24.352014280787195	0.040757205496132626	20309.364361403303	19481.611424629755	827.7529367735478
10	7	1900.0	1900.0	2411.5109595834574	25.309863574498706	39.665167059376955	0.5671821755429028	48088.74079154754	75363.81741281622	-27275.07662126868
10	8	1600.0	1600.0	1599.9999999999995	20.75500318018124	12.961117121391101	0.37551842276913977	33208.00508828999	20737.78739422576	12470.217694064228
10	9	2800.0	2800.0	11800.21431779116	5.717703942201797	5.780191893283304	0.010928853909397017	16009.571038165031	16184.53730119325	-174.96626302821824
10	11	4000.0	4000.0	4000.0	12.405478146650445	10.472992139799274	0.1557768256899436	49621.91258660178	41891.9685591971	7729.944027404679
10	12	2000.0	2000.0	2000.0	25.996995291899005	19.523100750114942	0.24902472263021144	51993.99058379801	39046.20150022989	12947.789083568125
10	13	1900.0	1900.0	1900.0000000000002	29.01980474976849	22.353934410567426	0.22970073012824946	55137.629024560134	42472.47538007811	12665.153644482023
10	14	2100.0	2100.0	2099.999999999999	26.097290748019756	14.470630159514592	0.44551216832296614	54804.31057084149	30388.323334980643	24415.987235860845
10	15	4000.0	4000.0	9092.1396912017	13.722814013910208	10.964742058449406	0.20098443020979997	54891.25605564083	43858.96823379763	11032.287821843202
10	16	4400.0	4400.0	7920.435454980761	20.083031945603754	34.40673303361603	0.7132240354349375	88365.34056065652	151389.62534791054	-63024.284787254015
10	17	3900.0	3900.0	6463.791620065242	16.308017150740426	18.76473336283849	0.1506446914661556	63601.26688788766	73182.46011507012	-9581.193227182463
10	18	700.0	700.0	700.07977891254	23.246619492053984	37.62023767362632	0.6183100380029637	16272.633644437788	26334.166371538424	-10061.532727100635
10	19	1800.0	1800.0	1800.0	18.048927783207056	17.687104277796386	0.020046814401203053	32488.0700097727	31836.787700033496	651.2823097392029
10	20	2500.0	2500.0	2501.9433121673524	27.505376416798743	36.92757249940105	0.3425583398614301	68763.44104199686	92318.93124850263	-23555.49020650577
10	21	1200.0	1200.0	1200.0	27.009832034079725	58.17514963771454	1.153850848250811	32411.79844089567	69810.17956525745	-37398.38112436178
10	22	2600.0	2600.0	2600.0	22.80970315116507	12.262893708770854	0.46238258220627076	59305.22819302919	31883.52364280422	27421.704550224968
10	23	1800.0	1800.0	1800.0000000000002	35.17516917330108	81.77373507308752	1.3247574068572223	63315.30451194194	147192.72313155755	-83877.41861961561
10	24	800.0	800.0	800.0	38.93397218263079	18.262893708770854	0.5309265229064326	31147.177746104633	14610.314967016682	16536.86277908795
11	1	500.0	500.0	500.00000000000006	15.502901175939451	17.169025332956195	0.10747176532367853	7751.450587969725	8584.512666478098	-833.0620785083729
11	2	200.0	200.0	200.0	21.503717328117812	23.144428415319467	0.07629895157970179	4300.743465623563	4628.885683063893	-328.14221744033057
11	3	300.0	300.0	300.0	11.494315019982123	13.09353098135348	0.13913103639418473	3448.294505994637	3928.059294406044	-479.76478841140715
11	4	1500.0	1500.0	1500.0	7.223024555194135	8.934083144745479	0.23688948811906063	10834.536832791202	13401.124717118219	-2566.5878843270166
11	5	500.0	500.0	500.0	9.538379631238893	10.934083144745479	0.14632501194810432	4769.189815619447	5467.041572372739	-697.8517567532926
11	6	400.0	400.0	400.0	19.53666274272751	24.586978697966394	0.25850453691835645	7814.665097091004	9834.791479186557	-2020.1263820955528
11	7	500.0	500.0	500.0	37.51296501886871	19.0999278691218	0.49084462239882415	18756.482509434358	9549.9639345609	9206.518574873458
11	8	800.0	800.0	800.0	32.95810462455124	16.93408314474548	0.48619365896026384	26366.48369964099	13547.266515796384	12819.217183844607
11	9	1400.0	1400.0	1400.0	17.920805386571796	13.099927869121803	0.2690100926525498	25089.127541200516	18339.899016770523	6749.228524429993
11	10	3900.0	3900.0	3900.0	12.20310144437	10.099927869121801	0.17234746304747925	47592.095633043005	39389.71868957503	8202.376943467978
11	12	1400.0	1400.0	1400.0	13.59152521005293	9.050108610315666	0.3341359067176816	19028.1352940741	12670.152054441933	6357.983239632169
11	13	1000.0	1000.0	1000.0	16.61432660311804	250.61638690228372	14.08435417751148	16614.32660311804	250616.38690228373	-234002.0602991657
11	14	1600.0	1600.0	10102.912574939935	13.6919707285558	75.1436471362929	4.488154234771644	21907.15316568928	120229.83541806864	-98322.68225237937
11	15	1400.0	1400.0	1400.0000000000002	25.92611966412344	12.38432487570074	0.5223224672206476	36296.567529772816	17338.054825981035	18958.51270379178
11	16	1400.0	1400.0	1400.0	32.286133389973756	14.099927869121803	0.563282239504702	45200.58674596326	19739.899016770523	25460.687729192734
11	17	1000.0	1000.0	999.9999999999999	28.51111859511043	28.868280138895145	0.012527096844455923	28511.118595110427	28868.280138895145	-357.16154378471765
11	18	100.0	100.0	100.00000000000006	35.44972093642399	17.337690670085408	0.5109216599707778	3544.9720936423987	1733.7690670085408	1811.203026633858
11	19	400.0	400.0	400.0	30.25223343342029	19.104298339982797	0.36849957270004835	12100.893373368117	7641.719335993119	4459.174037374998
11	20	600.0	600.0	600.0000000000005	39.70788206488555	18.4139445973833	0.5362647504771576	23824.72923893133	11048.36675842998	12776.36248050135
11	21	400.0	400.0	399.99999999999994	38.28195388804538	14.026298403188886	0.63360547258877	15312.781555218151	5610.519361275554	9702.262193942597
11	22	1100.0	1100.0	2695.0613789769213	35.01300464428501	241.4536227900116	5.896112608531093	38514.30510871351	265598.98506901274	-227084.67996029923
11	23	1300.0	1300.0	1300.3988945627011	22.769833032514835	142.11605768264306	5.241418524224765	29600.782942269285	184750.87498743596	-155150.09204516668
11	24	600.0	600.0	993.4478669652633	26.528548917590182	203.74594630524797	6.6802522044525	15917.129350554109	122247.56778314878	-106330.43843259467
12	1	200.0	200.0	1732.2448097130168	8.028374890716764	8.087746750733109	0.0073952525666180265	1605.6749781433527	1617.5493501466217	-11.874372003268945
12	2	100.0	100.0	808.0761005301744	14.029191042895123	14.094061971772566	0.0046239964000131225	1402.9191042895122	1409.4061971772567	-6.4870928877444385
12	3	200.0	200.0	604.1306550386333	4.019788734759436	4.013244044139186	0.0016281180559707766	803.9577469518871	802.6488088278372	1.3089381240498597
12	4	600.0	600.0	1469.9659356336006	8.289169668493816	8.17989821412554	0.013182436690082998	4973.5018010962895	4907.938928475324	65.56287262096521
12	5	200.0	200.0	1607.5642513317875	10.604524744538573	10.515866706549021	0.008360397106453199	2120.9049489077147	2103.173341309804	17.731607597910624
12	6	200.0	200.0	699.2066026898826	20.6028253746666	20.004442818218095	0.029043713450305795	4120.56507493332	4000.888563643619	119.67651128970101
12	7	700.0	700.0	699.9999999999999	40.79449558509997	19.995727419525142	0.5098425134878123	28556.146909569983	13997.0091936676	14559.137715902383
12	8	600.0	600.0	2099.665685613556	35.29325597091749	37.767502384611035	0.07010535995127178	21175.953582550497	22660.50143076662	-1484.5478482161234
12	9	600.0	600.0	599.9999999999998	20.255688311683212	17.896704111978952	0.11646033269299612	12153.412987009928	10738.022467187371	1415.3905198225566
12	10	2000.0	2000.0	2000.0	25.938497250849284	19.110149970257126	0.2632514603508337	51876.994501698566	38220.299940514255	13656.694561184311
12	11	1400.0	1400.0	1400.0	13.73563780335388	9.010222101135323	0.34402593966657563	19229.892924695432	12614.310941589452	6615.58198310598
12	13	1300.0	1300.0	1300.0	3.022801393065112	3.014434035400863	0.002768080524061225	3929.6418109846454	3918.7642460211223	10.877564963523128
12	14	700.0	700.0	700.0000000000003	27.42760853190968	13.010570571550492	0.52563962853656	19199.325972336777	9107.399400085344	10091.926572251434
12	15	700.0	700.0	700.0000000000001	39.661528067613176	19.34653432061276	0.5122090533770745	27763.069647329223	13542.574024428934	14220.49562290029
12	16	700.0	700.0	700.0	46.02168301754968	23.110149970257126	0.49784213755406515	32215.178112284775	16177.104979179989	16038.073133104786
12	17	600.0	600.0	600.0000000000001	42.246514401589714	37.234513695384734	0.11863702312956688	25347.90864095383	22340.70821723084	3007.2004237229885
12	18	200.0	200.0	200.0	42.85678483593339	22.046419291336623	0.4855792524862541	8571.356967186677	4409.283858267325	4162.073108919352
12	19	300.0	300.0	300.0000000000001	43.98787123677417	26.073705179805312	0.40725239829274773	13196.36137103225	7822.111553941594	5374.249817090656
12	20	400.0	400.0	400.0	40.52055720738305	19.419650858177718	0.5207457104109279	16208.22288295322	7767.860343271087	8440.362539682134
12	21	300.0	300.0	300.0	32.43765560029884	11.27828401971708	0.6523089042349541	9731.296680089652	3383.485205915124	6347.8114741745285
12	22	700.0	700.0	700.0	36.65043573860582	13.015613521330678	0.6448715203781151	25655.305017024075	9110.929464931474	16544.3755520926
12	23	700.0	700.0	699.9999999999995	24.407064078085924	68.66830930756157	1.8134604427582897	17084.944854660145	48067.8165152931	-30982.871660632958
12	24	500.0	500.0	500.0	20.684250629843635	7.014434035400862	0.6608804369600753	10342.125314921817	3507.2170177004314	6834.9082972213855
13	1	500.0	500.0	500.0	11.051853880522888	11.102166342463534	0.004552400211272541	5525.926940261444	5551.083171231767	-25.156230970323122
13	2	300.0	300.0	300.0	17.052670032701247	17.10848156350299	0.003272891030830747	5115.801009810374	5132.5444690508975	-16.743459240523407
13	3	100.0	100.0	100.0	7.043267724565561	7.027663635869612	0.0022154615309488983	704.3267724565561	702.7663635869611	1.560408869594994
13	4	600.0	600.0	600.0	11.31264865829994	11.014419591730427	0.026362443984389704	6787.589194979964	6608.651755038256	178.93743994170836
13	5	200.0	200.0	200.0	13.628003734344698	13.014419591730427	0.045023772709127156	2725.6007468689395	2602.8839183460855	122.71682852285403
13	6	200.0	200.0	200.0	23.626304364472723	23.018862409948518	0.025710409260520064	4725.260872894544	4603.772481989704	121.48839090484034
13	7	400.0	400.0	400.0	43.81959410232007	20.263849984316217	0.5375618966939877	17527.837640928028	8105.5399937264865	9422.297647201542
13	8	600.0	600.0	600.0	38.316734960723615	19.014419591730427	0.5037567890056116	22990.040976434168	11408.651755038256	11581.389221395912
13	9	600.0	600.0	600.0	23.279167301489338	20.907759578560714	0.10186823661759185	13967.500380893602	12544.655747136429	1422.8446337571731
13	10	1900.0	1900.0	1899.9999999999993	28.96197624065541	22.197146226606044	0.2335762572912144	55027.75485724528	42174.57783055148	12853.177026693797
13	11	1000.0	1000.0	1000.0	16.759116793160004	246.8776521507411	13.730946457244137	16759.116793160003	246877.6521507411	-230118.5353575811
13	12	1300.0	1300.0	1300.0	3.0234789898061245	3.0144195917304257	0.0029963489431357668	3930.522686747962	3918.7454692495535	11.77721749840839
13	14	600.0	600.0	1197.846551745354	30.449599499255623	173.93153387793387	4.712112367264004	18269.759699553375	104358.92032676033	-86089.16062720696
13	15	700.0	700.0	700.0	42.68398328278752	16.32882844222768	0.617448345107652	29878.788297951265	11430.179909559378	18448.608388391887
13	16	600.0	600.0	600.0	44.924131008514365	21.276422374568853	0.5263921216297677	26954.47860510862	12765.853424741312	14188.625180367308
13	17	500.0	500.0	499.99999999999994	45.269993391395836	34.02135656559145	0.24847887050812653	22634.99669569792	17010.678282795725	5624.318412902194
13	18	100.0	100.0	100.0	41.75816210391074	20.538878177815132	0.5081469791053945	4175.8162103910745	2053.887817781513	2121.9283926095613
13	19	300.0	300.0	300.0	47.01030726425381	23.051190661574683	0.5096566688662639	14103.092179276144	6915.357198472405	7187.734980803739
13	20	600.0	600.0	600.0	37.497755814317934	14.263849984316218	0.619607902538269	22498.65348859076	8558.30999058973	13940.34349800103
13	21	600.0	600.0	600.0	29.414854207233724	8.263849984316218	0.719058611472432	17648.912524340234	4958.309990589731	12690.602533750503
13	22	1300.0	1300.0	7017.3219627083945	33.62763434554049	208.86797830408244	5.211200471548524	43715.92464920264	271528.37179530715	-227812.4471461045
13	23	800.0	800.0	800.9595996769825	21.38426268502081	109.53041319671473	4.12201027503456	17107.41014801665	87624.33055737178	-70516.92040935514
13	24	800.0	800.0	4888.82704411571	17.661449236778523	48.07315634279342	1.721925913230552	14129.159389422819	38458.525074234734	-24329.365684811914
14	1	300.0	300.0	299.9999999999999	29.34728013035832	21.10314720610654	0.28091642181599064	8804.184039107497	6330.944161831962	2473.239877275534
14	2	100.0	100.0	100.00000000000004	35.34809628253668	27.108629696237426	0.23309505893730034	3534.809628253668	2710.8629696237426	823.9466586299254
14	3	100.0	100.0	100.00000000000003	25.338693974400993	17.028956705888834	0.3279465499250776	2533.8693974400994	1702.8956705888834	830.973726851216
14	4	500.0	500.0	500.0	21.067403509613005	12.934083144745479	0.386061830597981	10533.701754806503	6467.041572372739	4066.660182433764
14	5	100.0	100.0	100.0	23.38275858565776	14.934083144745479	0.36132073168195095	2338.275858565776	1493.408314474548	844.8675440912282
14	6	100.0	100.0	99.99999999999994	33.38104169714638	28.428869962062873	0.14835282194045038	3338.104169714638	2842.886996206287	495.2171735083507
14	7	200.0	200.0	200.0000000000001	32.33976591421051	20.400214160126772	0.3691910382331291	6467.953182842102	4080.0428320253545	2387.9103508167477
14	8	400.0	400.0	400.0000000000002	37.891478319401216	20.936795935239243	0.4474537055863779	15156.591327760487	8374.718374095697	6781.87295366479
14	9	600.0	600.0	599.9999999999995	31.76515245604937	17.10128427990919	0.46163380441599566	19059.09147362962	10260.770567945514	8798.320905684108
14	10	2100.0	2100.0	2100.0000000000005	26.04741662890628	14.200721053576888	0.45481268811059167	54699.57492070319	29821.514212511465	24878.060708191726
14	11	1600.0	1600.0	10196.099474137493	13.844378954418866	72.94611827280708	4.269006180268133	22151.006327070187	116713.78923649133	-94562.78290942113
14	12	700.0	700.0	699.9999999999993	27.4359041644718	13.041458506802407	0.5246572364219555	19205.13291513026	9129.020954761685	10076.111960368575
14	13	600.0	600.0	1263.5114807059074	30.45039643376506	175.47273976599146	4.762576528278552	18270.237860259036	105283.64385959487	-87013.40599933584
14	15	1300.0	1300.0	1300.0	12.234353141410867	8.381936120635796	0.31488522329271346	15904.659083834127	10896.516956826536	5008.142127007592
14	16	700.0	700.0	700.0	33.442390047545516	15.381936120635796	0.5400467460977795	23409.673033281862	10767.355284445057	12642.317748836806
14	17	700.0	700.0	700.0	23.97282879972532	26.07165177356999	0.08755007560345641	16780.980159807725	18250.156241498993	-1469.1760816912683
14	18	100.0	100.0	100.00000000000003	30.276521831765784	18.542118764696156	0.38757434332361207	3027.6521831765785	1854.2118764696156	1173.440306706963
14	19	300.0	300.0	300.0	16.560466910707717	15.104298339982797	0.08793040549982234	4968.140073212315	4531.289501994839	436.8505712174756
14	20	500.0	500.0	500.0000000000003	26.01611554217298	14.410092782714266	0.44610897966858154	13008.057771086489	7205.046391357133	5803.011379729356
14	21	400.0	400.0	400.00000000000017	24.58998315948958	10.026860043465662	0.5922380272311747	9835.993263795832	4010.744017386265	5825.249246409567
14	22	1200.0	1200.0	2351.141528960735	21.32123812157244	166.30997565371743	6.800202535398169	25585.485745886926	199571.97078446092	-173986.485038574
14	23	1100.0	1100.0	5756.45238493645	9.077862303959034	66.97241054635018	6.377553029983964	9985.648534354938	73669.65160098519	-63684.003066630255
14	24	400.0	400.0	402.93786646151426	12.836578189034382	128.60229916895503	9.018425259062672	5134.631275613753	51440.91966758201	-46306.28839196826
15	1	500.0	500.0	500.0	39.79845533156796	27.425907364740706	0.31088010486209505	19899.22766578398	13712.953682370353	6186.273983413626
15	2	100.0	100.0	100.00000000000004	45.799280268552295	33.487908855752764	0.26881146036814546	4579.928026855229	3348.790885575276	1231.137141279953
15	3	100.0	100.0	100.0	35.789869175610626	23.35140465814677	0.34754149160009157	3578.9869175610625	2335.140465814677	1243.8464517463854
15	4	500.0	500.0	500.0	31.518578710822638	18.852954793819524	0.40184628987264825	15759.28935541132	9426.477396909762	6332.8119585015575
15	5	200.0	200.0	200.0	29.201485827760923	16.852954793819524	0.4228733807168827	5840.297165552184	3370.590958763905	2469.7062067882794
15	6	200.0	200.0	200.0000000000001	39.199768939249545	30.360602955356583	0.22549025729186306	7839.953787849909	6072.120591071317	1767.8331967785916
15	7	500.0	500.0	1054.4492874441737	20.10541277279964	32.128498625693645	0.5980024378887604	10052.70638639982	16064.249312846823	-6011.542926447004
15	8	600.0	600.0	600.0000000000001	25.657125177990345	15.952532406882376	0.37824162698605596	15394.275106794206	9571.519444129426	5822.75566266478
15	9	1000.0	1000.0	4998.500417969986	19.530767429697214	16.94194604942233	0.13255092968535837	19530.767429697215	16941.94604942233	2588.8213802748833
15	10	4000.0	4000.0	8811.629765914307	13.813063487495414	11.161754156138974	0.19194216646847367	55252.253949981656	44647.016624555894	10605.237325425762
15	11	1400.0	1400.0	1400.0	26.218619597743892	12.450714782719327	0.5251193627375139	36706.06743684145	17431.00069580706	19275.06674103439
15	12	700.0	700.0	700.0	39.810058779394424	19.27731330050128	0.5157677759953682	27867.0411455761	13494.119310350896	14372.921835225203
15	13	700.0	700.0	700.0	42.824921531841454	16.26739619257108	0.6201418330568138	29977.445072289018	11387.177334799757	18590.26773748926
15	14	1300.0	1300.0	1300.0	12.374318606923058	8.450714782719327	0.31707635376452914	16086.614188999976	10985.929217535126	5100.684971464851
15	16	1200.0	1200.0	3696.2631657852016	21.208036906134648	33.31258658594252	0.5707529524482533	25449.644287361578	39975.10390313102	-14525.459615769443
15	17	1500.0	1500.0	5740.778091444054	11.738475658314453	17.671106010022818	0.5054004049926395	17607.71348747168	26506.659015034227	-8898.945527562548
15	18	200.0	200.0	200.07977891254032	18.042168690354917	30.083569239943067	0.6674031684464468	3608.4337380709835	6016.713847988613	-2408.28010991763
15	19	800.0	800.0	5198.723537399352	4.32611376929685	6.7223622193470005	0.5539032438436375	3460.89101543748	5377.889775477601	-1916.998760040121
15	20	1100.0	1100.0	1102.4960907131112	13.781762400762112	25.962830440951677	0.8838541607360731	15159.938640838323	28559.113485046844	-13399.17484420852
15	21	800.0	800.0	800.0	13.287018020169516	47.210407579265144	2.5531228683215734	10629.614416135613	37768.32606341212	-27138.711647276505
15	22	2600.0	2600.0	2600.0	9.086889137254863	6.262893708770853	0.31077692110340144	23625.911756862643	16283.523642804217	7342.388114058425
15	23	1000.0	1000.0	1000.0	21.452284156458777	74.82464602067614	2.487957062052444	21452.284156458776	74824.64602067614	-53372.36186421737
15	24	400.0	400.0	400.0000000000001	25.211103287110745	12.268027014169983	0.5133879356861765	10084.441314844298	4907.210805667993	5177.2305091763055
16	1	500.0	500.0	500.0000000000001	38.20231705491657	25.22032581366537	0.3398220904399421	19101.158527458287	12610.162906832684	6490.995620625603
16	2	400.0	400.0	399.99999999999994	32.20148307856688	31.238020686893858	0.02991981423098794	12880.593231426752	12495.208274757542	385.3849566692097
16	3	200.0	200.0	200.0000000000001	42.21117894614988	21.137012954345856	0.49925556494617207	8442.235789229975	4227.402590869171	4214.833198360804
16	4	800.0	800.0	800.0	37.93988849753221	16.924714480875434	0.5539071106659605	30351.91079802577	13539.771584700347	16812.13921332542
16	5	500.0	500.0	499.99999999999994	35.62262427837128	14.942157850353464	0.5805430354151145	17811.31213918564	7471.078925176732	10340.23321400891
16	6	900.0	900.0	899.9999999999993	25.601962940202668	27.647059768353934	0.07988046982678261	23041.7666461824	24882.35379151854	-1840.5871453361397
16	7	1400.0	1400.0	1530.7661142952963	5.226831628894952	5.2584340257609545	0.006046186123788335	7317.5642804529325	7361.807636065337	-44.24335561240423
16	8	2200.0	2200.0	2200.000000000001	10.778544082596614	8.952532420231362	0.1694117172386565	23712.796981712552	19695.571324508997	4017.225657203555
16	9	1400.0	1400.0	1831.6901926355356	25.952077200236456	41.574227125050314	0.6019614462564684	36332.908080331035	58203.91797507044	-21871.009894739407
16	10	4400.0	4400.0	8257.288335512178	20.234715897892425	35.79403523173078	0.7689418231693067	89032.74995072668	157493.75501961543	-68461.00506888876
16	11	1400.0	1400.0	1400.0	32.64019404454287	14.472992139799276	0.5565898866885254	45696.27166236002	20262.188995718985	25434.082666641036
16	12	700.0	700.0	699.9999999999995	46.23132156089241	23.613567314649195	0.48923010380425347	32361.92509262469	16529.497120254437	15832.427972370253
16	13	600.0	600.0	600.0	45.127957013340755	21.250665119241805	0.5291019907468962	27076.77420800445	12750.399071545084	14326.375136459368
16	14	700.0	700.0	700.0	33.645266029715145	15.450714782719327	0.5407759662511387	23551.686220800602	10815.50034790353	12736.185872897073
16	15	1200.0	1200.0	4440.747120971324	21.270947422792084	33.81661560326596	0.5898029801451644	25525.1369073505	40579.93872391915	-15054.801816568648
16	17	2800.0	2800.0	4257.268015410466	9.498452651664003	16.194642718762218	0.7049769381042428	26595.66742465921	45344.99961253421	-18749.332187875
16	18	500.0	500.0	600.8617785236163	3.163587546450229	3.213504640010353	0.015778635118264515	1581.7937732251146	1606.7523200051764	-24.95854678006185
16	19	1300.0	1300.0	1300.7180102128618	16.93542042081011	27.05723385699303	0.5976712230742919	22016.046547053145	35174.40401409094	-13158.357467037797
16	20	1600.0	1600.0	1600.0	7.423144473321407	7.331227863089305	0.012382435848102861	11877.03115731425	11729.964580942888	147.06657637136232
16	21	600.0	600.0	1986.9346585440185	15.590053501668852	28.57880500140278	0.8331434846162354	9354.03210100131	17147.283000841668	-7793.250899840357
16	22	1200.0	1200.0	1200.0	15.13627447362663	13.262893708770854	0.12376762644731011	18163.529368351956	15915.472450525025	2248.0569178269307
16	23	500.0	500.0	499.9999999999997	27.501772738407226	79.10480886034657	1.8763530850458168	13750.886369203614	39552.40443017328	-25801.518060969665
16	24	300.0	300.0	300.0	27.514138768610078	17.250665119241805	0.3730254374190157	8254.241630583023	5175.199535772542	3079.042094810481
17	1	400.0	400.0	399.99999999999994	42.29340899481296	41.03966243068406	0.02964401768329105	16917.36359792518	16415.864972273623	501.49862565155854
17	2	200.0	200.0	200.00000000000006	41.67104432638708	47.055585470890165	0.12921541160161096	8334.208865277416	9411.117094178033	-1076.9082289006165
17	3	100.0	100.0	100.00000000000006	38.284822838855625	36.96098819169843	0.03457857576432662	3828.4822838855625	3696.0988191698434	132.38346471571913
17	4	500.0	500.0	499.9999999999996	34.013532374067644	32.479970240546834	0.04508682358113496	17006.766187033823	16239.985120273417	766.7810667604062
17	5	200.0	200.0	199.99999999999997	31.69643949100593	30.46839803071599	0.03874382990677566	6339.287898201186	6093.679606143198	245.60829205798836
17	6	500.0	500.0	499.99999999999983	35.07152421227834	43.54955063294187	0.24173532833498645	17535.76210613917	21774.775316470936	-4239.0132103317665
17	7	1000.0	1000.0	2308.165369813455	14.696392876715146	20.899914601703987	0.4221118594902055	14696.392876715146	20899.914601703986	-6203.521724988839
17	8	1400.0	1400.0	1400.0000000000002	20.24810533041681	24.81326007354908	0.2254608354034228	28347.347462583533	34738.56410296871	-6391.216640385177
17	9	900.0	900.0	908.8466269451051	22.025721092942216	25.379584406326387	0.15227030703021394	19823.148983647996	22841.625965693747	-3018.4769820457514
17	10	3900.0	3900.0	7003.538485096853	16.308017150740422	19.599392513043103	0.20182560098382313	63601.26688788765	76437.63080086811	-12836.363912980458
17	11	1000.0	1000.0	999.9999999999999	28.713495297390867	30.07239006935988	0.04732599629180263	28713.495297390866	30072.39006935988	-1358.894771969015
17	12	600.0	600.0	600.0000000000005	42.305012442639416	39.148241138047176	0.0746193210289785	25383.00746558365	23488.944682828307	1894.0627827553435
17	13	500.0	500.0	500.00000000000017	45.327805770900156	33.90765895558993	0.2519457234049879	22663.90288545008	16953.829477794967	5710.0734076551125
17	14	700.0	700.0	700.0000000000001	24.146813378051142	26.078145368897538	0.07998289300574661	16902.7693646358	18254.701758228275	-1351.9323935924767
17	15	1500.0	1500.0	5299.175057026357	11.772494771128084	17.62198952952893	0.4968780935665962	17658.742156692126	26432.984294293394	-8774.242137601268
17	16	2800.0	2800.0	3279.6362298179324	9.469561247820195	15.641480575943048	0.6517640222817684	26514.771493896547	43796.14561264053	-17281.374118743985
17	18	600.0	600.0	600.0	12.633148794270424	18.854985215953384	0.49250084226861807	7579.889276562254	11312.99112957203	-3733.1018530097763
17	19	1700.0	1700.0	1700.0	7.436967769146107	10.862618359740516	0.4606246385531577	12642.845207548382	18466.451211558877	-5823.606004010495
17	20	1700.0	1700.0	1700.0	16.892661060876485	22.972708439032335	0.35992241579020845	28717.523803490025	39053.60434635497	-10336.080542864947
17	21	600.0	600.0	600.6382313003218	25.05956377039332	44.220285577345784	0.7646071568727761	15035.738262235993	26532.17134640747	-11496.433084171478
17	22	1700.0	1700.0	1699.9999999999995	20.859383908382945	23.891571550351806	0.14536324060607986	35460.952644251	40615.67163559807	-5154.718991347065
17	23	600.0	600.0	599.9999999999992	33.22477892758686	93.22412936319206	1.805861539857746	19934.867356552117	55934.47761791524	-35999.61026136312
17	24	300.0	300.0	300.00000000000017	36.98363204430267	29.90921124746375	0.19128518227643168	11095.0896132908	8972.763374239126	2122.326239051674
18	1	100.0	100.0	100.00000000000006	35.03872948421087	28.661354785740894	0.1820093020594181	3503.8729484210867	2866.1354785740896	637.7374698469971
18	4	100.0	100.0	100.0	34.77612959072731	13.997356854994022	0.597501015215728	3477.612959072731	1399.7356854994023	2077.8772735733287
18	6	100.0	100.0	99.99999999999997	22.438375369496963	24.690654030911006	0.10037619142764768	2243.837536949696	2469.0654030911005	-225.22786614140432
18	7	200.0	200.0	900.07977891254	2.0632440824447227	2.0449293857506037	0.00887665053783557	412.64881648894453	408.98587715012076	3.662939338823776
18	8	300.0	300.0	300.0	7.614956487635429	5.997356854994023	0.21242401519535115	2284.4869462906286	1799.2070564982068	485.2798897924217
18	9	200.0	200.0	200.0	22.78831830960187	44.803244468811236	0.966061903301279	4557.663661920374	8960.648893762247	-4402.985231841873
18	10	700.0	700.0	700.1595578250805	23.400684802496052	39.02305257552761	0.6676030169580842	16380.479361747237	27316.136802869325	-10935.657441122088
18	11	200.0	200.0	200.0000000000001	35.8061629491465	17.727374419156714	0.5049071735406578	7161.232589829299	3545.4748838313426	3615.7577059979567
18	12	200.0	200.0	200.0000000000001	43.06760132905328	22.01555355250593	0.48881403019642283	8613.520265810657	4403.110710501186	4210.409555309471
18	13	100.0	100.0	100.00000000000006	41.96436946689053	18.380552693550452	0.5619962142394984	4196.436946689053	1838.0552693550453	2358.3816773340077
18	14	100.0	100.0	100.00000000000003	30.481778793026418	18.412012950322104	0.3959665846491091	3048.177879302642	1841.2012950322105	1206.9765842704314
18	15	200.0	200.0	200.07977891254032	18.10746018610336	30.603054445348793	0.6900798969496134	3621.492037220672	6120.610889069759	-2499.1188518490867
18	16	500.0	500.0	800.1023081057899	3.1659689046036275	3.22901734379688	0.019914421490866214	1582.9844523018137	1614.50867189844	-31.52421959662638
18	17	600.0	600.0	600.0	12.66442155626763	19.42366006255907	0.5337186918692143	7598.652933760578	11654.196037535441	-4055.543103774863
18	19	300.0	300.0	300.0	13.771933184121385	23.84368327556041	0.7313243505313721	4131.579955236416	7153.104982668123	-3021.525027431707
18	20	400.0	400.0	999.4987973315095	4.259556926871178	4.1177232230789516	0.03329775989081783	1703.8227707484712	1647.0892892315806	56.733481516890606
18	21	100.0	100.0	100.07977891254025	12.426465955218623	25.36530036139241	1.0412320327276952	1242.6465955218623	2536.530036139241	-1293.8834406173787
18	22	300.0	300.0	300.0	11.972686927176401	10.39526261199017	0.131751905381046	3591.8060781529202	3118.578783597051	473.2272945558693
18	23	100.0	100.0	100.00000000000007	24.338185191956995	76.38883911794692	2.138641542722381	2433.8185191956995	7638.883911794692	-5205.065392598992
19	1	300.0	300.0	299.9999999999999	44.13398233354994	34.20593387250768	0.2249524728135652	13240.194700064982	10261.780161752304	2978.414538312678
19	2	100.0	100.0	100.00000000000004	42.75395040466377	40.23498937923702	0.05891762051424305	4275.3950404663765	4023.498937923702	251.89610254267427
19	4	200.0	200.0	200.0000000000001	35.85410571280462	25.61866196180069	0.2854748026067355	7170.821142560923	5123.732392360138	2047.0887502007854
19	5	100.0	100.0	100.00000000000006	33.5370128297429	23.618661961800687	0.2957434199132353	3353.70128297429	2361.8661961800685	991.8350867942213
19	6	200.0	200.0	200.00000000000026	36.154430290555034	37.120727167882464	0.026726928610457595	7230.886058111007	7424.145433576493	-193.2593754654863
19	7	400.0	400.0	401.03712586302345	15.77929900350279	25.406136406346654	0.6100928438396939	6311.719601401116	10162.454562538662	-3850.7349611375457
19	8	700.0	700.0	700.0	21.331011408693495	22.717129671168166	0.06498136613952378	14931.707986085446	15901.990769817716	-970.2827837322693
19	9	400.0	400.0	400.2393367376209	23.866294431679187	23.70131721921066	0.0069125608477175506	9546.517772671674	9480.526887684264	65.99088498741003
19	10	1800.0	1800.0	1800.0	18.14859048947739	17.921125325927356	0.012533489236087932	32667.4628810593	32258.025586669242	409.4372943900562
19	11	400.0	400.0	400.0	30.55414659972587	19.21008595250771	0.37127728670778637	12221.658639890347	7684.0343810030845	4537.624258887263
19	12	300.0	300.0	300.0	44.145671809778804	28.26019456282338	0.3598422358460201	13243.70154293364	8478.058368847014	4765.6431740866265
19	13	300.0	300.0	299.9999999999999	47.160345288246745	23.0427811792034	0.511394985800791	14148.103586474024	6912.83435376102	7235.269232713004
19	14	300.0	300.0	300.0	16.709845608905034	15.21008595250771	0.08975305287070223	5012.95368267151	4563.025785752313	449.92789691919734
19	15	800.0	800.0	5297.207738061098	4.335527001981975	6.759371169788382	0.5590656376256803	3468.4216015855804	5407.496935830706	-1939.0753342451258
19	16	1300.0	1300.0	1299.9999999999993	16.881973481249748	26.59022436469311	0.5750661138181503	21946.565525624672	34567.29167410104	-12620.72614847637
19	17	1700.0	1700.0	1700.0	7.412361889017603	10.948743790675827	0.4770924510442269	12601.015211329926	18612.864444148905	-6011.849232818979
19	18	300.0	300.0	300.0	13.716054921058067	23.36120702059606	0.7032016243045166	4114.81647631742	7008.362106178817	-2893.545629861397
19	20	1200.0	1200.0	1201.196683688104	9.455648631465262	19.240468221604676	1.0348120971393522	11346.778357758314	23088.56186592561	-11741.783508167297
19	21	400.0	400.0	400.319115650161	17.6225513409821	40.48804535991813	1.2975132588072658	7049.02053639284	16195.218143967253	-9146.197607574413
19	22	1200.0	1200.0	1199.9999999999995	13.422416139236839	13.032233846224615	0.02906945284400997	16106.899367084206	15638.680615469539	468.2187516146678
19	23	300.0	300.0	299.9999999999999	25.787811158440753	82.21400870498042	2.18809565495327	7736.343347532226	24664.202611494125	-16927.8592639619
19	24	100.0	100.0	100.00000000000006	29.54663660792333	19.042781179203416	0.35550088384351547	2954.663660792333	1904.2781179203416	1050.3855428719912
20	1	300.0	300.0	299.9999999999999	39.29913577380368	32.43248430531504	0.1747277982908179	11789.740732141103	9729.745291594512	2059.9954405465905
20	2	100.0	100.0	99.99999999999997	33.29830177319851	34.664220548867675	0.04102067381612177	3329.830177319851	3466.4220548867675	-136.59187756691654
20	4	300.0	300.0	300.0	39.0365358803201	17.952427469243418	0.5401121778765733	11710.960764096031	5385.728240773025	6325.232523323006
20	5	100.0	100.0	100.0	36.71944299725839	15.95242746924342	0.5655591107295804	3671.944299725839	1595.2427469243419	2076.701552801497
20	6	300.0	300.0	300.0000000000001	26.69878165908977	28.648007795152424	0.07300805560912274	8009.634497726932	8594.402338545728	-584.7678408187958
20	7	500.0	500.0	3357.6298683895793	6.3236503720375286	6.165668184741983	0.024982751733733616	3161.8251860187643	3082.8340923709916	78.99109364777269
20	8	900.0	900.0	900.0	11.875362777228236	9.95242746924342	0.16192644755848368	10687.826499505412	8957.184722319078	1730.6417771863344
20	9	600.0	600.0	899.7921209253351	27.04872459919467	43.427277271692	0.6055203310024079	16229.234759516803	26056.3663630152	-9827.131603498397
20	10	2500.0	2500.0	2500.0	27.661028919408228	37.64708537840882	0.36101536526697753	69152.57229852056	94117.71344602204	-24965.141147501476
20	11	600.0	600.0	600.0	40.06660082057411	18.27753938891122	0.5438210625662623	24039.960492344464	10966.523633346731	13073.436858997733
20	12	500.0	500.0	500.0	40.728291529825476	19.291958980641645	0.5263253562572328	20364.145764912737	9645.979490320822	10718.166274591915
20	13	600.0	600.0	600.0	37.704812540019354	14.250665119241805	0.6220465198145104	22622.887524011614	8550.399071545084	14072.48845246653
20	14	500.0	500.0	500.0	26.22222186615524	14.277539388911219	0.45551755828368246	13111.11093307762	7138.769694455609	5972.341238622011
20	15	1100.0	1100.0	1100.5552285433344	13.847903259232185	26.48533122226986	0.9125878283856796	15232.693585155403	29133.864344496847	-13901.170759341445
20	16	1600.0	1600.0	1885.3634811200307	7.426375194196432	7.349756142788261	0.010317153308931569	11882.200310714292	11759.609828461218	122.59048225307379
20	17	1700.0	1700.0	1700.08053311152	16.92478299606412	23.544398861550434	0.3911196892170324	28772.131093309006	40025.47806463574	-11253.346971326733
20	18	400.0	400.0	999.4514054179166	4.260406289592805	4.12073879899138	0.032782669329589786	1704.162515837122	1648.295519596552	55.86699624057019
20	19	1200.0	1200.0	1200.0	9.512376257250207	19.725960052481458	1.0737152861722215	11414.851508700249	23671.152062977748	-12256.300554277499
20	21	1200.0	1200.0	3075.9823488935876	8.166909028347444	21.247577138313403	1.6016669298706274	9800.290834016932	25497.092565976083	-15696.80173195915
20	22	2400.0	2400.0	2400.0	7.713130000305224	6.277539388911219	0.18612296322468258	18511.51200073254	15066.094533386926	3445.4174673456127
20	23	700.0	700.0	700.0000000000002	20.078628265085815	72.63094582888897	2.617326087718102	14055.03978556007	50841.662080222275	-36786.62229466221
20	24	400.0	400.0	400.0	20.090994295288674	10.250665119241805	0.48978806282148113	8036.39771811547	4100.266047696722	3936.1316704187475
21	1	100.0	100.0	100.00000000000006	40.5897573921948	35.792358223388234	0.11819235878776352	4058.9757392194797	3579.2358223388233	479.73991688065644
21	4	200.0	200.0	200.0	40.85055216997185	22.967709374966066	0.4377625722315446	8170.1104339943695	4593.541874993213	3576.5685590011562
21	5	100.0	100.0	100.0	42.47064554543576	21.96087195783429	0.4829164549820603	4247.0645545435755	2196.087195783429	2050.9773587601467
21	6	100.0	100.0	99.99999999999993	34.781683266173985	34.64952871196635	0.0037995445245216563	3478.1683266173986	3464.9528711966345	13.215455420764101
21	7	200.0	200.0	1995.3975067192898	14.40655197912174	27.103423131273605	0.8813261612183415	2881.3103958243482	5420.684626254721	-2539.3742304303723
21	8	400.0	400.0	400.0	19.958264384312447	15.95242746924342	0.20071068495403271	7983.305753724979	6380.9709876973675	1602.3347660276113
21	9	300.0	300.0	300.0480514232079	32.799927147372046	64.36503221822377	0.962352901853343	9839.978144211615	19309.509665467132	-9469.531521255518
21	10	1200.0	1200.0	1200.0	27.082223205170248	58.58484032494043	1.1632212348709998	32498.6678462043	70301.80838992851	-37803.140543724214
21	11	400.0	400.0	400.00000000000006	38.556614483837194	14.032983736006544	0.6360421182236028	15422.645793534877	5613.193494402618	9809.45229913226
21	12	300.0	300.0	300.0	32.561382501478036	11.265084710972232	0.6540354295318731	9768.414750443411	3379.52541329167	6388.8893371517415
21	13	600.0	600.0	600.0	29.53790351167191	8.250665119241805	0.7206753310714299	17722.742107003145	4950.399071545084	12772.343035458061
21	14	400.0	400.0	399.9999999999997	24.71223552941833	10.035891789750396	0.593889764533714	9884.894211767332	4014.3567159001586	5870.537495867174
21	15	800.0	800.0	800.0	13.269159717674835	47.42308616880146	2.5739328772742693	10615.327774139869	37938.46893504117	-27323.1411609013
21	16	600.0	600.0	1917.620875527543	15.509276801280645	28.287511089319885	0.8239090998094833	9305.566080768387	16972.506653591932	-7666.940572823545
21	17	600.0	600.0	600.2393367376209	25.00768241446697	44.482153808082074	0.7787395517446711	15004.609448680181	26689.292284849245	-11684.682836169064
21	18	100.0	100.0	100.10098596524085	12.34330789667702	25.058493745523002	1.0301279005013784	1234.330789667702	2505.8493745523	-1271.518584884598
21	19	400.0	400.0	400.07977891254023	17.595275675653053	40.663714999013074	1.3110587039724702	7038.110270261221	16265.48599960523	-9227.375729344009
21	20	1200.0	1200.0	2899.522080723747	8.082901607084214	20.937754946531694	1.5903760758612868	9699.481928501056	25125.305935838034	-15425.824007336978
21	22	1800.0	1800.0	1800.0	4.212780138306771	2.027666274165938	0.5186868985332542	7583.0042489521875	3649.7992934986883	3933.204955453499
21	23	700.0	700.0	699.9999999999997	15.646898715183516	65.98839192029666	3.2173463969740226	10952.829100628462	46191.87434420767	-35239.0452435792
21	24	500.0	500.0	500.0	11.924085266941228	4.250665119241806	0.6435227504598188	5962.042633470614	2125.3325596209033	3836.710073849711
22	1	400.0	400.0	400.0	44.78988627510945	21.102166342463534	0.5288631408249325	17915.954510043783	8440.866536985413	9475.08797305837
22	2	100.0	100.0	100.0	41.01143177350374	27.10848156350299	0.339001824827365	4101.143177350374	2710.848156350299	1390.2950210000745
22	3	100.0	100.0	100.0	40.78130011915216	17.02766363586961	0.582463933564666	4078.1300119152156	1702.7663635869612	2375.3636483282544
22	4	400.0	400.0	400.0	40.57495829019071	20.93408314474548	0.4840639639103105	16229.983316076283	8373.633257898191	7856.350058178092
22	5	200.0	200.0	200.0	38.25786540712899	22.964756013777894	0.39973765474383655	7651.573081425798	4592.951202755578	3058.6218786702193
22	6	200.0	200.0	200.00000000000009	34.411911659394995	33.0507842889429	0.03955395980102391	6882.382331878999	6610.15685778858	272.2254740904191
22	7	500.0	500.0	500.0	14.036780372342756	12.405216822776852	0.11623488480169145	7018.390186171378	6202.608411388426	815.7817747829522
22	8	500.0	500.0	500.0	19.588492777533464	16.35764429202027	0.16493604292101197	9794.246388766733	8178.822146010136	1615.4242427565969
22	9	700.0	700.0	700.0	28.58714700906528	15.328828442227683	0.4637860001431149	20011.002906345697	10730.179909559378	9280.822996786319
22	10	2600.0	2600.0	2600.0	22.869443066863482	12.328828442227682	0.4609038617083137	59460.55197384505	32054.953949791972	27405.59802405308
22	11	1100.0	1100.0	2813.103413808322	35.27514558707214	233.51114582032142	5.619707500396542	38802.66014577935	256862.26040235357	-218059.60025657422
22	12	700.0	700.0	700.0	36.76151138439272	13.014419591730425	0.645977025926748	25733.057969074904	9110.093714211298	16622.964254863604
22	13	1300.0	1300.0	6825.630317509345	33.738032394586625	204.66423608593504	5.066276589347696	43859.44211296261	266063.50691171555	-222204.06479875295
22	14	1200.0	1200.0	2366.9172599106896	21.430766632653267	160.56502754751318	6.492267089636736	25716.91995918392	192678.03305701583	-166961.1130978319
22	15	2600.0	2600.0	2600.0	9.056379579368066	6.32882844222768	0.30117456023532846	23546.586906356973	16454.95394979197	7091.632956565005
22	16	1200.0	1200.0	1199.9999999999995	15.13950519450166	13.346672057084808	0.11842085420783573	18167.406233401995	16016.00646850177	2151.399764900225
22	17	1700.0	1700.0	1699.9999999999989	20.794855237682516	24.015270846096456	0.15486597870506935	35351.25390406028	40825.960438363974	-5474.706534303696
22	18	300.0	300.0	300.0	11.973536289898034	10.525955621768233	0.12089834056385762	3592.06088696941	3157.78668653047	434.27420043894017
22	19	1200.0	1200.0	1200.0	13.382493348664916	13.051190661574681	0.024756424565926378	16058.9920183979	15661.428793889618	397.56322450828156
22	20	2400.0	2400.0	2400.0	7.713130000305228	6.405216822776852	0.16956970483793463	18511.51200073255	15372.520374664446	3138.991626068104
22	21	1800.0	1800.0	1800.0	4.200128882914653	2.0251065526637606	0.5178465687323265	7560.231989246375	3645.191794794769	3915.0401944516057
22	23	2100.0	2100.0	2258.209549716027	12.365498264780594	96.16390686629447	6.776791909808313	25967.54635603925	201944.20441921838	-175976.65806317914
22	24	1100.0	1100.0	3338.560741376374	16.124214149855913	157.79379548889918	8.786138662162909	17736.635564841505	173573.1750377891	-155836.5394729476
23	1	300.0	300.0	300.0000000000003	32.42438801032891	85.58020450115734	1.6393776337087824	9727.316403098674	25674.0613503472	-15946.744947248528
23	3	100.0	100.0	100.0000000000001	28.415801854371587	81.5023674709783	1.8682057922796111	2841.580185437159	8150.23674709783	-5308.656561660671
23	4	500.0	500.0	500.0000000000001	30.132740323847816	77.39805008271289	1.568569909370576	15066.370161923907	38699.02504135644	-23632.654879432535
23	5	100.0	100.0	100.00000000000007	32.44809539989257	79.39509750896322	1.4468338289348741	3244.8095399892572	7939.509750896322	-4694.7002109070645
23	6	100.0	100.0	100.00000000000009	42.4463785113812	92.87993992151233	1.1881711274050935	4244.63785113812	9287.993992151232	-5043.356141013112
23	7	200.0	200.0	200.0000000000001	26.280152032862865	77.9207430055897	1.965003509422289	5256.030406572573	15584.14860111794	-10328.118194545368
23	8	300.0	300.0	299.99999999999966	31.83186443805357	81.91965914683932	1.5735111842493281	9549.559331416072	24575.897744051796	-15026.338412635723
23	9	500.0	500.0	500.00000000000017	40.830519912405435	81.83309846584609	1.0042139713480098	20415.259956202717	40916.54923292305	-20501.28927672033
23	10	1800.0	1800.0	1800.000000000001	35.11281472738359	78.55772761817285	1.237295079534244	63203.06650929047	141403.90971271112	-78200.84320342065
23	11	1300.0	1300.0	1300.558452387783	22.90971576865368	137.34723895402652	4.995152464612961	29782.630499249783	178551.41064023448	-148768.7801409847
23	12	700.0	700.0	699.9999999999999	24.396013119612153	68.67850978564482	1.8151530108185427	17077.209183728508	48074.95684995138	-30997.74766622287
23	13	800.0	800.0	800.877568037943	21.372534129806027	108.50032921964062	4.07662444521853	17098.02730384482	86800.2633757125	-69702.23607186768
23	14	1100.0	1100.0	5850.008933025127	9.065336814234815	64.40112068121927	6.104106775171732	9971.870495658297	70841.2327493412	-60869.362253682906
23	15	1000.0	1000.0	1000.0000000000003	21.299720597766928	73.49423075797033	2.4504786304884907	21299.72059776693	73494.23075797033	-52194.510160203405
23	16	500.0	500.0	499.9999999999999	27.38287685502177	79.06407291724213	1.8873545075576126	13691.438427510886	39532.03645862106	-25840.598031110178
23	17	600.0	600.0	600.0000000000009	33.03822689820263	90.50969363589302	1.7395445256421127	19822.936138921577	54305.81618153581	-34482.88004261423
23	18	100.0	100.0	100.00000000000006	24.216907950418143	78.18114028386448	2.2283700480644786	2421.6907950418145	7818.114028386448	-5396.423233344633
23	19	300.0	300.0	299.99999999999994	25.625834367063778	79.58035873361636	2.1054738586736104	7687.750310119133	23874.10762008491	-16186.357309965777
23	20	700.0	700.0	699.9999999999999	19.95650166082534	71.92074300558964	2.603875279742553	13969.551162577736	50344.52010391275	-36374.96894133501
23	21	700.0	700.0	700.0	15.51212085553055	65.89373860692109	3.247887134235931	10858.484598871386	46125.61702484476	-35267.132425973374
23	22	2100.0	2100.0	2104.786734752418	12.243371660520113	99.33756510736777	7.113579156278573	25711.080487092237	208608.88672547232	-182897.8062383801
23	24	700.0	700.0	4443.7683117967235	3.7587158850753486	61.62988862260486	15.396527566054491	2631.101119552744	43140.9220358234	-40509.820916270655
24	1	100.0	100.0	100.0	28.66567212525357	15.102166342463534	0.473161966114899	2866.567212525357	1510.2166342463534	1356.3505782790035
24	4	200.0	200.0	200.0	28.926466903030622	15.014419591730427	0.4809452657297263	5785.293380606125	3002.8839183460855	2782.409462260039
24	6	100.0	100.0	100.0	41.24014012784281	27.018862409948518	0.3448406740085967	4124.014012784281	2701.886240994852	1422.1277717894286
24	7	100.0	100.0	100.0	26.159956949576944	16.263849984316217	0.37829217319949626	2615.9956949576945	1626.3849984316216	989.6106965260728
24	8	200.0	200.0	200.0	31.71166935476765	20.216277453559634	0.3624972174314045	6342.33387095353	4043.255490711927	2299.078380241603
24	9	200.0	200.0	200.00000000000006	40.89298554622001	21.361796274592926	0.47761710256033074	8178.597109244002	4272.359254918585	3906.237854325417
24	10	800.0	800.0	800.0000000000006	38.83560857609161	18.373227636136555	0.5268973936603204	31068.486860873287	14698.582108909244	16369.904751964043
24	11	600.0	600.0	656.3299815637372	26.63252921689597	198.80449580794786	6.464724592579217	15979.517530137582	119282.69748476871	-103303.17995463112
24	12	500.0	500.0	500.0	20.637297234536803	7.014419591730426	0.660109581598132	10318.648617268402	3507.209795865213	6811.438821403189
24	13	700.0	700.0	4912.19270368967	17.61381824473068	46.87044059703575	1.6610039882214314	12329.672771311476	32809.30841792503	-20479.635646613555
24	14	400.0	400.0	414.7543644572101	12.788150262477103	125.85837753514076	8.841796894147661	5115.260104990841	50343.3510140563	-45228.09090906546
24	15	400.0	400.0	400.0	25.02254426004949	12.33060330634434	0.5072202419467335	10009.017704019796	4932.241322537736	5076.77638148206
24	16	300.0	300.0	300.0	27.26268177173585	17.263849984316217	0.36675892236638885	8178.804531520755	5179.154995294865	2999.6495362258893
24	17	300.0	300.0	300.00000000000017	36.761089573603535	30.02943140449541	0.18311911445469842	11028.326872081061	9008.829421348622	2019.4974507324387
24	19	100.0	100.0	100.00000000000006	29.348680646108257	19.071834551613442	0.35016381889240267	2934.8680646108255	1907.1834551613442	1027.6846094494813
24	20	400.0	400.0	400.0	19.836306577539414	10.263849984316218	0.4825725270883874	7934.522631015766	4105.539993726487	3828.9826372892785
24	21	500.0	500.0	500.0	11.7534049704552	4.263849984316218	0.6372242771320861	5876.7024852276	2131.924992158109	3744.777493069491
24	22	1100.0	1100.0	3583.7258575117858	15.966185108762186	160.79482196128924	9.070960650020625	17562.803619638406	176874.30415741817	-159311.50053777976
24	23	700.0	700.0	4383.979571107881	3.722813448242289	61.45725685392161	15.50828270294833	2605.9694137696024	43020.07979774513	-40414.11038397552
