NodeID	ClusterNumber
1	0
2	0
3	0
4	0
5	0
6	0
7	0
8	0
9	0
10	0
11	0
12	0
13	0
14	0
15	0
16	0
17	0
18	0
19	0
20	0
21	0
22	0
23	0
24	0
25	0
26	0
27	0
28	0
29	0
30	0
31	0
32	0
33	0
34	0
35	0
36	0
37	0
38	0
39	0
40	0
41	0
42	0
43	0
44	0
45	0
46	0
47	0
48	1
49	0
50	0
51	0
52	0
53	0
54	0
55	0
56	0
57	0
58	0
59	0
60	0
61	0
62	0
63	0
64	0
65	0
66	0
67	0
68	0
69	0
70	0
71	0
72	0
73	0
74	0
75	0
76	0
77	0
78	0
79	0
80	0
81	0
82	0
83	0
84	0
85	0
86	0
87	0
88	0
89	0
90	0
91	0
92	0
93	0
94	0
95	0
96	1
97	1
98	1
99	0
100	1
101	1
102	1
103	0
104	0
105	0
106	0
107	0
108	0
109	0
110	0
111	0
112	0
113	0
114	0
115	0
116	0
117	0
118	0
119	0
120	0
121	0
122	0
123	0
124	0
125	0
126	0
127	1
128	0
129	0
130	0
131	0
132	0
133	1
134	0
135	0
136	0
137	0
138	0
139	0
140	0
141	0
142	0
143	0
144	0
145	0
146	1
147	0
148	0
149	0
150	0
151	0
152	0
153	0
154	0
155	0
156	0
157	0
158	0
159	1
160	1
161	0
162	0
163	0
164	0
165	0
166	0
167	0
168	0
169	0
170	0
171	0
172	0
173	0
174	1
175	1
176	1
177	0
178	0
179	0
180	0
181	0
182	0
183	0
184	0
185	0
186	0
187	0
188	0
189	0
190	0
191	0
192	0
193	0
194	1
195	0
196	0
197	0
198	0
199	0
200	0
201	0
202	0
203	0
204	0
205	1
206	1
207	1
208	1
209	1
210	0
211	1
212	0
213	0
214	0
215	0
216	0
217	0
218	0
219	0
220	0
221	1
222	1
223	1
224	1
225	1
226	1
227	1
228	1
229	0
230	0
231	0
232	0
233	0
234	0
235	0
236	0
237	0
238	0
239	1
240	1
241	1
242	1
243	1
244	1
245	0
246	0
247	0
248	0
249	0
250	1
251	1
252	1
253	1
254	1
255	1
256	0
257	0
258	0
259	0
260	0
261	0
262	0
263	0
264	1
265	1
266	1
267	1
268	1
269	1
270	1
271	1
272	1
273	0
274	0
275	0
276	0
277	0
278	1
279	1
280	1
281	0
282	0
283	0
284	0
285	0
286	0
287	0
288	0
289	0
290	1
291	1
292	1
293	1
294	1
295	1
296	1
297	1
298	1
299	1
300	1
301	1
302	1
303	1
304	1
305	0
306	0
307	0
308	0
309	0
310	0
311	0
312	0
313	0
314	0
315	0
316	0
317	0
318	0
319	0
320	1
321	1
322	1
323	1
324	1
325	0
326	0
327	0
328	0
329	0
330	0
331	0
332	1
333	1
334	0
335	0
336	0
337	0
338	0
339	0
340	0
341	0
342	0
343	0
344	0
345	0
346	0
347	0
348	1
349	1
350	1
351	1
352	0
353	0
354	0
355	0
356	0
357	0
358	0
359	0
360	0
361	0
362	0
363	0
364	0
365	0
366	0
367	0
368	0
369	0
370	0
371	0
372	0
373	0
374	0
375	0
376	1
377	1
378	0
379	1
380	0
381	1
382	1
383	1
384	1
385	1
386	1
387	1
388	1
389	1
390	1
391	1
392	1
393	1
394	1
395	1
396	1
397	1
398	1
399	1
400	1
401	1
402	0
403	0
404	0
405	1
406	1
407	1
408	1
409	1
410	1
411	1
412	1
413	1
414	1
415	1
416	1
417	1
418	1
419	1
420	1
421	1
422	1
423	1
424	1
425	1
426	1
427	1
428	1
429	1
430	0
431	0
432	0
433	0
434	0
435	0
436	0
437	0
438	0
439	1
440	1
441	1
442	1
443	1
444	1
445	1
446	0
447	1
448	0
449	0
450	0
451	0
452	1
453	1
454	1
455	1
456	1
457	1
458	1
459	1
460	0
461	0
462	0
463	0
464	0
465	0
466	1
467	1
468	1
469	0
470	0
471	1
472	1
473	1
474	1
475	1
476	1
477	1
478	1
479	1
480	1
481	1
482	1
483	1
484	1
485	0
486	0
487	1
488	1
489	1
490	1
491	1
492	1
493	1
494	1
495	1
496	1
497	1
498	1
499	1
500	1
501	1
502	1
503	1
504	1
505	1
506	1
507	1
508	1
509	1
510	1
511	1
512	1
513	1
514	1
515	1
516	1
517	1
518	1
519	1
520	1
521	1
522	1
523	1
524	1
525	1
526	1
527	1
528	1
529	1
530	1
531	1
532	1
533	1
534	1
535	1
536	1
537	1
538	1
539	1
540	1
541	1
542	1
543	1
544	1
545	1
546	1
547	1
548	1
549	1
550	1
551	1
552	1
553	1
554	1
555	1
556	1
557	1
558	1
559	1
560	1
561	1
562	1
563	1
564	1
565	1
566	1
567	0
568	0
569	0
570	0
571	0
572	1
573	0
574	0
575	0
576	0
577	0
578	1
579	1
580	1
581	1
582	1
583	1
584	1
585	1
586	0
587	1
588	0
589	1
590	1
591	1
592	1
593	1
594	1
595	1
596	1
597	1
598	1
599	1
600	1
601	1
602	1
603	1
604	1
605	1
606	1
607	1
608	1
609	1
610	1
611	1
612	1
613	1
614	1
615	1
616	1
617	1
618	1
619	1
620	1
621	1
622	1
623	1
624	1
625	1
626	1
627	1
628	1
629	1
630	1
631	1
632	0
633	0
634	0
635	0
636	0
637	1
638	0
639	0
640	0
641	0
642	0
643	1
644	1
645	1
646	1
647	0
648	1
649	1
650	1
651	1
652	1
653	1
654	1
655	1
656	1
657	1
658	1
659	1
660	1
661	1
662	1
663	0
664	0
665	1
666	0
667	0
668	0
669	0
670	0
671	0
672	0
673	0
674	0
675	0
676	1
677	1
678	0
679	0
680	0
681	0
682	0
683	0
684	0
685	0
686	0
687	0
688	0
689	0
690	0
691	0
692	0
693	0
694	0
695	0
696	0
697	0
698	0
699	0
700	0
701	0
702	0
703	1
704	0
705	0
706	0
707	0
708	1
709	1
710	1
711	1
712	1
713	0
714	0
715	1
716	0
717	0
718	0
719	0
720	0
721	1
722	1
723	1
724	1
725	1
726	1
727	1
728	1
729	0
730	1
731	1
732	0
733	0
734	1
735	0
736	0
737	0
738	0
739	0
740	0
741	0
742	0
743	0
744	0
745	0
746	0
747	0
748	0
749	0
750	0
751	0
752	0
753	0
754	0
755	0
756	0
757	0
758	0
759	0
760	0
761	0
762	0
763	0
764	0
765	0
766	0
767	0
768	0
769	0
770	0
771	1
772	1
773	1
774	1
775	1
776	0
777	1
778	1
779	1
780	1
781	1
782	0
783	0
784	0
785	0
786	0
787	0
788	0
789	0
790	0
791	1
792	1
793	1
794	0
795	0
796	1
797	1
798	1
799	1
800	0
801	0
802	0
803	1
804	1
805	1
806	1
807	1
808	1
809	1
810	1
811	1
812	1
813	1
814	1
815	1
816	1
817	1
818	1
819	1
820	1
821	1
822	1
823	1
824	1
825	1
826	1
827	1
828	1
829	1
830	1
831	1
832	1
833	1
834	1
835	1
836	0
837	1
838	0
839	0
840	0
841	1
842	1
843	1
844	1
845	1
846	0
847	0
848	0
849	0
850	0
851	0
852	0
853	0
854	0
855	0
856	0
857	0
858	0
859	0
860	0
861	0
862	0
863	0
864	1
865	0
866	0
867	0
868	0
869	0
870	0
871	0
872	0
873	0
874	0
875	0
876	0
877	0
878	0
879	0
880	0
881	0
882	1
883	1
884	1
885	1
886	1
887	1
888	1
889	1
890	1
891	1
892	1
893	1
894	1
895	1
896	1
897	1
898	1
899	1
900	1
901	1
902	1
903	1
904	1
905	1
906	1
907	0
908	1
909	1
910	1
911	1
912	1
913	0
914	0
915	0
916	0
917	0
918	0
919	1
920	1
921	0
922	0
923	1
924	0
925	0
926	0
927	0
928	0
929	0
930	0
931	0
932	0
933	0
934	0
935	0
936	0
937	0
938	0
939	0
940	0
941	0
942	0
943	0
944	0
945	0
946	0
947	0
948	0
949	0
950	0
951	0
952	0
953	0
954	0
955	0
956	0
957	0
958	0
959	0
960	0
961	0
962	0
963	1
964	1
965	1
966	1
967	1
968	0
969	0
970	0
971	1
972	1
973	1
974	1
975	1
976	1
977	1
978	1
979	1
980	1
981	1
982	1
983	1
984	1
985	1
986	1
987	1
988	1
989	1
990	1
991	1
992	1
993	1
994	1
995	1
996	1
997	1
998	1
999	1
1000	1
1001	1
1002	1
1003	1
1004	1
1005	1
1006	1
1007	0
1008	0
1009	1
1010	1
1011	1
1012	1
1013	0
1014	1
1015	1
1016	1
1017	1
1018	1
1019	0
1020	0
1021	1
1022	0
1023	0
1024	0
1025	0
1026	0
1027	0
1028	0
1029	0
1030	1
1031	1
1032	1
1033	1
1034	1
1035	1
1036	1
1037	0
1038	0
1039	0
1040	0
1041	0
1042	0
1043	1
1044	0
1045	0
1046	0
1047	0
1048	0
1049	0
1050	0
1051	0
1052	1
1053	0
1054	0
1055	0
1056	0
1057	0
1058	0
1059	0
1060	0
1061	0
1062	0
1063	0
1064	0
1065	0
1066	0
1067	0
1068	0
1069	0
1070	0
1071	0
1072	0
1073	0
1074	1
1075	0
1076	0
1077	0
1078	0
1079	1
1080	0
1081	0
1082	1
1083	1
1084	1
1085	1
1086	1
1087	1
1088	1
1089	1
1090	1
1091	1
1092	1
1093	1
1094	0
1095	1
1096	0
1097	0
1098	1
1099	1
1100	1
1101	1
1102	1
1103	1
1104	1
1105	1
1106	0
1107	0
1108	0
1109	0
1110	0
1111	0
1112	0
1113	0
1114	0
1115	0
1116	0
1117	1
1118	0
1119	0
1120	0
1121	0
1122	0
1123	0
1124	0
1125	0
1126	0
1127	0
1128	0
1129	0
1130	0
1131	0
1132	1
1133	1
1134	1
1135	1
1136	1
1137	1
1138	1
1139	1
1140	1
1141	1
1142	1
1143	1
1144	1
1145	1
1146	1
1147	1
1148	1
1149	0
1150	0
1151	0
1152	0
1153	0
1154	0
1155	0
1156	0
1157	0
1158	0
1159	0
1160	0
1161	0
1162	0
1163	0
1164	0
1165	0
1166	0
1167	0
1168	0
1169	0
1170	0
1171	0
1172	0
1173	1
1174	1
1175	1
1176	1
1177	1
1178	1
1179	1
1180	1
1181	1
1182	1
1183	1
1184	1
1185	1
1186	1
1187	1
1188	1
1189	1
1190	1
1191	1
1192	1
1193	1
1194	1
1195	1
1196	1
1197	1
1198	0
1199	0
1200	0
1201	0
1202	0
1203	0
1204	1
1205	1
1206	1
1207	1
1208	1
1209	1
1210	1
1211	1
1212	1
1213	1
1214	1
1215	1
1216	1
1217	1
1218	1
1219	1
1220	1
1221	1
1222	1
1223	1
1224	0
1225	0
1226	0
1227	0
1228	0
1229	0
1230	0
1231	0
1232	1
1233	1
1234	1
1235	1
1236	0
1237	0
1238	0
1239	0
1240	0
1241	0
1242	0
1243	0
1244	0
1245	0
1246	0
1247	0
1248	0
1249	0
1250	0
1251	0
1252	0
1253	0
1254	0
1255	0
1256	0
1257	0
1258	0
1259	0
1260	1
1261	1
1262	1
1263	1
1264	1
1265	1
1266	1
1267	1
1268	1
1269	1
1270	1
1271	1
1272	1
1273	0
1274	0
1275	0
1276	0
1277	0
1278	0
1279	0
1280	0
1281	1
1282	1
1283	1
1284	1
1285	1
1286	1
1287	1
1288	1
1289	1
1290	1
1291	1
1292	0
1293	0
1294	0
1295	0
1296	0
1297	0
1298	0
1299	0
1300	0
1301	0
1302	0
1303	0
1304	0
1305	0
1306	0
1307	0
1308	0
1309	0
1310	0
1311	0
1312	0
1313	0
1314	0
1315	0
1316	0
1317	0
1318	0
1319	0
1320	0
1321	0
1322	0
1323	0
1324	0
1325	0
1326	0
1327	0
1328	0
1329	0
1330	0
1331	0
1332	0
1333	0
1334	0
1335	0
1336	0
1337	0
1338	0
1339	0
1340	0
1341	0
1342	0
1343	0
1344	0
1345	0
1346	0
1347	0
1348	0
1349	0
1350	0
1351	0
1352	0
1353	0
1354	0
1355	0
1356	0
1357	0
1358	0
1359	0
1360	0
1361	0
1362	0
1363	0
1364	0
1365	0
1366	0
1367	0
1368	0
1369	0
1370	0
1371	0
1372	0
1373	0
1374	0
1375	0
1376	0
1377	0
1378	0
1379	0
1380	0
1381	0
1382	0
1383	0
1384	0
1385	0
1386	0
1387	0
1388	0
1389	0
1390	0
1391	0
1392	0
1393	0
1394	0
1395	0
1396	0
1397	0
1398	0
1399	0
1400	0
1401	0
1402	0
1403	0
1404	0
1405	0
1406	0
1407	0
1408	0
1409	0
1410	0
1411	0
1412	0
1413	0
1414	0
1415	0
1416	0
1417	0
1418	0
1419	0
1420	0
1421	0
1422	0
1423	0
1424	0
1425	0
1426	1
1427	1
1428	1
1429	1
1430	1
1431	1
1432	1
1433	0
1434	0
1435	0
1436	1
1437	0
1438	0
1439	0
1440	0
1441	0
1442	0
1443	1
1444	1
1445	0
1446	0
1447	0
1448	0
1449	0
1450	0
1451	0
1452	0
1453	0
1454	0
1455	1
1456	1
1457	0
1458	0
1459	0
1460	0
1461	0
1462	0
1463	1
1464	1
1465	1
1466	0
1467	0
1468	1
1469	0
1470	1
1471	0
1472	1
1473	1
1474	1
1475	0
1476	0
1477	0
1478	0
1479	0
1480	0
1481	0
1482	1
1483	0
1484	0
1485	0
1486	1
1487	0
1488	0
1489	0
1490	1
1491	0
1492	0
1493	0
1494	0
1495	0
1496	0
1497	0
1498	0
1499	1
1500	0
1501	0
1502	1
1503	1
1504	0
1505	1
1506	0
1507	1
1508	0
1509	0
1510	0
1511	0
1512	0
1513	0
1514	0
1515	0
1516	0
1517	1
1518	0
1519	0
1520	1
1521	0
1522	0
1523	1
1524	1
1525	0
1526	0
1527	0
1528	0
1529	0
1530	0
1531	1
1532	1
1533	0
1534	0
1535	0
1536	0
1537	0
1538	0
1539	1
1540	0
1541	1
1542	0
1543	0
1544	0
1545	0
1546	0
1547	0
1548	0
1549	0
1550	0
1551	0
1552	0
1553	0
1554	0
1555	0
1556	0
1557	0
1558	0
1559	0
1560	0
1561	0
1562	0
1563	0
1564	0
1565	0
1566	0
1567	0
1568	0
1569	0
1570	0
1571	0
1572	0
1573	0
1574	0
1575	0
1576	0
1577	0
1578	0
1579	0
1580	0
1581	0
1582	0
1583	0
1584	0
1585	1
1586	1
1587	1
1588	0
1589	1
1590	1
1591	1
1592	1
1593	1
1594	1
1595	1
1596	1
1597	0
1598	1
1599	1
1600	1
1601	1
1602	1
1603	1
1604	1
1605	1
1606	1
1607	1
1608	1
1609	1
1610	1
1611	1
1612	1
1613	1
1614	0
1615	1
1616	1
1617	1
1618	1
1619	0
1620	1
1621	1
1622	1
1623	0
1624	1
1625	1
1626	1
1627	1
1628	1
1629	1
1630	1
1631	1
1632	1
1633	1
1634	1
1635	1
1636	1
1637	1
1638	1
1639	1
1640	1
1641	1
1642	1
1643	1
1644	1
1645	1
1646	1
1647	1
1648	1
1649	1
1650	1
1651	1
1652	1
1653	1
1654	0
1655	0
1656	1
1657	1
1658	1
1659	1
1660	1
1661	1
1662	0
1663	1
1664	0
1665	0
1666	0
1667	0
1668	1
1669	1
1670	1
1671	1
1672	1
1673	1
1674	1
1675	1
1676	1
1677	1
1678	1
1679	1
1680	1
1681	1
1682	1
1683	1
1684	1
1685	1
1686	1
1687	1
1688	1
1689	1
1690	1
1691	1
1692	1
1693	0
1694	0
1695	0
1696	1
1697	1
1698	1
1699	1
1700	1
1701	1
1702	1
1703	1
1704	1
1705	1
1706	1
1707	1
1708	1
1709	1
1710	1
1711	1
1712	1
1713	1
1714	1
1715	1
1716	1
1717	1
1718	1
1719	1
1720	1
1721	1
1722	1
1723	1
1724	1
1725	1
1726	1
1727	1
1728	0
1729	0
1730	0
1731	0
1732	0
1733	0
1734	0
1735	0
1736	0
1737	0
1738	0
1739	0
1740	0
1741	0
1742	1
1743	1
1744	1
1745	1
1746	1
1747	1
1748	1
1749	1
1750	1
1751	1
1752	1
1753	1
1754	1
1755	1
1756	1
1757	1
1758	1
1759	1
1760	1
1761	1
1762	1
1763	1
1764	1
1765	1
1766	1
1767	1
1768	1
1769	1
1770	1
1771	1
1772	1
1773	1
1774	1
1775	0
1776	1
1777	0
1778	0
1779	0
1780	0
1781	1
1782	1
1783	1
1784	1
1785	1
1786	1
1787	1
1788	0
1789	0
1790	0
1791	0
1792	0
1793	0
1794	1
1795	0
1796	0
1797	0
1798	0
1799	1
1800	1
1801	1
1802	1
1803	1
1804	1
1805	1
1806	1
1807	1
1808	1
1809	0
1810	1
1811	1
1812	1
1813	1
1814	1
1815	1
1816	1
1817	1
1818	1
1819	1
1820	1
1821	1
1822	1
1823	1
1824	1
1825	1
1826	1
1827	1
1828	1
1829	1
1830	0
1831	1
1832	1
1833	1
1834	1
1835	0
1836	1
1837	0
1838	0
1839	1
1840	1
1841	1
1842	0
1843	0
1844	0
1845	0
1846	0
1847	0
1848	0
1849	0
1850	0
1851	0
1852	0
1853	0
1854	1
1855	1
1856	1
1857	0
1858	0
1859	0
1860	0
1861	0
1862	0
1863	0
1864	0
1865	0
1866	0
1867	0
1868	0
1869	0
1870	0
1871	0
1872	0
1873	0
1874	0
1875	1
1876	1
1877	0
1878	0
1879	0
1880	1
1881	0
1882	0
1883	0
1884	0
1885	0
1886	1
1887	1
1888	1
1889	1
1890	1
1891	1
1892	1
1893	1
1894	1
1895	1
1896	1
1897	0
1898	0
1899	0
1900	0
1901	0
1902	0
1903	0
1904	1
1905	1
1906	0
1907	0
1908	1
1909	1
1910	1
1911	1
1912	1
1913	0
1914	0
1915	1
1916	1
1917	0
1918	1
1919	1
1920	1
1921	1
1922	1
1923	1
1924	1
1925	1
1926	1
1927	1
1928	1
1929	1
1930	1
1931	1
1932	0
1933	0
1934	0
1935	0
1936	0
1937	0
1938	0
1939	0
1940	0
1941	0
1942	0
1943	0
1944	1
1945	1
1946	1
1947	1
1948	1
1949	1
1950	1
1951	1
1952	1
1953	1
1954	1
1955	1
1956	1
1957	1
1958	1
1959	1
1960	1
1961	1
1962	1
1963	1
1964	1
1965	1
1966	1
1967	1
1968	1
1969	1
1970	1
1971	1
1972	1
1973	1
1974	1
1975	1
1976	1
1977	1
1978	1
1979	1
1980	1
1981	1
1982	1
1983	1
1984	1
1985	1
1986	1
1987	1
1988	1
1989	1
1990	1
1991	1
1992	1
1993	1
1994	1
1995	1
1996	1
1997	1
1998	1
1999	1
2000	1
2001	1
2002	1
2003	1
2004	1
2005	1
2006	1
2007	1
2008	1
2009	1
2010	1
2011	1
2012	1
2013	1
2014	1
2015	1
2016	1
2017	1
2018	1
2019	1
2020	1
2021	1
2022	1
2023	1
2024	1
2025	1
2026	1
2027	1
2028	1
2029	1
2030	1
2031	1
2032	1
2033	1
2034	1
2035	1
2036	1
2037	1
2038	1
2039	1
2040	1
2041	1
2042	1
2043	1
2044	1
2045	1
2046	1
2047	1
2048	1
2049	1
2050	1
2051	1
2052	1
2053	1
2054	1
2055	1
2056	1
2057	1
2058	1
2059	1
2060	1
2061	1
2062	1
2063	1
2064	1
2065	1
2066	1
2067	1
2068	1
2069	1
2070	1
2071	1
2072	1
2073	1
2074	1
2075	1
2076	1
2077	1
2078	1
2079	1
2080	1
2081	1
2082	1
2083	1
2084	1
2085	1
2086	1
2087	1
2088	1
2089	1
2090	1
2091	1
2092	1
2093	1
2094	1
2095	1
2096	1
2097	1
2098	1
2099	1
2100	1
2101	1
2102	1
2103	1
2104	1
2105	1
2106	1
2107	1
2108	1
2109	1
2110	1
2111	1
2112	1
2113	1
2114	1
2115	1
2116	1
2117	1
2118	1
2119	1
2120	1
2121	1
2122	1
2123	1
2124	1
2125	1
2126	1
2127	1
2128	1
2129	1
2130	1
2131	1
2132	1
2133	1
2134	1
2135	1
2136	1
2137	1
2138	1
2139	1
2140	1
2141	1
2142	1
2143	1
2144	1
2145	1
2146	1
2147	1
2148	1
2149	1
2150	1
2151	1
2152	1
2153	1
2154	1
2155	1
2156	1
2157	1
2158	1
2159	1
2160	1
2161	1
2162	1
2163	1
2164	1
2165	1
2166	1
2167	1
2168	1
2169	1
2170	1
2171	1
2172	1
2173	1
2174	1
2175	1
2176	1
2177	1
2178	1
2179	1
2180	1
2181	1
2182	1
2183	1
2184	1
2185	1
2186	1
2187	1
2188	1
2189	1
2190	1
2191	1
2192	1
2193	1
2194	1
2195	1
2196	1
2197	1
2198	1
2199	1
2200	1
2201	1
2202	1
2203	1
2204	0
2205	0
2206	0
2207	0
2208	0
2209	0
2210	0
2211	0
2212	0
2213	0
2214	0
2215	0
2216	0
2217	0
2218	0
2219	0
2220	0
2221	0
2222	0
2223	0
2224	0
2225	0
2226	0
2227	0
2228	0
2229	0
2230	0
2231	0
2232	0
2233	0
2234	0
2235	0
2236	0
2237	0
2238	0
2239	0
2240	0
2241	0
2242	0
2243	0
2244	0
2245	0
2246	0
2247	0
2248	0
2249	0
2250	0
2251	0
2252	0
2253	0
2254	0
2255	0
2256	0
2257	0
2258	0
2259	0
2260	0
2261	0
2262	0
2263	0
2264	0
2265	0
2266	0
2267	0
2268	0
2269	0
2270	0
2271	0
2272	0
2273	0
2274	0
2275	0
2276	0
2277	0
2278	0
2279	0
2280	0
2281	0
2282	0
2283	0
2284	0
2285	0
2286	1
2287	1
2288	0
2289	0
2290	0
2291	0
2292	0
2293	0
2294	0
2295	0
2296	0
2297	0
2298	0
2299	0
2300	0
2301	1
2302	1
2303	0
2304	0
2305	1
2306	0
2307	1
2308	1
2309	1
2310	1
2311	0
2312	0
2313	0
2314	0
2315	0
2316	0
2317	0
2318	1
2319	1
2320	0
2321	0
2322	0
2323	0
2324	0
2325	0
2326	0
2327	0
2328	0
2329	0
2330	0
2331	0
2332	0
2333	0
2334	1
2335	0
2336	0
2337	1
2338	1
2339	1
2340	0
2341	0
2342	0
2343	0
2344	0
2345	0
2346	0
2347	0
2348	0
2349	0
2350	0
2351	0
2352	0
2353	0
2354	0
2355	0
2356	0
2357	0
2358	0
2359	0
2360	0
2361	0
2362	0
2363	0
2364	0
2365	0
2366	0
2367	0
2368	0
2369	0
2370	0
2371	0
2372	0
2373	0
2374	0
2375	0
2376	0
2377	0
2378	0
2379	0
2380	0
2381	0
2382	0
2383	0
2384	0
2385	0
2386	1
2387	1
2388	1
2389	1
2390	1
2391	1
2392	1
2393	1
2394	1
2395	1
2396	1
2397	1
2398	1
2399	1
2400	1
2401	1
2402	1
2403	1
2404	1
2405	1
2406	1
2407	1
2408	1
2409	1
2410	1
2411	1
2412	1
2413	0
2414	0
2415	1
2416	1
2417	1
2418	1
2419	1
2420	1
2421	1
2422	1
2423	1
2424	1
2425	1
2426	1
2427	1
2428	1
2429	1
2430	1
2431	1
2432	1
2433	1
2434	1
2435	1
2436	1
2437	1
2438	1
2439	1
2440	1
2441	1
2442	1
2443	1
2444	1
2445	1
2446	1
2447	1
2448	1
2449	1
2450	1
2451	1
2452	1
2453	1
2454	1
2455	1
2456	1
2457	1
2458	1
2459	1
2460	1
2461	1
2462	0
2463	1
2464	0
2465	1
2466	0
2467	0
2468	0
2469	0
2470	0
2471	1
2472	1
2473	1
2474	0
2475	0
2476	0
2477	0
2478	0
2479	0
2480	0
2481	0
2482	0
2483	0
2484	0
2485	1
2486	0
2487	0
2488	0
2489	0
2490	0
2491	0
2492	0
2493	0
2494	0
2495	0
2496	0
2497	0
2498	0
2499	0
2500	0
2501	0
2502	0
2503	0
2504	0
2505	0
2506	0
2507	0
2508	0
2509	0
2510	0
2511	0
2512	0
2513	0
2514	0
2515	0
2516	0
2517	0
2518	0
2519	1
2520	1
2521	1
2522	1
2523	1
2524	1
2525	1
2526	1
2527	1
2528	1
2529	1
2530	1
2531	1
2532	1
2533	1
2534	1
2535	1
2536	1
2537	1
2538	1
2539	1
2540	1
2541	1
2542	1
2543	1
2544	1
2545	1
2546	1
2547	1
2548	1
2549	1
2550	1
2551	1
2552	1
2553	1
2554	1
2555	1
2556	1
2557	1
2558	1
2559	1
2560	1
2561	1
2562	1
2563	1
2564	1
2565	1
2566	1
2567	1
2568	1
2569	0
2570	0
2571	0
2572	0
2573	0
2574	0
2575	0
2576	0
2577	0
2578	0
2579	0
2580	0
2581	0
2582	0
2583	0
2584	0
2585	0
2586	0
2587	0
2588	0
2589	0
2590	0
2591	0
2592	0
2593	0
2594	0
2595	0
2596	0
2597	0
2598	0
2599	0
2600	0
2601	0
2602	0
2603	0
2604	0
2605	0
2606	0
2607	0
2608	0
2609	0
2610	0
2611	0
2612	0
2613	0
2614	0
2615	0
2616	0
2617	0
2618	0
2619	0
2620	0
2621	0
2622	0
2623	0
2624	0
2625	0
2626	0
2627	0
2628	0
2629	0
2630	0
2631	0
2632	0
2633	0
2634	0
2635	0
2636	0
2637	0
2638	0
2639	0
2640	0
2641	0
2642	0
2643	0
2644	0
2645	0
2646	0
2647	0
2648	0
2649	0
2650	0
2651	0
2652	0
2653	0
2654	0
2655	0
2656	0
2657	0
2658	0
2659	0
2660	0
2661	0
2662	0
2663	0
2664	0
2665	0
2666	0
2667	0
2668	0
2669	0
2670	0
2671	0
2672	0
2673	0
2674	0
2675	0
2676	0
2677	0
2678	0
2679	0
2680	0
2681	0
2682	0
2683	0
2684	0
2685	0
2686	0
2687	0
2688	0
2689	1
2690	1
2691	1
2692	1
2693	1
2694	1
2695	1
2696	1
2697	1
2698	1
2699	1
2700	1
2701	1
2702	1
2703	1
2704	1
2705	1
2706	1
2707	1
2708	1
2709	1
2710	1
2711	1
2712	1
2713	1
2714	1
2715	1
2716	1
2717	1
2718	1
2719	1
2720	1
2721	1
2722	1
2723	1
2724	1
2725	1
2726	1
2727	1
2728	1
2729	1
2730	1
2731	1
2732	1
2733	1
2734	1
2735	1
2736	1
2737	1
2738	1
2739	1
2740	1
2741	1
2742	1
2743	1
2744	1
2745	1
2746	1
2747	1
2748	1
2749	1
2750	1
2751	1
2752	0
2753	0
2754	0
2755	0
2756	0
2757	0
2758	0
2759	0
2760	0
2761	0
2762	0
2763	1
2764	1
2765	1
2766	1
2767	1
2768	1
2769	1
2770	1
2771	0
2772	0
2773	0
2774	0
2775	0
2776	0
2777	0
2778	0
2779	1
2780	1
2781	1
2782	1
2783	1
2784	1
2785	1
2786	1
2787	1
2788	1
2789	1
2790	1
2791	1
2792	1
2793	1
2794	1
2795	1
2796	1
2797	1
2798	1
2799	1
2800	1
2801	1
2802	1
2803	1
2804	1
2805	1
2806	1
2807	1
2808	1
2809	1
2810	1
2811	1
2812	1
2813	1
2814	1
2815	1
2816	1
2817	1
2818	1
2819	1
2820	1
2821	1
2822	1
2823	1
2824	1
2825	1
2826	1
2827	1
2828	0
2829	0
2830	1
2831	1
2832	1
2833	1
2834	1
2835	1
2836	1
2837	1
2838	1
2839	1
2840	1
2841	0
2842	1
2843	1
2844	1
2845	1
2846	1
2847	1
2848	1
2849	1
2850	1
2851	1
2852	1
2853	1
2854	1
2855	1
2856	1
2857	1
2858	1
2859	1
2860	1
2861	1
2862	1
2863	1
2864	1
2865	1
2866	1
2867	1
2868	1
2869	1
2870	1
2871	1
2872	1
2873	1
2874	1
2875	1
2876	1
2877	1
2878	1
2879	1
2880	1
2881	1
2882	1
2883	1
2884	1
2885	1
2886	1
2887	1
2888	1
2889	1
2890	1
2891	1
2892	1
2893	1
2894	1
2895	1
2896	1
2897	1
2898	1
2899	1
2900	1
2901	1
2902	1
2903	1
2904	1
2905	1
2906	1
2907	1
2908	1
2909	1
2910	1
2911	1
2912	1
2913	1
2914	1
2915	1
2916	1
2917	1
2918	1
2919	1
2920	1
2921	1
2922	1
2923	1
2924	1
2925	1
2926	1
2927	1
2928	1
2929	1
2930	1
2931	1
2932	1
2933	1
2934	1
2935	1
2936	1
2937	1
2938	1
2939	1
2940	1
2941	1
2942	1
2943	1
2944	1
2945	1
2946	1
2947	1
2948	1
2949	1
2950	1
2951	1
2952	1
2953	1
2954	1
2955	1
2956	1
2957	1
2958	1
2959	1
2960	1
2961	1
2962	1
2963	1
2964	1
2965	1
2966	1
2967	1
2968	1
2969	1
2970	1
2971	1
2972	1
2973	1
2974	1
2975	1
2976	1
2977	1
2978	1
2979	1
2980	1
2981	1
2982	1
2983	1
2984	1
2985	1
2986	1
2987	1
2988	1
2989	1
2990	1
2991	1
2992	1
2993	1
2994	1
2995	1
2996	1
2997	1
2998	1
2999	1
3000	1
3001	1
3002	1
3003	1
3004	1
3005	1
3006	1
3007	1
3008	1
3009	1
3010	1
3011	1
3012	1
3013	1
3014	1
3015	1
3016	1
3017	1
3018	1
3019	1
3020	1
3021	1
3022	1
3023	0
3024	0
3025	0
3026	0
3027	1
3028	1
3029	1
3030	1
3031	1
3032	1
3033	1
3034	1
3035	1
3036	1
3037	1
3038	1
3039	1
3040	1
3041	1
3042	1
3043	1
3044	1
3045	1
3046	1
3047	1
3048	1
3049	0
3050	0
3051	0
3052	0
3053	0
3054	0
3055	1
3056	1
3057	1
3058	1
3059	1
3060	1
3061	1
3062	1
3063	1
3064	1
3065	1
3066	1
3067	1
3068	1
3069	1
3070	1
3071	1
3072	1
3073	1
3074	1
3075	1
3076	1
3077	1
3078	1
3079	1
3080	1
3081	1
3082	1
3083	1
3084	1
3085	1
3086	1
3087	1
3088	1
3089	1
3090	1
3091	1
3092	1
3093	1
3094	1
3095	1
3096	1
3097	1
3098	1
3099	1
3100	1
3101	1
3102	1
3103	1
3104	1
3105	1
3106	1
3107	1
3108	1
3109	1
3110	1
3111	1
3112	1
3113	1
3114	1
3115	1
3116	1
3117	1
3118	1
3119	1
3120	1
3121	1
3122	1
3123	0
3124	0
3125	0
3126	0
3127	0
3128	0
3129	1
3130	0
3131	0
3132	1
3133	0
3134	0
3135	1
3136	0
3137	0
3138	0
3139	0
3140	0
3141	0
3142	0
3143	0
3144	0
3145	0
3146	0
3147	0
3148	0
3149	0
3150	0
3151	0
3152	0
3153	0
3154	1
3155	1
3156	0
3157	0
3158	0
3159	0
3160	0
3161	0
3162	0
3163	0
3164	0
3165	0
3166	0
3167	0
3168	0
3169	0
3170	0
3171	0
3172	0
3173	0
3174	1
3175	1
3176	1
3177	1
3178	1
3179	1
3180	1
3181	1
3182	1
3183	1
3184	1
3185	1
3186	1
3187	1
3188	1
3189	1
3190	1
3191	1
3192	1
3193	1
3194	1
3195	1
3196	1
3197	1
3198	1
3199	1
3200	1
3201	1
3202	1
3203	1
3204	1
3205	1
3206	1
3207	1
3208	1
3209	1
3210	1
3211	1
3212	1
3213	1
3214	1
3215	1
3216	1
3217	1
3218	1
3219	1
3220	1
3221	1
3222	1
3223	1
3224	1
3225	1
3226	1
3227	1
3228	1
3229	1
3230	1
3231	1
3232	1
3233	1
3234	1
3235	1
3236	1
3237	1
3238	1
3239	1
3240	1
3241	1
3242	1
3243	1
3244	1
3245	1
3246	1
3247	1
3248	1
3249	1
3250	1
3251	1
3252	1
3253	1
3254	1
3255	1
3256	1
3257	1
3258	1
3259	1
3260	1
3261	1
3262	1
3263	1
3264	1
3265	1
3266	1
3267	1
3268	1
3269	1
3270	1
3271	1
3272	1
3273	1
3274	1
3275	1
3276	1
3277	1
3278	1
3279	1
3280	1
3281	1
3282	1
3283	1
3284	1
3285	1
3286	1
3287	1
3288	1
3289	1
3290	1
3291	1
3292	1
3293	1
3294	1
3295	1
3296	1
3297	0
3298	1
3299	1
3300	1
3301	1
3302	1
3303	1
3304	1
3305	1
3306	1
3307	1
3308	1
3309	1
3310	1
3311	1
3312	1
3313	1
3314	1
3315	1
3316	1
3317	1
3318	1
3319	1
3320	1
3321	1
3322	0
3323	1
3324	1
3325	0
3326	1
3327	1
3328	1
3329	1
3330	1
3331	1
3332	0
3333	1
3334	1
3335	0
3336	1
3337	1
3338	0
3339	0
3340	1
3341	0
3342	1
3343	1
3344	1
3345	1
3346	1
3347	1
3348	1
3349	1
3350	1
3351	1
3352	1
3353	1
3354	1
3355	1
3356	1
3357	1
3358	1
3359	1
3360	1
3361	1
3362	1
3363	1
3364	1
3365	1
3366	1
3367	1
3368	1
3369	1
3370	1
3371	1
3372	1
3373	1
3374	1
3375	1
3376	1
3377	1
3378	1
3379	1
3380	1
3381	1
3382	1
3383	1
3384	1
3385	1
3386	1
3387	1
3388	1
3389	1
3390	1
3391	1
3392	1
3393	1
3394	1
3395	1
3396	1
3397	1
3398	1
3399	1
3400	1
3401	1
3402	1
3403	1
3404	1
3405	1
3406	1
3407	1
3408	1
3409	1
3410	1
3411	1
3412	1
3413	1
3414	1
3415	1
3416	1
3417	1
3418	1
3419	1
3420	1
3421	1
3422	1
3423	1
3424	1
3425	1
3426	1
3427	1
3428	1
3429	1
3430	1
3431	1
3432	1
3433	1
3434	1
3435	1
3436	1
3437	1
3438	1
3439	1
3440	1
3441	1
3442	1
3443	1
3444	1
3445	1
3446	1
3447	1
3448	1
3449	1
3450	1
3451	1
3452	1
3453	1
3454	1
3455	1
3456	1
3457	1
3458	1
3459	1
3460	1
3461	1
3462	1
3463	1
3464	1
3465	1
3466	1
3467	1
3468	1
3469	1
3470	1
3471	1
3472	1
3473	1
3474	1
3475	1
3476	1
3477	1
3478	1
3479	1
3480	1
3481	1
3482	1
3483	1
3484	1
3485	1
3486	1
3487	1
3488	1
3489	1
3490	1
3491	1
3492	1
3493	1
3494	1
3495	1
3496	1
3497	1
3498	1
3499	1
3500	1
3501	1
3502	1
3503	0
3504	0
3505	1
3506	1
3507	0
3508	0
3509	0
3510	0
3511	0
3512	1
3513	1
3514	1
3515	1
3516	1
3517	0
3518	0
3519	0
3520	0
3521	0
3522	0
3523	0
3524	0
3525	0
3526	0
3527	0
3528	0
3529	0
3530	0
3531	1
3532	0
3533	0
3534	0
3535	0
3536	0
3537	0
3538	0
3539	0
3540	0
3541	0
3542	0
3543	1
3544	1
3545	1
3546	1
3547	1
3548	1
3549	1
3550	1
3551	1
3552	1
3553	1
3554	1
3555	1
3556	1
3557	1
3558	1
3559	1
3560	1
3561	1
3562	1
3563	1
3564	1
3565	1
3566	0
3567	1
3568	1
3569	1
3570	1
3571	1
3572	1
3573	1
3574	1
3575	1
3576	1
3577	1
3578	1
3579	1
3580	1
3581	0
3582	0
3583	1
3584	0
3585	0
3586	0
3587	0
3588	0
3589	0
3590	1
3591	1
3592	1
3593	0
3594	0
3595	0
3596	0
3597	0
3598	0
3599	1
3600	1
3601	0
3602	0
3603	0
3604	0
3605	1
3606	1
3607	1
3608	1
3609	1
3610	0
3611	0
3612	0
3613	0
3614	0
3615	0
3616	0
3617	0
3618	0
3619	0
3620	0
3621	0
3622	0
3623	0
3624	0
3625	0
3626	0
3627	0
3628	0
3629	0
3630	0
3631	0
3632	0
3633	0
3634	0
3635	0
3636	0
3637	0
3638	0
3639	0
3640	0
3641	0
3642	0
3643	0
3644	1
3645	0
3646	0
3647	0
3648	0
3649	0
3650	0
3651	0
3652	0
3653	0
3654	1
3655	1
3656	1
3657	1
3658	1
3659	1
3660	0
3661	0
3662	0
3663	0
3664	0
3665	0
3666	0
3667	0
3668	0
3669	0
3670	0
3671	0
3672	0
3673	0
3674	0
3675	0
3676	0
3677	0
3678	0
3679	0
3680	0
3681	0
3682	0
3683	0
3684	0
3685	0
3686	0
3687	0
3688	0
3689	0
3690	0
3691	0
3692	0
3693	0
3694	0
3695	0
3696	0
3697	0
3698	0
3699	0
3700	0
3701	0
3702	0
3703	0
3704	0
3705	0
3706	0
3707	0
3708	0
3709	0
3710	0
3711	0
3712	0
3713	0
3714	0
3715	0
3716	0
3717	0
3718	0
3719	0
3720	0
3721	0
3722	0
3723	0
3724	0
3725	0
3726	0
3727	0
3728	0
3729	0
3730	0
3731	0
3732	0
3733	0
3734	0
3735	0
3736	0
3737	0
3738	0
3739	0
3740	0
3741	0
3742	0
3743	0
3744	0
3745	0
3746	0
3747	0
3748	0
3749	0
3750	0
3751	0
3752	0
3753	0
3754	0
3755	0
3756	0
3757	0
3758	0
3759	0
3760	0
3761	0
3762	0
3763	0
3764	0
3765	0
3766	0
3767	1
3768	1
3769	0
3770	0
3771	0
3772	0
3773	0
3774	0
3775	1
3776	1
3777	0
3778	1
3779	1
3780	1
3781	1
3782	1
3783	1
3784	1
3785	1
3786	1
3787	1
3788	1
3789	1
3790	0
3791	0
3792	1
3793	1
3794	1
3795	0
3796	0
3797	1
3798	0
3799	0
3800	1
3801	0
3802	0
3803	0
3804	1
3805	1
3806	0
3807	0
3808	0
3809	0
3810	0
3811	0
3812	0
3813	0
3814	0
3815	1
3816	1
3817	1
3818	0
3819	0
3820	0
3821	0
3822	0
3823	0
3824	0
3825	0
3826	0
3827	0
3828	1
3829	1
3830	1
3831	1
3832	1
3833	1
3834	1
3835	1
3836	1
3837	1
3838	1
3839	1
3840	1
3841	1
3842	1
3843	1
3844	1
3845	1
3846	1
3847	1
3848	1
3849	1
3850	1
3851	1
3852	1
3853	1
3854	1
3855	1
3856	1
3857	1
3858	1
3859	1
3860	1
3861	1
3862	1
3863	1
3864	1
3865	1
3866	1
3867	0
3868	0
3869	1
3870	1
3871	1
3872	1
3873	1
3874	1
3875	1
3876	1
3877	1
3878	0
3879	0
3880	0
3881	0
3882	0
3883	0
3884	0
3885	0
3886	0
3887	0
3888	0
3889	0
3890	0
3891	0
3892	0
3893	0
3894	0
3895	0
3896	0
3897	0
3898	0
3899	0
3900	0
3901	0
3902	0
3903	0
3904	0
3905	0
3906	0
3907	0
3908	0
3909	0
3910	0
3911	0
3912	0
3913	0
3914	0
3915	1
3916	1
3917	0
3918	0
3919	1
3920	1
3921	1
3922	1
3923	1
3924	0
3925	0
3926	0
3927	0
3928	1
3929	0
3930	0
3931	0
3932	0
3933	0
3934	0
3935	0
3936	0
3937	0
3938	0
3939	0
3940	0
3941	0
3942	0
3943	0
3944	0
3945	0
3946	0
3947	0
3948	0
3949	0
3950	0
3951	0
3952	0
3953	0
3954	0
3955	0
3956	0
3957	0
3958	0
3959	0
3960	0
3961	0
3962	0
3963	0
3964	0
3965	0
3966	0
3967	0
3968	0
3969	0
3970	0
3971	0
3972	0
3973	0
3974	0
3975	0
3976	0
3977	0
3978	0
3979	0
3980	0
3981	0
3982	0
3983	0
3984	0
3985	0
3986	0
3987	0
3988	0
3989	0
3990	0
3991	0
3992	0
3993	0
3994	0
3995	0
3996	0
3997	0
3998	0
3999	0
4000	0
4001	0
4002	0
4003	0
4004	0
4005	0
4006	0
4007	0
4008	0
4009	0
4010	0
4011	0
4012	0
4013	0
4014	0
4015	0
4016	0
4017	0
4018	0
4019	0
4020	0
4021	0
4022	0
4023	0
4024	0
4025	0
4026	0
4027	0
4028	0
4029	0
4030	0
4031	0
4032	0
4033	0
4034	0
4035	0
4036	0
4037	0
4038	0
4039	0
4040	0
4041	0
4042	0
4043	0
4044	0
4045	0
4046	0
4047	0
4048	0
4049	0
4050	0
4051	0
4052	0
4053	0
4054	0
4055	0
4056	0
4057	0
4058	0
4059	0
4060	0
4061	0
4062	0
4063	0
4064	0
4065	0
4066	0
4067	0
4068	0
4069	0
4070	0
4071	0
4072	0
4073	0
4074	0
4075	0
4076	0
4077	0
4078	0
4079	0
4080	0
4081	0
4082	0
4083	0
4084	0
4085	0
4086	0
4087	0
4088	0
4089	0
4090	0
4091	0
4092	0
4093	0
4094	0
4095	0
4096	0
4097	0
4098	0
4099	0
4100	0
4101	0
4102	0
4103	0
4104	0
4105	0
4106	0
4107	0
4108	0
4109	0
4110	0
4111	0
4112	0
4113	0
4114	0
4115	0
4116	0
4117	0
4118	0
4119	0
4120	0
4121	0
4122	0
4123	0
4124	0
4125	0
4126	0
4127	0
4128	0
4129	0
4130	0
4131	0
4132	0
4133	0
4134	0
4135	0
4136	0
4137	0
4138	0
4139	0
4140	0
4141	0
4142	0
4143	0
4144	0
4145	0
4146	0
4147	0
4148	0
4149	0
4150	0
4151	0
4152	0
4153	1
4154	1
4155	1
4156	1
4157	1
4158	1
4159	1
4160	1
4161	1
4162	1
4163	1
4164	1
4165	1
4166	1
4167	1
4168	1
4169	1
4170	1
4171	1
4172	1
4173	1
4174	1
4175	1
4176	1
4177	1
4178	1
4179	1
4180	1
4181	1
4182	1
4183	1
4184	1
4185	1
4186	1
4187	1
4188	1
4189	1
4190	1
4191	1
4192	1
4193	1
4194	1
4195	1
4196	1
4197	1
4198	1
4199	1
4200	1
4201	1
4202	1
4203	1
4204	1
4205	1
4206	1
4207	1
4208	1
4209	1
4210	1
4211	1
4212	1
4213	1
4214	1
4215	1
4216	1
4217	1
4218	1
4219	1
4220	1
4221	1
4222	1
4223	1
4224	1
4225	1
4226	1
4227	1
4228	1
4229	1
4230	1
4231	1
4232	1
4233	1
4234	1
4235	1
4236	1
4237	1
4238	1
4239	1
4240	1
4241	1
4242	1
4243	1
4244	1
4245	1
4246	1
4247	1
4248	1
4249	1
4250	1
4251	1
4252	1
4253	1
4254	1
4255	1
4256	1
4257	1
4258	1
4259	1
4260	1
4261	1
4262	1
4263	1
4264	1
4265	1
4266	1
4267	1
4268	1
4269	1
4270	1
4271	1
4272	1
4273	1
4274	1
4275	1
4276	1
4277	1
4278	1
4279	1
4280	1
4281	1
4282	1
4283	1
4284	1
4285	1
4286	1
4287	1
4288	1
4289	1
4290	1
4291	1
4292	1
4293	1
4294	1
4295	1
4296	1
4297	1
4298	1
4299	1
4300	1
4301	1
4302	1
4303	1
4304	1
4305	1
4306	1
4307	1
4308	1
4309	1
4310	1
4311	1
4312	1
4313	1
4314	1
4315	1
4316	1
4317	1
4318	1
4319	1
4320	1
4321	1
4322	1
4323	1
4324	1
4325	1
4326	1
4327	1
4328	1
4329	1
4330	1
4331	1
4332	1
4333	1
4334	1
4335	1
4336	1
4337	1
4338	1
4339	1
4340	1
4341	1
4342	1
4343	1
4344	1
4345	1
4346	1
4347	1
4348	1
4349	1
4350	1
4351	1
4352	1
4353	1
4354	1
4355	1
4356	1
4357	1
4358	1
4359	1
4360	1
4361	1
4362	1
4363	1
4364	1
4365	1
4366	0
4367	0
4368	0
4369	0
4370	1
4371	1
4372	1
4373	1
4374	1
4375	1
4376	1
4377	1
4378	1
4379	1
4380	1
4381	1
4382	1
4383	1
4384	1
4385	1
4386	1
4387	1
4388	1
4389	1
4390	1
4391	1
4392	1
4393	1
4394	1
4395	1
4396	1
4397	1
4398	0
4399	0
4400	0
4401	0
4402	1
4403	1
4404	0
4405	1
4406	1
4407	0
4408	1
4409	1
4410	1
4411	1
4412	0
4413	1
4414	1
4415	1
4416	0
4417	0
4418	1
4419	1
4420	1
4421	0
4422	1
4423	0
4424	0
4425	0
4426	1
4427	0
4428	0
4429	0
4430	0
4431	0
4432	0
4433	0
4434	1
4435	1
4436	1
4437	1
4438	1
4439	1
4440	1
4441	1
4442	1
4443	1
4444	0
4445	0
4446	1
4447	0
4448	0
4449	0
4450	0
4451	0
4452	0
4453	1
4454	1
4455	1
4456	1
4457	1
4458	1
4459	1
4460	1
4461	1
4462	1
4463	1
4464	1
4465	1
4466	1
4467	1
4468	1
4469	1
4470	1
4471	1
4472	1
4473	1
4474	1
4475	1
4476	1
4477	1
4478	1
4479	1
4480	1
4481	1
4482	1
4483	1
4484	1
4485	1
4486	1
4487	1
4488	1
4489	1
4490	1
4491	1
4492	1
4493	1
4494	1
4495	1
4496	1
4497	1
4498	1
4499	1
4500	1
4501	1
4502	1
4503	1
4504	1
4505	1
4506	1
4507	1
4508	1
4509	1
4510	1
4511	1
4512	1
4513	1
4514	1
4515	1
4516	1
4517	1
4518	1
4519	1
4520	1
4521	1
4522	1
4523	1
4524	1
4525	1
4526	1
4527	1
4528	1
4529	1
4530	1
4531	1
4532	1
4533	1
4534	1
4535	1
4536	1
4537	1
4538	1
4539	1
4540	1
4541	1
4542	1
4543	1
4544	1
4545	1
4546	1
4547	1
4548	0
4549	0
4550	0
4551	0
4552	0
4553	0
4554	0
4555	0
4556	0
4557	0
4558	0
4559	0
4560	0
4561	0
4562	0
4563	0
4564	0
4565	0
4566	0
4567	0
4568	0
4569	0
4570	0
4571	0
4572	0
4573	0
4574	0
4575	0
4576	0
4577	0
4578	0
4579	0
4580	0
4581	0
4582	0
4583	0
4584	0
4585	0
4586	0
4587	0
4588	0
4589	0
4590	0
4591	0
4592	0
4593	0
4594	0
4595	0
4596	0
4597	0
4598	0
4599	0
4600	1
4601	1
4602	1
4603	0
4604	0
4605	0
4606	0
4607	0
4608	0
4609	0
4610	0
4611	0
4612	0
4613	0
4614	0
4615	0
4616	0
4617	0
4618	0
4619	0
4620	0
4621	0
4622	0
4623	0
4624	0
4625	0
4626	0
4627	0
4628	0
4629	0
4630	0
4631	0
4632	0
4633	0
4634	0
4635	0
4636	0
4637	0
4638	0
4639	0
4640	0
4641	0
4642	0
4643	0
4644	0
4645	0
4646	0
4647	0
4648	0
4649	0
4650	0
4651	0
4652	0
4653	0
4654	0
4655	0
4656	0
4657	0
4658	0
4659	0
4660	0
4661	0
4662	0
4663	0
4664	0
4665	0
4666	0
4667	0
4668	0
4669	0
4670	0
4671	0
4672	0
4673	0
4674	0
4675	0
4676	0
4677	0
4678	0
4679	0
4680	0
4681	0
4682	0
4683	0
4684	0
4685	0
4686	0
4687	0
4688	0
4689	0
4690	0
4691	0
4692	0
4693	0
4694	0
4695	0
4696	0
4697	0
4698	0
4699	0
4700	0
4701	0
4702	0
4703	0
4704	0
4705	0
4706	0
4707	0
4708	0
4709	0
4710	0
4711	0
4712	0
4713	0
4714	0
4715	0
4716	0
4717	0
4718	0
4719	0
4720	0
4721	0
4722	0
4723	0
4724	0
4725	0
4726	0
4727	0
4728	0
4729	0
4730	0
4731	0
4732	0
4733	0
4734	0
4735	0
4736	0
4737	0
4738	0
4739	0
4740	0
4741	0
4742	0
4743	0
4744	0
4745	0
4746	0
4747	0
4748	0
4749	0
4750	0
4751	0
4752	0
4753	0
4754	0
4755	0
4756	0
4757	0
4758	0
4759	0
4760	0
4761	0
4762	0
4763	0
4764	0
4765	0
4766	0
4767	0
4768	0
4769	0
4770	0
4771	0
4772	0
4773	0
4774	0
4775	0
4776	0
4777	0
4778	0
4779	0
4780	0
4781	0
4782	0
4783	0
4784	0
4785	0
4786	0
4787	0
4788	0
4789	0
4790	0
4791	0
4792	0
4793	0
4794	0
4795	0
4796	0
4797	0
4798	0
4799	0
4800	0
4801	0
4802	0
4803	0
4804	0
4805	0
4806	0
4807	0
4808	0
4809	0
4810	0
4811	0
4812	0
4813	0
4814	0
4815	0
4816	0
4817	0
4818	0
4819	0
4820	0
4821	0
4822	0
4823	0
4824	0
4825	0
4826	0
4827	0
4828	0
4829	0
4830	0
4831	0
4832	0
4833	0
4834	0
4835	0
4836	0
4837	0
4838	0
4839	0
4840	0
4841	0
4842	0
4843	0
4844	0
4845	0
4846	0
4847	0
4848	1
4849	1
4850	1
4851	1
4852	0
4853	0
4854	0
4855	0
4856	0
4857	0
4858	0
4859	0
4860	0
4861	0
4862	0
4863	0
4864	0
4865	0
4866	0
4867	0
4868	0
4869	0
4870	0
4871	0
4872	0
4873	0
4874	0
4875	0
4876	0
4877	0
4878	1
4879	1
4880	0
4881	0
4882	1
4883	1
4884	1
4885	1
4886	1
4887	1
4888	1
4889	1
4890	1
4891	1
4892	1
4893	1
4894	1
4895	1
4896	0
4897	0
4898	0
4899	0
4900	1
4901	0
4902	0
4903	0
4904	0
4905	0
4906	0
4907	0
4908	1
4909	0
4910	0
4911	0
4912	0
4913	0
4914	0
4915	0
4916	0
4917	0
4918	0
4919	0
4920	0
4921	0
4922	0
4923	0
4924	0
4925	0
4926	0
4927	0
4928	0
4929	0
4930	0
4931	0
4932	0
4933	0
4934	0
4935	0
4936	0
4937	0
4938	0
4939	0
4940	0
4941	0
4942	0
4943	0
4944	0
4945	0
4946	0
4947	0
4948	0
4949	0
4950	0
4951	0
4952	0
4953	0
4954	0
4955	0
4956	0
4957	0
4958	0
4959	0
4960	0
4961	0
4962	0
4963	0
4964	0
4965	0
4966	0
4967	0
4968	0
4969	0
4970	0
4971	0
4972	0
4973	0
4974	0
4975	0
4976	0
4977	0
4978	0
4979	0
4980	0
4981	0
4982	0
4983	0
4984	0
4985	0
4986	0
4987	0
4988	0
4989	0
4990	0
4991	0
4992	0
4993	0
4994	0
4995	0
4996	0
4997	0
4998	0
4999	0
5000	0
5001	0
5002	0
5003	0
5004	0
5005	0
5006	0
5007	0
5008	0
5009	0
5010	0
5011	0
5012	0
5013	0
5014	0
5015	0
5016	0
5017	0
5018	0
5019	0
5020	0
5021	0
5022	0
5023	0
5024	0
5025	0
5026	0
5027	0
5028	0
5029	0
5030	0
5031	0
5032	0
5033	0
5034	0
5035	0
5036	0
5037	0
5038	0
5039	0
5040	0
5041	0
5042	0
5043	0
5044	1
5045	0
5046	0
5047	0
5048	1
5049	0
5050	0
5051	1
5052	1
5053	0
5054	0
5055	0
5056	0
5057	0
5058	0
5059	0
5060	0
5061	0
5062	0
5063	0
5064	0
5065	0
5066	0
5067	0
5068	0
5069	0
5070	0
5071	0
5072	0
5073	0
5074	0
5075	0
5076	0
5077	0
5078	0
5079	0
5080	0
5081	0
5082	0
5083	0
5084	0
5085	0
5086	0
5087	0
5088	0
5089	0
5090	0
5091	0
5092	0
5093	0
5094	0
5095	0
5096	0
5097	0
5098	0
5099	0
5100	0
5101	0
5102	0
5103	0
5104	0
5105	0
5106	0
5107	0
5108	0
5109	0
5110	0
5111	0
5112	1
5113	1
5114	1
5115	1
5116	0
5117	0
5118	0
5119	1
5120	0
5121	1
5122	0
5123	0
5124	0
5125	1
5126	0
5127	0
5128	0
5129	0
5130	0
5131	0
5132	0
5133	0
5134	0
5135	0
5136	0
5137	1
5138	0
5139	0
5140	0
5141	0
5142	0
5143	0
5144	0
5145	0
5146	0
5147	0
5148	0
5149	0
5150	0
5151	0
5152	0
5153	0
5154	0
5155	0
5156	0
5157	0
5158	0
5159	0
5160	0
5161	0
5162	0
5163	0
5164	0
5165	0
5166	0
5167	0
5168	0
5169	0
5170	0
5171	0
5172	0
5173	0
5174	0
5175	0
5176	0
5177	0
5178	0
5179	0
5180	0
5181	0
5182	0
5183	0
5184	0
5185	0
5186	0
5187	0
5188	0
5189	0
5190	0
5191	0
5192	0
5193	0
5194	0
5195	0
5196	0
5197	0
5198	0
5199	0
5200	0
5201	0
5202	0
5203	0
5204	0
5205	0
5206	0
5207	0
5208	0
5209	0
5210	0
5211	0
5212	0
5213	0
5214	0
5215	0
5216	0
5217	0
5218	0
5219	0
5220	0
5221	0
5222	0
5223	0
5224	0
5225	0
5226	0
5227	0
5228	0
5229	0
5230	0
5231	0
5232	0
5233	0
5234	0
5235	0
5236	0
5237	0
5238	0
5239	0
5240	0
5241	0
5242	0
5243	0
5244	0
5245	0
5246	0
5247	0
5248	0
5249	0
5250	0
5251	0
5252	0
5253	0
5254	0
5255	0
5256	0
5257	0
5258	0
5259	0
5260	0
5261	0
5262	0
5263	0
5264	0
5265	0
5266	0
5267	0
5268	0
5269	0
5270	0
5271	0
5272	0
5273	0
5274	0
5275	0
5276	0
5277	0
5278	0
5279	0
5280	0
5281	0
5282	0
5283	0
5284	0
5285	0
5286	0
5287	0
5288	0
5289	0
5290	0
5291	0
5292	0
5293	0
5294	0
5295	0
5296	0
5297	0
5298	0
5299	0
5300	0
5301	0
5302	0
5303	0
5304	0
5305	0
5306	0
5307	0
5308	0
5309	0
5310	0
5311	0
5312	0
5313	0
5314	0
5315	0
5316	0
5317	0
5318	0
5319	0
5320	0
5321	0
5322	0
5323	0
5324	0
5325	0
5326	0
5327	0
5328	0
5329	0
5330	0
5331	0
5332	0
5333	0
5334	0
5335	0
5336	0
5337	0
5338	0
5339	0
5340	0
5341	0
5342	0
5343	0
5344	0
5345	0
5346	0
5347	0
5348	0
5349	0
5350	0
5351	0
5352	0
5353	0
5354	0
5355	0
5356	0
5357	0
5358	0
5359	0
5360	0
5361	0
5362	0
5363	0
5364	0
5365	0
5366	0
5367	0
5368	0
5369	0
5370	0
5371	0
5372	0
5373	1
5374	1
5375	1
5376	1
5377	1
5378	1
5379	1
5380	1
5381	1
5382	1
5383	1
5384	1
5385	1
5386	1
5387	1
5388	1
5389	1
5390	1
5391	1
5392	1
5393	1
5394	1
5395	1
5396	1
5397	1
5398	1
5399	0
5400	1
5401	1
5402	1
5403	1
5404	1
5405	1
5406	0
5407	0
5408	0
5409	1
5410	1
5411	1
5412	1
5413	1
5414	1
5415	1
5416	1
5417	1
5418	1
5419	1
5420	1
5421	1
5422	1
5423	1
5424	1
5425	0
5426	0
5427	1
5428	1
5429	1
5430	1
5431	1
5432	1
5433	0
5434	0
5435	1
5436	1
5437	1
5438	1
5439	1
5440	0
5441	0
5442	1
5443	0
5444	0
5445	1
5446	1
5447	0
5448	0
5449	0
5450	0
5451	1
5452	0
5453	0
5454	0
5455	0
5456	0
5457	0
5458	1
5459	1
5460	1
5461	1
5462	1
5463	1
5464	1
5465	1
5466	1
5467	1
5468	0
5469	0
5470	0
5471	0
5472	0
5473	0
5474	0
5475	0
5476	0
5477	0
5478	0
5479	0
5480	0
5481	0
5482	0
5483	0
5484	0
5485	0
5486	0
5487	0
5488	0
5489	0
5490	0
5491	0
5492	0
5493	0
5494	0
5495	0
5496	0
5497	0
5498	0
5499	0
5500	0
5501	0
5502	0
5503	0
5504	0
5505	0
5506	0
5507	0
5508	0
5509	0
5510	0
5511	0
5512	0
5513	0
5514	0
5515	0
5516	0
5517	0
5518	0
5519	0
5520	0
5521	0
5522	0
5523	0
5524	0
5525	0
5526	0
5527	0
5528	0
5529	0
5530	0
5531	0
5532	0
5533	0
5534	0
5535	0
5536	0
5537	0
5538	0
5539	0
5540	0
5541	0
5542	0
5543	0
5544	0
5545	0
5546	0
5547	0
5548	0
5549	0
5550	0
5551	1
5552	0
5553	0
5554	0
5555	0
5556	0
5557	0
5558	0
5559	0
5560	0
5561	0
5562	0
5563	0
5564	0
5565	0
5566	0
5567	0
5568	0
5569	0
5570	0
5571	0
5572	0
5573	0
5574	1
5575	0
5576	0
5577	0
5578	0
5579	0
5580	0
5581	0
5582	0
5583	0
5584	0
5585	0
5586	0
5587	0
5588	0
5589	0
5590	0
5591	0
5592	0
5593	0
5594	0
5595	0
5596	1
5597	1
5598	1
5599	1
5600	1
5601	1
5602	1
5603	1
5604	1
5605	1
5606	1
5607	1
5608	1
5609	1
5610	1
5611	1
5612	1
5613	1
5614	1
5615	1
5616	1
5617	1
5618	1
5619	1
5620	1
5621	1
5622	1
5623	1
5624	1
5625	1
5626	1
5627	1
5628	1
5629	1
5630	1
5631	1
5632	1
5633	1
5634	1
5635	1
5636	1
5637	1
5638	1
5639	1
5640	1
5641	1
5642	1
5643	1
5644	1
5645	1
5646	1
5647	1
5648	1
5649	1
5650	1
5651	1
5652	1
5653	1
5654	1
5655	1
5656	1
5657	1
5658	1
5659	1
5660	1
5661	1
5662	1
5663	1
5664	1
5665	1
5666	1
5667	1
5668	1
5669	1
5670	1
5671	1
5672	1
5673	1
5674	1
5675	1
5676	1
5677	1
5678	1
5679	1
5680	1
5681	1
5682	1
5683	1
5684	1
5685	1
5686	1
5687	1
5688	1
5689	1
5690	1
5691	1
5692	1
5693	1
5694	1
5695	1
5696	1
5697	1
5698	1
5699	1
5700	1
5701	1
5702	1
5703	1
5704	1
5705	1
5706	1
5707	1
5708	1
5709	1
5710	1
5711	1
5712	1
5713	1
5714	1
5715	1
5716	1
5717	1
5718	1
5719	1
5720	1
5721	1
5722	1
5723	1
5724	1
5725	1
5726	1
5727	1
5728	1
5729	1
5730	1
5731	1
5732	1
5733	1
5734	1
5735	1
5736	1
5737	1
5738	1
5739	1
5740	1
5741	1
5742	1
5743	1
5744	1
5745	1
5746	1
5747	1
5748	1
5749	1
5750	1
5751	1
5752	1
5753	1
5754	1
5755	1
5756	1
5757	1
5758	1
5759	1
5760	1
5761	1
5762	1
5763	1
5764	1
5765	1
5766	1
5767	1
5768	1
5769	1
5770	1
5771	1
5772	1
5773	1
5774	1
5775	1
5776	1
5777	1
5778	1
5779	1
5780	1
5781	1
5782	1
5783	1
5784	1
5785	1
5786	1
5787	1
5788	1
5789	1
5790	1
5791	1
5792	1
5793	1
5794	1
5795	1
5796	1
5797	1
5798	1
5799	1
5800	1
5801	1
5802	1
5803	1
5804	1
5805	1
5806	1
5807	1
5808	1
5809	1
5810	1
5811	1
5812	1
5813	1
5814	1
5815	1
5816	1
5817	1
5818	1
5819	0
5820	0
5821	0
5822	0
5823	0
5824	0
5825	1
5826	1
5827	0
5828	1
5829	0
5830	0
5831	1
5832	1
5833	1
5834	1
5835	0
5836	1
5837	0
5838	1
5839	1
5840	1
5841	1
5842	1
5843	1
5844	1
5845	1
5846	1
5847	1
5848	1
5849	1
5850	1
5851	0
5852	0
5853	0
5854	0
5855	0
5856	0
5857	0
5858	0
5859	0
5860	0
5861	0
5862	0
5863	0
5864	0
5865	0
5866	0
5867	0
5868	0
5869	0
5870	0
5871	0
5872	0
5873	0
5874	0
5875	0
5876	0
5877	0
5878	0
5879	0
5880	0
5881	0
5882	0
5883	0
5884	0
5885	0
5886	0
5887	0
5888	0
5889	0
5890	0
5891	0
5892	0
5893	0
5894	0
5895	0
5896	0
5897	0
5898	0
5899	0
5900	0
5901	0
5902	0
5903	0
5904	0
5905	0
5906	0
5907	0
5908	0
5909	0
5910	0
5911	0
5912	0
5913	0
5914	0
5915	0
5916	0
5917	0
5918	0
5919	0
5920	0
5921	0
5922	0
5923	0
5924	0
5925	0
5926	0
5927	0
5928	0
5929	0
5930	0
5931	0
5932	0
5933	0
5934	0
5935	0
5936	0
5937	0
5938	0
5939	0
5940	0
5941	0
5942	0
5943	0
5944	0
5945	0
5946	0
5947	0
5948	0
5949	0
5950	0
5951	0
5952	0
5953	0
5954	0
5955	0
5956	0
5957	0
5958	0
5959	0
5960	0
5961	0
5962	0
5963	1
5964	0
5965	0
5966	1
5967	0
5968	0
5969	0
5970	1
5971	1
5972	1
5973	1
5974	1
5975	1
5976	1
5977	1
5978	1
5979	1
5980	1
5981	1
5982	1
5983	1
5984	1
5985	1
5986	1
5987	1
5988	1
5989	1
5990	1
5991	1
5992	1
5993	1
5994	1
5995	1
5996	1
5997	1
5998	1
5999	1
6000	1
6001	1
6002	1
6003	1
6004	1
6005	1
6006	1
6007	1
6008	1
6009	1
6010	1
6011	1
6012	1
6013	1
6014	1
6015	1
6016	1
6017	1
6018	1
6019	1
6020	1
6021	1
6022	1
6023	1
6024	1
6025	1
6026	1
6027	1
6028	1
6029	1
6030	1
6031	1
6032	1
6033	1
6034	1
6035	1
6036	1
6037	1
6038	1
6039	1
6040	1
6041	1
6042	1
6043	1
6044	1
6045	1
6046	1
6047	1
6048	1
6049	1
6050	1
6051	1
6052	1
6053	1
6054	1
6055	1
6056	1
6057	1
6058	1
6059	1
6060	1
6061	1
6062	1
6063	1
6064	1
6065	1
6066	1
6067	1
6068	1
6069	1
6070	1
6071	1
6072	1
6073	1
6074	1
6075	1
6076	1
6077	1
6078	1
6079	1
6080	1
6081	1
6082	1
6083	1
6084	1
6085	1
6086	1
6087	1
6088	1
6089	1
6090	1
6091	1
6092	1
6093	1
6094	0
6095	0
6096	0
6097	0
6098	0
6099	0
6100	0
6101	0
6102	0
6103	0
6104	1
6105	0
6106	0
6107	0
6108	0
6109	0
6110	0
6111	0
6112	0
6113	0
6114	0
6115	0
6116	0
6117	1
6118	0
6119	1
6120	1
6121	0
6122	0
6123	0
6124	0
6125	0
6126	0
6127	0
6128	0
6129	0
6130	1
6131	1
6132	1
6133	1
6134	1
6135	1
6136	1
6137	1
6138	1
6139	1
6140	1
6141	1
6142	1
6143	1
6144	1
6145	1
6146	1
6147	1
6148	1
6149	1
6150	1
6151	1
6152	1
6153	1
6154	1
6155	1
6156	1
6157	1
6158	1
6159	1
6160	1
6161	1
6162	1
6163	1
6164	1
6165	1
6166	1
6167	0
6168	0
6169	0
6170	0
6171	0
6172	0
6173	0
6174	0
6175	0
6176	0
6177	0
6178	0
6179	0
6180	0
6181	0
6182	0
6183	0
6184	0
6185	0
6186	0
6187	0
6188	0
6189	0
6190	0
6191	0
6192	0
6193	0
6194	0
6195	0
6196	0
6197	0
6198	0
6199	0
6200	0
6201	0
6202	0
6203	0
6204	0
6205	0
6206	0
6207	0
6208	0
6209	0
6210	0
6211	0
6212	0
6213	0
6214	0
6215	0
6216	0
6217	0
6218	0
6219	0
6220	0
6221	0
6222	0
6223	0
6224	0
6225	0
6226	0
6227	0
6228	0
6229	0
6230	0
6231	0
6232	0
6233	0
6234	0
6235	0
6236	0
6237	0
6238	0
6239	0
6240	0
6241	0
6242	0
6243	0
6244	0
6245	0
6246	0
6247	0
6248	0
6249	0
6250	0
6251	0
6252	0
6253	0
6254	0
6255	0
6256	0
6257	0
6258	0
6259	0
6260	0
6261	0
6262	0
6263	0
6264	0
6265	0
6266	0
6267	0
6268	0
6269	0
6270	0
6271	0
6272	0
6273	0
6274	0
6275	0
6276	0
6277	0
6278	0
6279	0
6280	0
6281	0
6282	0
6283	0
6284	0
6285	1
6286	1
6287	1
6288	1
6289	1
6290	1
6291	1
6292	1
6293	1
6294	1
6295	1
6296	1
6297	1
6298	1
6299	1
6300	1
6301	1
6302	1
6303	1
6304	1
6305	1
6306	1
6307	1
6308	1
6309	1
6310	1
6311	1
6312	1
6313	1
6314	1
6315	1
6316	1
6317	1
6318	1
6319	1
6320	1
6321	1
6322	1
6323	1
6324	1
6325	1
6326	1
6327	1
6328	1
6329	1
6330	1
6331	1
6332	1
6333	1
6334	1
6335	1
6336	1
6337	1
6338	1
6339	1
6340	1
6341	0
6342	1
6343	0
6344	0
6345	0
6346	0
6347	0
6348	1
6349	0
6350	1
6351	1
6352	1
6353	1
6354	1
6355	1
6356	1
6357	1
6358	0
6359	0
6360	0
6361	1
6362	0
6363	0
6364	0
6365	0
6366	0
6367	0
6368	0
6369	0
6370	0
6371	0
6372	0
6373	0
6374	0
6375	0
6376	0
6377	0
6378	0
6379	1
6380	1
6381	1
6382	1
6383	1
6384	1
6385	1
6386	1
6387	1
6388	1
6389	0
6390	0
6391	0
6392	1
6393	1
6394	1
6395	1
6396	1
6397	1
6398	1
6399	1
6400	1
6401	1
6402	1
6403	1
6404	1
6405	1
6406	1
6407	1
6408	1
6409	1
6410	0
6411	0
6412	0
6413	0
6414	1
6415	1
6416	1
6417	1
6418	1
6419	1
6420	1
6421	1
6422	1
6423	1
6424	1
6425	1
6426	1
6427	1
6428	1
6429	1
6430	1
6431	1
6432	1
6433	1
6434	1
6435	1
6436	1
6437	1
6438	1
6439	1
6440	1
6441	1
6442	0
6443	0
6444	1
6445	1
6446	1
6447	1
6448	1
6449	1
6450	1
6451	1
6452	1
6453	1
6454	1
6455	1
6456	1
6457	1
6458	1
6459	1
6460	1
6461	1
6462	1
6463	1
6464	1
6465	1
6466	1
6467	1
6468	1
6469	1
6470	1
6471	1
6472	1
6473	1
6474	1
6475	1
6476	1
6477	1
6478	1
6479	1
6480	1
6481	1
6482	1
6483	1
6484	1
6485	1
6486	1
6487	1
6488	1
6489	1
6490	1
6491	1
6492	1
6493	1
6494	1
6495	0
6496	0
6497	0
6498	0
6499	1
6500	1
6501	1
6502	1
6503	1
6504	1
6505	1
6506	1
6507	1
6508	1
6509	1
6510	1
6511	1
6512	1
6513	1
6514	1
6515	1
6516	1
6517	1
6518	1
6519	1
6520	1
6521	1
6522	1
6523	1
6524	0
6525	0
6526	0
6527	1
6528	1
6529	1
6530	1
6531	1
6532	1
6533	1
6534	1
6535	1
6536	1
6537	1
6538	1
6539	1
6540	1
6541	1
6542	1
6543	0
6544	0
6545	0
6546	0
6547	0
6548	0
6549	0
6550	0
6551	0
6552	0
6553	0
6554	0
6555	0
6556	0
6557	0
6558	0
6559	0
6560	0
6561	0
6562	0
6563	0
6564	0
6565	0
6566	0
6567	0
6568	0
6569	0
6570	1
6571	0
6572	0
6573	1
6574	1
6575	1
6576	1
6577	1
6578	1
6579	1
6580	0
6581	0
6582	0
6583	0
6584	0
6585	0
6586	0
6587	0
6588	0
6589	0
6590	0
6591	0
6592	0
6593	0
6594	0
6595	0
6596	0
6597	0
6598	0
6599	0
6600	0
6601	0
6602	0
6603	0
6604	0
6605	0
6606	0
6607	0
6608	0
6609	0
6610	0
6611	0
6612	0
6613	0
6614	0
6615	0
6616	1
6617	1
6618	1
6619	1
6620	1
6621	1
6622	1
6623	1
6624	0
6625	0
6626	0
6627	0
6628	0
6629	0
6630	0
6631	0
6632	0
6633	0
6634	0
6635	0
6636	0
6637	1
6638	1
6639	1
6640	1
6641	1
6642	1
6643	1
6644	1
6645	1
6646	1
6647	1
6648	0
6649	0
6650	1
6651	1
6652	1
6653	0
6654	0
6655	0
6656	0
6657	0
6658	0
6659	0
6660	0
6661	0
6662	0
6663	1
6664	1
6665	1
6666	1
6667	1
6668	1
6669	1
6670	1
6671	1
6672	1
6673	0
6674	1
6675	1
6676	1
6677	1
6678	1
6679	1
6680	1
6681	0
6682	0
6683	0
6684	0
6685	1
6686	1
6687	1
6688	1
6689	1
6690	1
6691	1
6692	0
6693	1
6694	1
6695	1
6696	1
6697	1
6698	1
6699	1
6700	0
6701	0
6702	0
6703	0
6704	1
6705	1
6706	0
6707	0
6708	1
6709	1
6710	0
6711	0
6712	0
6713	0
6714	1
6715	1
6716	0
6717	0
6718	0
6719	0
6720	0
6721	0
6722	0
6723	0
6724	0
6725	0
6726	0
6727	0
6728	0
6729	1
6730	1
6731	1
6732	1
6733	1
6734	0
6735	0
6736	0
6737	0
6738	0
6739	0
6740	0
6741	0
6742	0
6743	0
6744	0
6745	0
6746	0
6747	0
6748	0
6749	1
6750	1
6751	1
6752	1
6753	1
6754	1
6755	1
6756	1
6757	1
6758	1
6759	1
6760	1
6761	1
6762	1
6763	1
6764	1
6765	1
6766	1
6767	1
6768	1
6769	1
6770	1
6771	1
6772	1
6773	1
6774	1
6775	1
6776	1
6777	1
6778	1
6779	1
6780	1
6781	1
6782	0
6783	0
6784	0
6785	0
6786	0
6787	1
6788	1
6789	1
6790	1
6791	1
6792	1
6793	1
6794	1
6795	1
6796	1
6797	1
6798	1
6799	0
6800	0
6801	0
6802	0
6803	0
6804	0
6805	0
6806	0
6807	0
6808	0
6809	1
6810	1
6811	1
6812	1
6813	1
6814	1
6815	0
6816	0
6817	0
6818	0
6819	1
6820	0
6821	0
6822	0
6823	0
6824	0
6825	0
6826	1
6827	1
6828	0
6829	1
6830	1
6831	1
6832	1
6833	1
6834	1
6835	1
6836	1
6837	1
6838	1
6839	1
6840	1
6841	1
6842	1
6843	1
6844	1
6845	1
6846	1
6847	1
6848	1
6849	1
6850	1
6851	1
6852	1
6853	1
6854	1
6855	1
6856	1
6857	1
6858	1
6859	1
6860	1
6861	1
6862	1
6863	1
6864	1
6865	1
6866	1
6867	1
6868	1
6869	1
6870	1
6871	1
6872	1
6873	1
6874	1
6875	1
6876	1
6877	1
6878	1
6879	1
6880	1
6881	1
6882	1
6883	1
6884	1
6885	0
6886	1
6887	1
6888	1
6889	1
6890	1
6891	1
6892	1
6893	1
6894	1
6895	1
6896	1
6897	1
6898	1
6899	1
6900	1
6901	1
6902	1
6903	1
6904	1
6905	1
6906	1
6907	1
6908	1
6909	1
6910	1
6911	1
6912	1
6913	1
6914	1
6915	1
6916	1
6917	1
6918	1
6919	1
6920	1
6921	1
6922	1
6923	1
6924	1
6925	1
6926	1
6927	1
6928	1
6929	1
6930	1
6931	1
6932	1
6933	1
6934	1
6935	1
6936	1
6937	1
6938	1
6939	1
6940	1
6941	1
6942	1
6943	1
6944	1
6945	1
6946	1
6947	1
6948	0
6949	0
6950	0
6951	0
6952	1
6953	1
6954	1
6955	1
6956	0
6957	0
6958	1
6959	1
6960	0
6961	0
6962	0
6963	0
6964	1
6965	1
6966	0
6967	0
6968	0
6969	0
6970	0
6971	1
6972	1
6973	0
6974	0
6975	0
6976	0
6977	0
6978	0
6979	1
6980	0
6981	0
6982	0
6983	0
6984	0
6985	0
6986	1
6987	1
6988	1
6989	1
6990	1
6991	1
6992	0
6993	0
6994	0
6995	0
6996	1
6997	0
6998	1
6999	0
7000	0
7001	0
7002	0
7003	1
7004	1
7005	1
7006	0
7007	0
7008	0
7009	0
7010	0
7011	0
7012	0
7013	0
7014	0
7015	0
7016	0
7017	1
7018	1
7019	0
7020	0
7021	0
7022	0
7023	0
7024	0
7025	0
7026	1
7027	1
7028	0
7029	1
7030	0
7031	0
7032	0
7033	0
7034	0
7035	0
7036	0
7037	0
7038	1
7039	0
7040	0
7041	0
7042	0
7043	0
7044	0
7045	0
7046	0
7047	0
7048	0
7049	0
7050	0
7051	0
7052	0
7053	0
7054	0
7055	0
7056	0
7057	0
7058	0
7059	0
7060	0
7061	0
7062	0
7063	0
7064	0
7065	0
7066	0
7067	0
7068	0
7069	0
7070	0
7071	0
7072	0
7073	0
7074	0
7075	0
7076	0
7077	0
7078	0
7079	0
7080	0
7081	0
7082	0
7083	0
7084	0
7085	0
7086	0
7087	0
7088	0
7089	0
7090	0
7091	0
7092	0
7093	0
7094	0
7095	0
7096	0
7097	0
7098	0
7099	0
7100	0
7101	0
7102	0
7103	0
7104	0
7105	0
7106	0
7107	0
7108	0
7109	0
7110	0
7111	0
7112	0
7113	0
7114	0
7115	0
7116	0
7117	0
7118	0
7119	0
7120	0
7121	0
7122	0
7123	0
7124	0
7125	0
7126	0
7127	0
7128	0
7129	0
7130	0
7131	0
7132	0
7133	0
7134	0
7135	0
7136	0
7137	0
7138	0
7139	0
7140	0
7141	1
7142	0
7143	1
7144	1
7145	1
7146	0
7147	0
7148	0
7149	0
7150	1
7151	0
7152	1
7153	1
7154	1
7155	1
7156	1
7157	1
7158	1
7159	1
7160	1
7161	1
7162	1
7163	1
7164	1
7165	1
7166	1
7167	1
7168	1
7169	1
7170	1
7171	1
7172	1
7173	1
7174	1
7175	1
7176	1
7177	1
7178	1
7179	1
7180	1
7181	1
7182	1
7183	1
7184	1
7185	1
7186	1
7187	1
7188	1
7189	1
7190	1
7191	1
7192	1
7193	1
7194	0
7195	1
7196	1
7197	1
7198	1
7199	0
7200	0
7201	0
7202	1
7203	1
7204	1
7205	1
7206	0
7207	0
7208	0
7209	0
7210	0
7211	0
7212	0
7213	0
7214	0
7215	0
7216	0
7217	0
7218	0
7219	0
7220	0
7221	0
7222	0
7223	0
7224	0
7225	0
7226	0
7227	0
7228	0
7229	0
7230	0
7231	0
7232	0
7233	0
7234	0
7235	0
7236	1
7237	0
7238	0
7239	0
7240	0
7241	0
7242	1
7243	1
7244	1
7245	1
7246	1
7247	1
7248	1
7249	1
7250	1
7251	1
7252	1
7253	1
7254	1
7255	1
7256	1
7257	1
7258	1
7259	1
7260	1
7261	0
7262	0
7263	0
7264	1
7265	1
7266	0
7267	0
7268	1
7269	1
7270	1
7271	1
7272	1
7273	1
7274	1
7275	1
7276	1
7277	1
7278	1
7279	1
7280	1
7281	1
7282	1
7283	1
7284	1
7285	1
7286	1
7287	0
7288	0
7289	1
7290	0
7291	0
7292	0
7293	0
7294	0
7295	0
7296	1
7297	0
7298	0
7299	1
7300	1
7301	1
7302	1
7303	1
7304	1
7305	1
7306	1
7307	1
7308	1
7309	1
7310	1
7311	1
7312	1
7313	1
7314	1
7315	1
7316	1
7317	1
7318	1
7319	1
7320	1
7321	1
7322	1
7323	1
7324	1
7325	1
7326	1
7327	1
7328	1
7329	1
7330	1
7331	1
7332	0
7333	0
7334	0
7335	1
7336	1
7337	1
7338	1
7339	1
7340	1
7341	1
7342	0
7343	0
7344	0
7345	0
7346	0
7347	0
7348	0
7349	0
7350	0
7351	0
7352	0
7353	0
7354	0
7355	0
7356	0
7357	0
7358	0
7359	1
7360	1
7361	1
7362	1
7363	0
7364	0
7365	0
7366	0
7367	0
7368	0
7369	1
7370	0
7371	0
7372	0
7373	1
7374	0
7375	0
7376	0
7377	0
7378	0
7379	0
7380	0
7381	1
7382	1
7383	0
7384	0
7385	0
7386	0
7387	0
7388	0
7389	0
7390	1
7391	1
7392	1
7393	1
7394	0
7395	1
7396	0
7397	1
7398	1
7399	1
7400	1
7401	1
7402	1
7403	1
7404	1
7405	1
7406	1
7407	1
7408	1
7409	1
7410	1
7411	1
7412	1
7413	1
7414	1
7415	1
7416	1
7417	1
7418	1
7419	1
7420	0
7421	0
7422	0
7423	1
7424	1
7425	1
7426	1
7427	1
7428	1
7429	1
7430	1
7431	0
7432	0
7433	0
7434	0
7435	0
7436	0
7437	0
7438	0
7439	0
7440	0
7441	0
7442	0
7443	0
7444	0
7445	1
7446	1
7447	1
7448	1
7449	1
7450	1
7451	1
7452	0
7453	1
7454	1
7455	0
7456	1
7457	1
7458	1
7459	0
7460	1
7461	0
7462	0
7463	1
7464	1
7465	1
7466	0
