iteration 	 master_gap 	subnet_0_gap 	subnet_1_gap 	subnet_2_gap 	subnet_3_gap 	full_gap
0	0.0075380912568663305	0.0	0.009828055643941735	0.0	1.1962448413227467E-4	0.46353534693715237
1	0.022006915507552294	0.0	4.956353162640648E-4	0.0	2.9033167016079275E-6	0.15793074584981626
2	0.012861255102485813	-2.220446049250313E-16	2.90601646494526E-4	0.0	0.0	0.15397861660746504
3	0.02479836331129004	-2.220446049250313E-16	2.5285459443247227E-5	0.0	2.3834798107413846E-6	0.11457171785623688
4	0.011937938924475033	0.0	5.3601476494025135E-6	0.0	9.232800242120476E-7	0.09752019992453531
5	0.011030219708311861	0.0	4.346165312196781E-6	0.0	5.17901131869003E-7	0.08700369471484726
6	0.014990425036840227	0.0	1.3197842976264695E-6	0.0	4.038140520190581E-6	0.08292081142054242
7	0.009342893214554837	0.0	2.60902435533783E-6	1.1102230246251565E-16	2.1234899723054923E-6	0.09199470740288218
8	0.013262860391386022	0.0	2.115834497495861E-6	0.0	3.5899898179758694E-6	0.08842204701964496
9	0.008100837096679192	0.0	1.5653131220094707E-6	0.0	2.1804255332380507E-6	0.10292435111237874
10	0.009939011769685147	0.0	1.5545950848849799E-6	0.0	3.4174176560819447E-6	0.095753993675885
11	0.00455897308811537	0.0	3.1773740281071383E-6	0.0	8.339856718553307E-7	0.11714228911436142
12	0.005152220265352558	1.1102230246251565E-16	1.4815807823920224E-6	1.1102230246251565E-16	3.473402991338581E-6	0.0993744187906076
13	0.00319322862093796	-2.220446049250313E-16	1.6358563436069673E-6	0.0	1.4259775941161124E-6	0.11641336494732668
14	0.005977438918714384	-2.220446049250313E-16	1.599968535881402E-6	0.0	3.453537329445311E-6	0.10242662450595741
15	0.004804933941771172	0.0	1.6271841490889116E-6	0.0	6.375750032372451E-7	0.1204218015934565
16	0.005468498170877134	0.0	1.5163273009433098E-6	0.0	3.5488209140233096E-6	0.09726842414551207
17	0.004270392506495857	0.0	1.8316755654446126E-6	0.0	1.041868113893507E-6	0.11646239835974503
18	0.002878768698064915	0.0	1.430405970559434E-6	0.0	2.6536570946200655E-6	0.10238951713621802
19	0.004956884613583901	0.0	1.8714354536042421E-6	0.0	7.512528281683473E-7	0.11832212159427868
20	0.0026326304810500023	0.0	1.4234270220292444E-6	0.0	2.0622439010908877E-6	0.10245036475627967
21	0.00172303289088227	0.0	1.7980937102590744E-6	0.0	5.820881366913611E-7	0.11913372735106775
22	0.0021447904355825775	0.0	2.1601293538342503E-6	0.0	1.5239176834880297E-6	0.11030851588384727
23	0.0019033374067128905	0.0	1.800262420248444E-6	-2.220446049250313E-16	6.871775840577854E-7	0.12150259948637154
24	8.675852508278625E-4	-4.440892098500626E-16	2.1932109289801716E-6	0.0	8.184634129326795E-7	0.11687828266193645
25	0.0016756845794539954	1.1102230246251565E-16	1.9871344938415803E-6	0.0	7.236808966526453E-7	0.12599011016835704
26	0.0013311927279324731	-2.220446049250313E-16	2.4039721233659606E-6	0.0	1.2061740645163965E-6	0.1261461802910554
27	0.0018030080994890785	0.0	1.903609884168489E-6	0.0	5.950743013904969E-7	0.1381698923796434
28	7.717179739121782E-4	-2.220446049250313E-16	2.4507750734370504E-6	0.0	5.36457442135152E-7	0.1353414670759645
29	0.003070408717342099	-2.220446049250313E-16	1.8195792106379116E-6	0.0	4.739076300275258E-7	0.13484681561427714
30	0.002097732551789133	-2.220446049250313E-16	2.3091858474266758E-6	0.0	9.432057740399458E-7	0.13239166296058835
31	0.001951411283456883	1.1102230246251565E-16	1.952410727978915E-6	0.0	7.408958165866508E-7	0.13558076628043725
32	5.631759407492831E-4	-2.220446049250313E-16	2.553718271292027E-6	1.1102230246251565E-16	4.9011515401709E-7	0.13515374319114393
33	3.6207962290735196E-4	-2.220446049250313E-16	1.8641483930936786E-6	0.0	6.206113997153651E-7	0.13681524647322307
34	9.831638523816189E-4	0.0	2.3266563625723435E-6	-2.220446049250313E-16	1.2421640915860621E-6	0.1358865797110297
35	6.575085600049047E-4	0.0	1.8463218652842173E-6	0.0	6.844235780345542E-7	0.14180530420945647
36	4.318931375681956E-4	1.1102230246251565E-16	2.3777659481361013E-6	0.0	5.439219488145852E-7	0.13354127567601692
37	5.872694668963563E-4	-2.220446049250313E-16	1.939921139282319E-6	1.1102230246251565E-16	5.204990675133914E-7	0.1340291949436494
38	7.286031255148151E-4	0.0	2.473417704429437E-6	1.1102230246251565E-16	8.494122675228866E-7	0.1330331143804383
39	4.880375286387961E-4	-2.220446049250313E-16	1.9472811022547276E-6	3.3306690738754696E-16	8.445096371101357E-7	0.12919604523239625
40	8.469090102150023E-4	0.0	2.35674372695005E-6	0.0	5.313005011498007E-7	0.13093305893069707
41	3.634258071232299E-4	-2.220446049250313E-16	1.790496361842031E-6	0.0	4.59916304151875E-7	0.13331867879858472
42	5.650428584533795E-4	0.0	2.4710073234235352E-6	1.1102230246251565E-16	9.62340022891972E-7	0.13256299753405132
43	3.992446204142963E-4	-2.220446049250313E-16	1.7679703901984922E-6	0.0	8.062669992758842E-7	0.13499285727371957
44	4.598494619368898E-4	-4.440892098500626E-16	2.3733802567704743E-6	0.0	4.7170610473212804E-7	0.13003199156421263
45	3.4502908822142686E-4	-2.220446049250313E-16	1.8673969708338234E-6	3.3306690738754696E-16	5.470421816644588E-7	0.132212680730739
46	1.297743082568914E-4	-4.440892098500626E-16	2.4829401994441724E-6	0.0	1.0108835112321302E-6	0.1305130921283112
47	3.85263634374966E-4	-2.220446049250313E-16	1.986433206924154E-6	-2.220446049250313E-16	8.002629787728921E-7	0.13416800081308256
48	2.669613349522981E-4	-2.220446049250313E-16	2.3532520566638127E-6	0.0	5.285679833821888E-7	0.12836961494732035
49	2.0671482409995168E-4	0.0	1.849624736149913E-6	3.3306690738754696E-16	5.380907380780897E-7	0.1313094807845656
50	3.516987565092E-4	-2.220446049250313E-16	2.3763587803093955E-6	3.3306690738754696E-16	1.0030695416496371E-6	0.12959857797211516
51	2.3334582873379972E-4	0.0	1.8107281469781356E-6	0.0	7.846914309439512E-7	0.13253510416283498
52	2.8421559589775214E-4	-2.220446049250313E-16	2.492723372604644E-6	0.0	5.212720859404385E-7	0.1280796067563209
53	1.7054450345677097E-4	-2.220446049250313E-16	1.8289012608807553E-6	0.0	5.403391587499584E-7	0.1304269437070512
54	1.7307672899957716E-4	-2.220446049250313E-16	2.3737363207265716E-6	3.3306690738754696E-16	1.1900715870538647E-6	0.12920488439141986
55	1.697693138273948E-4	-2.220446049250313E-16	1.843917647792459E-6	0.0	8.561858555466983E-7	0.1324453715093622
56	1.329168135629777E-4	-2.220446049250313E-16	2.3992758834134875E-6	0.0	5.425687907845145E-7	0.12715970840143043
57	1.5419417568274252E-4	0.0	1.8525274880776266E-6	0.0	5.371676773391343E-7	0.12984515294122512
58	1.388667921917719E-4	-2.220446049250313E-16	2.3629210527120748E-6	0.0	9.170406013447874E-7	0.12904544101151372
59	1.2397122848928355E-4	0.0	1.8751591087662334E-6	1.1102230246251565E-16	1.0495415692091115E-6	0.1285614754295359
60	6.240317172900856E-5	-2.220446049250313E-16	2.3975235420303775E-6	0.0	4.7215466314476373E-7	0.13015501631086535
61	1.1738531761085191E-4	-2.220446049250313E-16	1.9095027472548765E-6	1.1102230246251565E-16	5.515191260352381E-7	0.1315898634447965
62	8.71864968672309E-5	-2.220446049250313E-16	2.3484911074733716E-6	1.1102230246251565E-16	1.1473773712245006E-6	0.1298985250622765
63	7.474010663321984E-5	0.0	1.8192153298235425E-6	0.0	8.381513414423836E-7	0.13256343305413454
64	7.869445045516343E-5	-2.220446049250313E-16	2.385390603154569E-6	0.0	5.266276772442069E-7	0.12673530811779166
65	7.092012181775242E-5	0.0	1.8464007724983134E-6	0.0	5.266977044504628E-7	0.12908154267483818
66	6.566841431487891E-5	-2.220446049250313E-16	2.383780544623626E-6	1.1102230246251565E-16	8.040922951924045E-7	0.12883028494130522
67	6.109294636236218E-5	0.0	1.931434588153813E-6	-2.220446049250313E-16	7.433526065803164E-7	0.12431235795912288
68	4.894367669294741E-5	-2.220446049250313E-16	2.3861329364605055E-6	0.0	4.815805244584581E-7	0.12470134679083211
69	4.815048857242932E-5	1.1102230246251565E-16	1.8299925388376437E-6	1.1102230246251565E-16	4.53245003195768E-7	0.12668795831680923
70	2.5354295519752768E-5	-2.220446049250313E-16	2.3950124697913466E-6	0.0	8.714936119424976E-7	0.12768262468115454
71	3.8751674468318065E-5	0.0	1.967979706862799E-6	3.3306690738754696E-16	7.280867150294412E-7	0.12206372865877269
72	3.1379112133023135E-5	-2.220446049250313E-16	2.5291326578580353E-6	0.0	4.935159748642448E-7	0.12385818508991397
73	2.5915622230532342E-5	-4.440892098500626E-16	1.8100775612817088E-6	0.0	5.396078733843623E-7	0.12556023350850165
74	1.91060805929677E-5	0.0	2.4176989478208455E-6	0.0	8.500048218618161E-7	0.12701631258671597
75	2.2776019386272495E-5	-2.220446049250313E-16	1.978742421582247E-6	0.0	7.636744794314865E-7	0.12176366299932007
76	1.79267935608296E-5	-2.220446049250313E-16	2.3402798493554755E-6	0.0	5.175657146194723E-7	0.12319243313284389
77	1.9927042231748793E-5	-4.440892098500626E-16	1.8207644304490955E-6	3.3306690738754696E-16	5.100309576899775E-7	0.12511619032921728
78	1.8972170367059782E-5	-2.220446049250313E-16	2.4301045081775996E-6	0.0	8.168206716563375E-7	0.12663193506213055
79	1.709251370907161E-5	-2.220446049250313E-16	1.8796449532398896E-6	0.0	8.496441608052407E-7	0.1226257683451688
80	1.7176926894069133E-5	0.0	2.3438376521855986E-6	0.0	6.181094227564188E-7	0.12307050571488276
81	1.3863957479598454E-5	1.1102230246251565E-16	1.8377422055237957E-6	0.0	4.622840199530742E-7	0.12496620516854584
82	1.3631618285381286E-5	1.1102230246251565E-16	2.3968955814579473E-6	0.0	6.673732472206595E-7	0.1263939233901148
83	1.26117974612594E-5	-2.220446049250313E-16	1.9164742490751507E-6	0.0	7.615440086317093E-7	0.12372127827224666
84	1.0455290016864183E-5	-2.220446049250313E-16	2.368332371993631E-6	0.0	5.817685870823652E-7	0.12312959470624096
85	8.442238751515951E-6	-2.220446049250313E-16	1.8518177258286528E-6	0.0	4.959160596618162E-7	0.12504198405272027
86	8.469419318757332E-6	-2.220446049250313E-16	2.390219606573929E-6	0.0	7.21081758525699E-7	0.12626593819803378
87	8.551571312409578E-6	-2.220446049250313E-16	1.8184410950361496E-6	1.1102230246251565E-16	6.764479602017204E-7	0.12468832906986738
88	7.1950959810163084E-6	-4.440892098500626E-16	2.447700471974734E-6	2.220446049250313E-16	6.701162299505015E-7	0.12321902288565911
89	6.308084064876596E-6	1.1102230246251565E-16	1.8940571823167218E-6	0.0	5.005290170112531E-7	0.12513166177316615
90	6.025701230982783E-6	-2.220446049250313E-16	2.3838564817690866E-6	-4.440892098500626E-16	7.159360932984526E-7	0.1261790264277597
91	5.38513460957013E-6	-2.220446049250313E-16	1.937457787537511E-6	0.0	7.3911940667859E-7	0.1253745161328924
92	5.2273620577691915E-6	-2.220446049250313E-16	2.268640170055569E-6	0.0	6.273748797136491E-7	0.1234476134498379
93	4.794266728613827E-6	-2.220446049250313E-16	1.920739879590627E-6	0.0	6.043347160478163E-7	0.12495190162357073
94	5.1759821079189194E-6	-2.220446049250313E-16	2.3795182092500866E-6	2.220446049250313E-16	6.892727844043378E-7	0.125948252783732
95	4.089754268354895E-6	-2.220446049250313E-16	1.8740448964882361E-6	-2.220446049250313E-16	6.548478593826346E-7	0.125708203380815
96	4.46469073844824E-6	-2.220446049250313E-16	2.273809093567003E-6	0.0	6.859558506766561E-7	0.12398946536817501
97	4.098146815234571E-6	-4.440892098500626E-16	1.8665395291606046E-6	1.1102230246251565E-16	5.203026137712286E-7	0.12461538539437689
98	3.6994970026293927E-6	-2.220446049250313E-16	2.409166518946293E-6	0.0	6.980989061267096E-7	0.12549859438053934
99	4.564937131967817E-6	-2.220446049250313E-16	1.8289528033177405E-6	1.1102230246251565E-16	6.233985823111965E-7	0.12538505435250025
100	4.204127342033459E-6	0.0	2.3544168462619197E-6	2.220446049250313E-16	6.560538948763295E-7	0.12476764045346211
