iteration 	 master_gap 	subnet_0_gap 	subnet_1_gap 	full_gap
0	0.0014420322319513845	2.3889985253444657E-4	0.011302346088914672	0.12977911842715817
1	0.010052145360271325	0.001006896608918173	2.987127498021991E-4	0.044500310129179654
2	0.030171176257472232	1.0884734443039612E-4	2.471246980167985E-4	0.03287225532346805
3	0.007308186574801923	9.76220270968442E-5	4.112386075338925E-5	0.022724214852273272
4	0.006629163938941862	2.0441772989432394E-5	6.80938782193774E-6	0.020531653391047455
5	0.0029660644641221756	2.5979949328513996E-6	3.7816345980212773E-6	0.015397939085533996
6	0.0019481854051321967	4.400011480054644E-6	3.920748803731833E-6	0.014815254173424885
7	0.0014316056894985163	1.710993650205772E-6	3.853844269041673E-6	0.01323599981713075
8	7.613830782845499E-4	4.665301776229924E-6	3.3680148822101685E-6	0.013207777804787102
9	7.691471977191444E-4	1.6808343259455683E-6	4.642485314954037E-6	0.012477651780684496
10	7.332366684883462E-4	4.851543573436423E-6	3.500864231398282E-6	0.012619326924031116
11	5.797038651028652E-4	1.7019539976237397E-6	3.5915997946833755E-6	0.012160191273200227
12	5.092649664962812E-4	4.4894589742439095E-6	3.869663066979889E-6	0.012246715549853238
13	3.8646979272161097E-4	1.7282134677776284E-6	3.4070508044825587E-6	0.011935328945727686
14	3.804061875800624E-4	4.73986502869117E-6	3.7657897965504006E-6	0.011993524033102165
15	2.3730665787580207E-4	1.6603271650872387E-6	3.638040933728881E-6	0.011783014952138182
16	3.163585839985883E-4	4.9509117990842455E-6	4.003326528945195E-6	0.01185755692063828
17	1.7573766132683577E-4	1.6736459360622291E-6	3.545515469660643E-6	0.01168146217734678
18	2.670390455243865E-4	4.587473238060191E-6	3.6827150103890816E-6	0.011758383452887489
19	1.40867318193183E-4	1.757199824203859E-6	3.672036049562344E-6	0.011607614919199372
20	2.2863621229196607E-4	4.58579609452503E-6	3.002846355459887E-6	0.0116876783446348
21	1.1153088688620194E-4	1.8130329392240796E-6	2.8178242247323126E-6	0.011555322689008829
22	1.9071381841317958E-4	4.735224225949075E-6	2.663725930718286E-6	0.01162963371950454
23	9.799277237376725E-5	1.66067215190413E-6	2.241361274468723E-6	0.011519109058436672
24	1.7036995268571165E-4	4.6741275883110944E-6	3.170094794890943E-6	0.011585284569707976
25	7.53593781934736E-5	1.6763400477737278E-6	2.8304407987400637E-6	0.011485795493719642
26	1.4648539422312812E-4	4.8244375687733765E-6	3.6576605687566044E-6	0.011547806689247597
27	7.235774957237151E-5	1.7378417714875027E-6	3.2910511537087572E-6	0.011468203954135281
28	1.2375110794005106E-4	4.666332200198298E-6	3.3875888469925286E-6	0.011520160923773948
29	5.2967304974282925E-5	1.6540228072736696E-6	2.2122170715288547E-6	0.011444543388390072
30	1.0522079235031345E-4	4.233361861727403E-6	3.527459126795307E-6	0.011494286039097301
31	5.2502995960046484E-5	1.7099069317128013E-6	2.62065144818191E-6	0.011434280070408032
32	9.311115377552692E-5	4.392923843132834E-6	3.2778810367117828E-6	0.011475980079631687
33	3.7834736212549736E-5	1.6988377063986704E-6	2.1261729005184193E-6	0.01141775980616877
34	7.834847725751715E-5	4.422079035837356E-6	3.4713839582867223E-6	0.011456248130345847
35	3.089313978132946E-5	1.5678539651009515E-6	1.832961153191981E-6	0.01140621005394904
36	6.640646243494253E-5	3.3252461368871167E-6	3.155677869348672E-6	0.011439972123871711
37	2.562845145459569E-5	1.2066190360204843E-6	1.7352067165354867E-6	0.011397762982217619
38	5.589591988219844E-5	1.9281951375571538E-6	3.080095595908716E-6	0.011425804617664737
39	2.2389985697590653E-5	1.0844880119487144E-6	2.0846728432388772E-6	0.011391640789307989
40	4.8527203583836886E-5	1.973191314452727E-6	3.1147369671247205E-6	0.011415596991862342
41	1.8682968011995982E-5	1.5492941973782592E-6	2.167794617147223E-6	0.011386646928814304
42	4.1295951567210665E-5	1.7211775608094726E-6	3.1450305033597914E-6	0.011407219438684613
43	1.574681982363657E-5	1.6104272142491993E-6	2.16874151692803E-6	0.0113822041068945
44	3.499994572908616E-5	1.8510318727793518E-6	3.026141387030279E-6	0.011399894366059149
45	1.334443960032683E-5	2.0463997472131013E-6	2.2890206472503394E-6	0.01137854877316713
46	2.976618203576198E-5	2.0008566882223633E-6	2.7423004655968697E-6	0.011393623418777143
47	1.1100913875017326E-5	2.025369259084364E-6	2.2453727014370983E-6	0.011375321569945251
48	2.5083084111310328E-5	1.3297257198674473E-6	2.5628087886309103E-6	0.011387780569743766
49	9.392862536539148E-6	1.7664850529008902E-6	2.024474298867318E-6	0.011372201769717538
50	2.093101730193947E-5	1.2126865638339979E-6	2.599498047484161E-6	0.011383137765431761
51	8.028306669682905E-6	1.0858921548617673E-6	1.76524850903359E-6	0.011369655315860316
52	1.7067440391760336E-5	8.998593328257698E-7	2.3728876219486494E-6	0.011378642648821158
53	6.865507686582006E-6	5.775550816489172E-7	1.8361773067576692E-6	0.01136740593929697
54	1.367720507827741E-5	7.447484953182482E-7	2.250759823074766E-6	0.011374702065443554
55	5.675575248331732E-6	7.576583125334935E-7	1.6368377996345274E-6	0.011365382804990332
56	1.0431086672868517E-5	6.36020924482672E-7	1.983419535833697E-6	0.011371175698240643
57	4.608442109255151E-6	6.579866671518886E-7	1.4466977086291521E-6	0.011363722718961022
58	7.710450891540432E-6	6.440660892392813E-7	2.040541065340129E-6	0.011368075995221605
59	3.807610972850206E-6	6.917331991651565E-7	1.1935428957388083E-6	0.011362064703653862
60	5.127080520694882E-6	1.3992063331302873E-6	1.9571807856610945E-6	0.011365356688035955
61	2.7494066555666663E-6	6.382335245858073E-7	1.1271090666342687E-6	0.011360581540758585
62	2.6599760736267797E-6	1.955948004339625E-6	1.2514074598790614E-6	0.01136220562818524
63	1.9600891136839493E-6	6.427327294833418E-7	1.074305280401866E-6	0.011359073648453677
64	1.1570202492761084E-6	3.324079528299606E-7	1.074305280401866E-6	0.011358747734620644
65	2.1666694278721366E-6	3.8715255745724875E-7	1.0429717033355601E-6	0.01135832075814125
66	1.7355785476569352E-6	3.8715255745724875E-7	1.0429717033355601E-6	0.01135832075814125
67	1.7355785476569352E-6	3.8715255745724875E-7	1.0429717033355601E-6	0.01135832075814125
68	1.7355785476569352E-6	3.8715255745724875E-7	1.0429717033355601E-6	0.01135832075814125
69	1.7355785476569352E-6	3.8715255745724875E-7	1.0429717033355601E-6	0.01135832075814125
70	1.7355785476569352E-6	3.8715255745724875E-7	1.0429717033355601E-6	0.01135832075814125
71	1.7355785476569352E-6	3.8715255745724875E-7	1.0429717033355601E-6	0.01135832075814125
72	1.7355785476569352E-6	3.8715255745724875E-7	1.0429717033355601E-6	0.01135832075814125
73	1.7355785476569352E-6	3.8715255745724875E-7	1.0429717033355601E-6	0.01135832075814125
74	1.7355785476569352E-6	3.8715255745724875E-7	1.0429717033355601E-6	0.01135832075814125
75	1.7355785476569352E-6	3.8715255745724875E-7	1.0429717033355601E-6	0.01135832075814125
76	1.7355785476569352E-6	3.8715255745724875E-7	1.0429717033355601E-6	0.01135832075814125
77	1.7355785476569352E-6	3.8715255745724875E-7	1.0429717033355601E-6	0.01135832075814125
78	1.7355785476569352E-6	3.8715255745724875E-7	1.0429717033355601E-6	0.01135832075814125
79	1.7355785476569352E-6	3.8715255745724875E-7	1.0429717033355601E-6	0.01135832075814125
80	1.7355785476569352E-6	3.8715255745724875E-7	1.0429717033355601E-6	0.01135832075814125
81	1.7355785476569352E-6	3.8715255745724875E-7	1.0429717033355601E-6	0.01135832075814125
82	1.7355785476569352E-6	3.8715255745724875E-7	1.0429717033355601E-6	0.01135832075814125
83	1.7355785476569352E-6	3.8715255745724875E-7	1.0429717033355601E-6	0.01135832075814125
84	1.7355785476569352E-6	3.8715255745724875E-7	1.0429717033355601E-6	0.01135832075814125
85	1.7355785476569352E-6	3.8715255745724875E-7	1.0429717033355601E-6	0.01135832075814125
86	1.7355785476569352E-6	3.8715255745724875E-7	1.0429717033355601E-6	0.01135832075814125
87	1.7355785476569352E-6	3.8715255745724875E-7	1.0429717033355601E-6	0.01135832075814125
88	1.7355785476569352E-6	3.8715255745724875E-7	1.0429717033355601E-6	0.01135832075814125
89	1.7355785476569352E-6	3.8715255745724875E-7	1.0429717033355601E-6	0.01135832075814125
90	1.7355785476569352E-6	3.8715255745724875E-7	1.0429717033355601E-6	0.01135832075814125
91	1.7355785476569352E-6	3.8715255745724875E-7	1.0429717033355601E-6	0.01135832075814125
92	1.7355785476569352E-6	3.8715255745724875E-7	1.0429717033355601E-6	0.01135832075814125
93	1.7355785476569352E-6	3.8715255745724875E-7	1.0429717033355601E-6	0.01135832075814125
94	1.7355785476569352E-6	3.8715255745724875E-7	1.0429717033355601E-6	0.01135832075814125
95	1.7355785476569352E-6	3.8715255745724875E-7	1.0429717033355601E-6	0.01135832075814125
96	1.7355785476569352E-6	3.8715255745724875E-7	1.0429717033355601E-6	0.01135832075814125
97	1.7355785476569352E-6	3.8715255745724875E-7	1.0429717033355601E-6	0.01135832075814125
98	1.7355785476569352E-6	3.8715255745724875E-7	1.0429717033355601E-6	0.01135832075814125
99	1.7355785476569352E-6	3.8715255745724875E-7	1.0429717033355601E-6	0.01135832075814125
100	1.7355785476569352E-6	3.8715255745724875E-7	1.0429717033355601E-6	0.01135832075814125
101	1.7355785476569352E-6	3.8715255745724875E-7	1.0429717033355601E-6	0.01135832075814125
102	1.7355785476569352E-6	3.8715255745724875E-7	1.0429717033355601E-6	0.01135832075814125
103	1.7355785476569352E-6	3.8715255745724875E-7	1.0429717033355601E-6	0.01135832075814125
104	1.7355785476569352E-6	3.8715255745724875E-7	1.0429717033355601E-6	0.01135832075814125
105	1.7355785476569352E-6	3.8715255745724875E-7	1.0429717033355601E-6	0.01135832075814125
106	1.7355785476569352E-6	3.8715255745724875E-7	1.0429717033355601E-6	0.01135832075814125
107	1.7355785476569352E-6	3.8715255745724875E-7	1.0429717033355601E-6	0.01135832075814125
108	1.7355785476569352E-6	3.8715255745724875E-7	1.0429717033355601E-6	0.01135832075814125
109	1.7355785476569352E-6	3.8715255745724875E-7	1.0429717033355601E-6	0.01135832075814125
110	1.7355785476569352E-6	3.8715255745724875E-7	1.0429717033355601E-6	0.01135832075814125
111	1.7355785476569352E-6	3.8715255745724875E-7	1.0429717033355601E-6	0.01135832075814125
112	1.7355785476569352E-6	3.8715255745724875E-7	1.0429717033355601E-6	0.01135832075814125
113	1.7355785476569352E-6	3.8715255745724875E-7	1.0429717033355601E-6	0.01135832075814125
114	1.7355785476569352E-6	3.8715255745724875E-7	1.0429717033355601E-6	0.01135832075814125
115	1.7355785476569352E-6	3.8715255745724875E-7	1.0429717033355601E-6	0.01135832075814125
116	1.7355785476569352E-6	3.8715255745724875E-7	1.0429717033355601E-6	0.01135832075814125
117	1.7355785476569352E-6	3.8715255745724875E-7	1.0429717033355601E-6	0.01135832075814125
118	1.7355785476569352E-6	3.8715255745724875E-7	1.0429717033355601E-6	0.01135832075814125
119	1.7355785476569352E-6	3.8715255745724875E-7	1.0429717033355601E-6	0.01135832075814125
120	1.7355785476569352E-6	3.8715255745724875E-7	1.0429717033355601E-6	0.01135832075814125
121	1.7355785476569352E-6	3.8715255745724875E-7	1.0429717033355601E-6	0.01135832075814125
122	1.7355785476569352E-6	3.8715255745724875E-7	1.0429717033355601E-6	0.01135832075814125
123	1.7355785476569352E-6	3.8715255745724875E-7	1.0429717033355601E-6	0.01135832075814125
124	1.7355785476569352E-6	3.8715255745724875E-7	1.0429717033355601E-6	0.01135832075814125
125	1.7355785476569352E-6	3.8715255745724875E-7	1.0429717033355601E-6	0.01135832075814125
126	1.7355785476569352E-6	3.8715255745724875E-7	1.0429717033355601E-6	0.01135832075814125
127	1.7355785476569352E-6	3.8715255745724875E-7	1.0429717033355601E-6	0.01135832075814125
128	1.7355785476569352E-6	3.8715255745724875E-7	1.0429717033355601E-6	0.01135832075814125
129	1.7355785476569352E-6	3.8715255745724875E-7	1.0429717033355601E-6	0.01135832075814125
130	1.7355785476569352E-6	3.8715255745724875E-7	1.0429717033355601E-6	0.01135832075814125
131	1.7355785476569352E-6	3.8715255745724875E-7	1.0429717033355601E-6	0.01135832075814125
132	1.7355785476569352E-6	3.8715255745724875E-7	1.0429717033355601E-6	0.01135832075814125
133	1.7355785476569352E-6	3.8715255745724875E-7	1.0429717033355601E-6	0.01135832075814125
134	1.7355785476569352E-6	3.8715255745724875E-7	1.0429717033355601E-6	0.01135832075814125
135	1.7355785476569352E-6	3.8715255745724875E-7	1.0429717033355601E-6	0.01135832075814125
136	1.7355785476569352E-6	3.8715255745724875E-7	1.0429717033355601E-6	0.01135832075814125
137	1.7355785476569352E-6	3.8715255745724875E-7	1.0429717033355601E-6	0.01135832075814125
138	1.7355785476569352E-6	3.8715255745724875E-7	1.0429717033355601E-6	0.01135832075814125
139	1.7355785476569352E-6	3.8715255745724875E-7	1.0429717033355601E-6	0.01135832075814125
140	1.7355785476569352E-6	3.8715255745724875E-7	1.0429717033355601E-6	0.01135832075814125
141	1.7355785476569352E-6	3.8715255745724875E-7	1.0429717033355601E-6	0.01135832075814125
142	1.7355785476569352E-6	3.8715255745724875E-7	1.0429717033355601E-6	0.01135832075814125
143	1.7355785476569352E-6	3.8715255745724875E-7	1.0429717033355601E-6	0.01135832075814125
144	1.7355785476569352E-6	3.8715255745724875E-7	1.0429717033355601E-6	0.01135832075814125
145	1.7355785476569352E-6	3.8715255745724875E-7	1.0429717033355601E-6	0.01135832075814125
146	1.7355785476569352E-6	3.8715255745724875E-7	1.0429717033355601E-6	0.01135832075814125
147	1.7355785476569352E-6	3.8715255745724875E-7	1.0429717033355601E-6	0.01135832075814125
148	1.7355785476569352E-6	3.8715255745724875E-7	1.0429717033355601E-6	0.01135832075814125
149	1.7355785476569352E-6	3.8715255745724875E-7	1.0429717033355601E-6	0.01135832075814125
150	1.7355785476569352E-6	3.8715255745724875E-7	1.0429717033355601E-6	0.01135832075814125
151	1.7355785476569352E-6	3.8715255745724875E-7	1.0429717033355601E-6	0.01135832075814125
152	1.7355785476569352E-6	3.8715255745724875E-7	1.0429717033355601E-6	0.01135832075814125
153	1.7355785476569352E-6	3.8715255745724875E-7	1.0429717033355601E-6	0.01135832075814125
154	1.7355785476569352E-6	3.8715255745724875E-7	1.0429717033355601E-6	0.01135832075814125
155	1.7355785476569352E-6	3.8715255745724875E-7	1.0429717033355601E-6	0.01135832075814125
156	1.7355785476569352E-6	3.8715255745724875E-7	1.0429717033355601E-6	0.01135832075814125
157	1.7355785476569352E-6	3.8715255745724875E-7	1.0429717033355601E-6	0.01135832075814125
158	1.7355785476569352E-6	3.8715255745724875E-7	1.0429717033355601E-6	0.01135832075814125
159	1.7355785476569352E-6	3.8715255745724875E-7	1.0429717033355601E-6	0.01135832075814125
160	1.7355785476569352E-6	3.8715255745724875E-7	1.0429717033355601E-6	0.01135832075814125
161	1.7355785476569352E-6	3.8715255745724875E-7	1.0429717033355601E-6	0.01135832075814125
162	1.7355785476569352E-6	3.8715255745724875E-7	1.0429717033355601E-6	0.01135832075814125
163	1.7355785476569352E-6	3.8715255745724875E-7	1.0429717033355601E-6	0.01135832075814125
164	1.7355785476569352E-6	3.8715255745724875E-7	1.0429717033355601E-6	0.01135832075814125
165	1.7355785476569352E-6	3.8715255745724875E-7	1.0429717033355601E-6	0.01135832075814125
166	1.7355785476569352E-6	3.8715255745724875E-7	1.0429717033355601E-6	0.01135832075814125
167	1.7355785476569352E-6	3.8715255745724875E-7	1.0429717033355601E-6	0.01135832075814125
168	1.7355785476569352E-6	3.8715255745724875E-7	1.0429717033355601E-6	0.01135832075814125
169	1.7355785476569352E-6	3.8715255745724875E-7	1.0429717033355601E-6	0.01135832075814125
170	1.7355785476569352E-6	3.8715255745724875E-7	1.0429717033355601E-6	0.01135832075814125
171	1.7355785476569352E-6	3.8715255745724875E-7	1.0429717033355601E-6	0.01135832075814125
172	1.7355785476569352E-6	3.8715255745724875E-7	1.0429717033355601E-6	0.01135832075814125
173	1.7355785476569352E-6	3.8715255745724875E-7	1.0429717033355601E-6	0.01135832075814125
174	1.7355785476569352E-6	3.8715255745724875E-7	1.0429717033355601E-6	0.01135832075814125
175	1.7355785476569352E-6	3.8715255745724875E-7	1.0429717033355601E-6	0.01135832075814125
176	1.7355785476569352E-6	3.8715255745724875E-7	1.0429717033355601E-6	0.01135832075814125
177	1.7355785476569352E-6	3.8715255745724875E-7	1.0429717033355601E-6	0.01135832075814125
178	1.7355785476569352E-6	3.8715255745724875E-7	1.0429717033355601E-6	0.01135832075814125
179	1.7355785476569352E-6	3.8715255745724875E-7	1.0429717033355601E-6	0.01135832075814125
180	1.7355785476569352E-6	3.8715255745724875E-7	1.0429717033355601E-6	0.01135832075814125
181	1.7355785476569352E-6	3.8715255745724875E-7	1.0429717033355601E-6	0.01135832075814125
182	1.7355785476569352E-6	3.8715255745724875E-7	1.0429717033355601E-6	0.01135832075814125
183	1.7355785476569352E-6	3.8715255745724875E-7	1.0429717033355601E-6	0.01135832075814125
184	1.7355785476569352E-6	3.8715255745724875E-7	1.0429717033355601E-6	0.01135832075814125
185	1.7355785476569352E-6	3.8715255745724875E-7	1.0429717033355601E-6	0.01135832075814125
186	1.7355785476569352E-6	3.8715255745724875E-7	1.0429717033355601E-6	0.01135832075814125
187	1.7355785476569352E-6	3.8715255745724875E-7	1.0429717033355601E-6	0.01135832075814125
188	1.7355785476569352E-6	3.8715255745724875E-7	1.0429717033355601E-6	0.01135832075814125
189	1.7355785476569352E-6	3.8715255745724875E-7	1.0429717033355601E-6	0.01135832075814125
190	1.7355785476569352E-6	3.8715255745724875E-7	1.0429717033355601E-6	0.01135832075814125
191	1.7355785476569352E-6	3.8715255745724875E-7	1.0429717033355601E-6	0.01135832075814125
192	1.7355785476569352E-6	3.8715255745724875E-7	1.0429717033355601E-6	0.01135832075814125
193	1.7355785476569352E-6	3.8715255745724875E-7	1.0429717033355601E-6	0.01135832075814125
194	1.7355785476569352E-6	3.8715255745724875E-7	1.0429717033355601E-6	0.01135832075814125
195	1.7355785476569352E-6	3.8715255745724875E-7	1.0429717033355601E-6	0.01135832075814125
196	1.7355785476569352E-6	3.8715255745724875E-7	1.0429717033355601E-6	0.01135832075814125
197	1.7355785476569352E-6	3.8715255745724875E-7	1.0429717033355601E-6	0.01135832075814125
198	1.7355785476569352E-6	3.8715255745724875E-7	1.0429717033355601E-6	0.01135832075814125
199	1.7355785476569352E-6	3.8715255745724875E-7	1.0429717033355601E-6	0.01135832075814125
200	1.7355785476569352E-6	3.8715255745724875E-7	1.0429717033355601E-6	0.01135832075814125
201	1.7355785476569352E-6	3.8715255745724875E-7	1.0429717033355601E-6	0.01135832075814125
202	1.7355785476569352E-6	3.8715255745724875E-7	1.0429717033355601E-6	0.01135832075814125
203	1.7355785476569352E-6	3.8715255745724875E-7	1.0429717033355601E-6	0.01135832075814125
204	1.7355785476569352E-6	3.8715255745724875E-7	1.0429717033355601E-6	0.01135832075814125
205	1.7355785476569352E-6	3.8715255745724875E-7	1.0429717033355601E-6	0.01135832075814125
206	1.7355785476569352E-6	3.8715255745724875E-7	1.0429717033355601E-6	0.01135832075814125
207	1.7355785476569352E-6	3.8715255745724875E-7	1.0429717033355601E-6	0.01135832075814125
208	1.7355785476569352E-6	3.8715255745724875E-7	1.0429717033355601E-6	0.01135832075814125
209	1.7355785476569352E-6	3.8715255745724875E-7	1.0429717033355601E-6	0.01135832075814125
210	1.7355785476569352E-6	3.8715255745724875E-7	1.0429717033355601E-6	0.01135832075814125
211	1.7355785476569352E-6	3.8715255745724875E-7	1.0429717033355601E-6	0.01135832075814125
212	1.7355785476569352E-6	3.8715255745724875E-7	1.0429717033355601E-6	0.01135832075814125
213	1.7355785476569352E-6	3.8715255745724875E-7	1.0429717033355601E-6	0.01135832075814125
214	1.7355785476569352E-6	3.8715255745724875E-7	1.0429717033355601E-6	0.01135832075814125
215	1.7355785476569352E-6	3.8715255745724875E-7	1.0429717033355601E-6	0.01135832075814125
216	1.7355785476569352E-6	3.8715255745724875E-7	1.0429717033355601E-6	0.01135832075814125
217	1.7355785476569352E-6	3.8715255745724875E-7	1.0429717033355601E-6	0.01135832075814125
218	1.7355785476569352E-6	3.8715255745724875E-7	1.0429717033355601E-6	0.01135832075814125
219	1.7355785476569352E-6	3.8715255745724875E-7	1.0429717033355601E-6	0.01135832075814125
220	1.7355785476569352E-6	3.8715255745724875E-7	1.0429717033355601E-6	0.01135832075814125
221	1.7355785476569352E-6	3.8715255745724875E-7	1.0429717033355601E-6	0.01135832075814125
222	1.7355785476569352E-6	3.8715255745724875E-7	1.0429717033355601E-6	0.01135832075814125
223	1.7355785476569352E-6	3.8715255745724875E-7	1.0429717033355601E-6	0.01135832075814125
224	1.7355785476569352E-6	3.8715255745724875E-7	1.0429717033355601E-6	0.01135832075814125
225	1.7355785476569352E-6	3.8715255745724875E-7	1.0429717033355601E-6	0.01135832075814125
226	1.7355785476569352E-6	3.8715255745724875E-7	1.0429717033355601E-6	0.01135832075814125
227	1.7355785476569352E-6	3.8715255745724875E-7	1.0429717033355601E-6	0.01135832075814125
228	1.7355785476569352E-6	3.8715255745724875E-7	1.0429717033355601E-6	0.01135832075814125
229	1.7355785476569352E-6	3.8715255745724875E-7	1.0429717033355601E-6	0.01135832075814125
230	1.7355785476569352E-6	3.8715255745724875E-7	1.0429717033355601E-6	0.01135832075814125
231	1.7355785476569352E-6	3.8715255745724875E-7	1.0429717033355601E-6	0.01135832075814125
232	1.7355785476569352E-6	3.8715255745724875E-7	1.0429717033355601E-6	0.01135832075814125
233	1.7355785476569352E-6	3.8715255745724875E-7	1.0429717033355601E-6	0.01135832075814125
234	1.7355785476569352E-6	3.8715255745724875E-7	1.0429717033355601E-6	0.01135832075814125
235	1.7355785476569352E-6	3.8715255745724875E-7	1.0429717033355601E-6	0.01135832075814125
236	1.7355785476569352E-6	3.8715255745724875E-7	1.0429717033355601E-6	0.01135832075814125
237	1.7355785476569352E-6	3.8715255745724875E-7	1.0429717033355601E-6	0.01135832075814125
238	1.7355785476569352E-6	3.8715255745724875E-7	1.0429717033355601E-6	0.01135832075814125
239	1.7355785476569352E-6	3.8715255745724875E-7	1.0429717033355601E-6	0.01135832075814125
240	1.7355785476569352E-6	3.8715255745724875E-7	1.0429717033355601E-6	0.01135832075814125
241	1.7355785476569352E-6	3.8715255745724875E-7	1.0429717033355601E-6	0.01135832075814125
242	1.7355785476569352E-6	3.8715255745724875E-7	1.0429717033355601E-6	0.01135832075814125
243	1.7355785476569352E-6	3.8715255745724875E-7	1.0429717033355601E-6	0.01135832075814125
244	1.7355785476569352E-6	3.8715255745724875E-7	1.0429717033355601E-6	0.01135832075814125
245	1.7355785476569352E-6	3.8715255745724875E-7	1.0429717033355601E-6	0.01135832075814125
246	1.7355785476569352E-6	3.8715255745724875E-7	1.0429717033355601E-6	0.01135832075814125
247	1.7355785476569352E-6	3.8715255745724875E-7	1.0429717033355601E-6	0.01135832075814125
248	1.7355785476569352E-6	3.8715255745724875E-7	1.0429717033355601E-6	0.01135832075814125
249	1.7355785476569352E-6	3.8715255745724875E-7	1.0429717033355601E-6	0.01135832075814125
250	1.7355785476569352E-6	3.8715255745724875E-7	1.0429717033355601E-6	0.01135832075814125
251	1.7355785476569352E-6	3.8715255745724875E-7	1.0429717033355601E-6	0.01135832075814125
252	1.7355785476569352E-6	3.8715255745724875E-7	1.0429717033355601E-6	0.01135832075814125
253	1.7355785476569352E-6	3.8715255745724875E-7	1.0429717033355601E-6	0.01135832075814125
254	1.7355785476569352E-6	3.8715255745724875E-7	1.0429717033355601E-6	0.01135832075814125
255	1.7355785476569352E-6	3.8715255745724875E-7	1.0429717033355601E-6	0.01135832075814125
256	1.7355785476569352E-6	3.8715255745724875E-7	1.0429717033355601E-6	0.01135832075814125
257	1.7355785476569352E-6	3.8715255745724875E-7	1.0429717033355601E-6	0.01135832075814125
258	1.7355785476569352E-6	3.8715255745724875E-7	1.0429717033355601E-6	0.01135832075814125
259	1.7355785476569352E-6	3.8715255745724875E-7	1.0429717033355601E-6	0.01135832075814125
260	1.7355785476569352E-6	3.8715255745724875E-7	1.0429717033355601E-6	0.01135832075814125
261	1.7355785476569352E-6	3.8715255745724875E-7	1.0429717033355601E-6	0.01135832075814125
262	1.7355785476569352E-6	3.8715255745724875E-7	1.0429717033355601E-6	0.01135832075814125
263	1.7355785476569352E-6	3.8715255745724875E-7	1.0429717033355601E-6	0.01135832075814125
264	1.7355785476569352E-6	3.8715255745724875E-7	1.0429717033355601E-6	0.01135832075814125
265	1.7355785476569352E-6	3.8715255745724875E-7	1.0429717033355601E-6	0.01135832075814125
266	1.7355785476569352E-6	3.8715255745724875E-7	1.0429717033355601E-6	0.01135832075814125
267	1.7355785476569352E-6	3.8715255745724875E-7	1.0429717033355601E-6	0.01135832075814125
268	1.7355785476569352E-6	3.8715255745724875E-7	1.0429717033355601E-6	0.01135832075814125
269	1.7355785476569352E-6	3.8715255745724875E-7	1.0429717033355601E-6	0.01135832075814125
270	1.7355785476569352E-6	3.8715255745724875E-7	1.0429717033355601E-6	0.01135832075814125
271	1.7355785476569352E-6	3.8715255745724875E-7	1.0429717033355601E-6	0.01135832075814125
272	1.7355785476569352E-6	3.8715255745724875E-7	1.0429717033355601E-6	0.01135832075814125
273	1.7355785476569352E-6	3.8715255745724875E-7	1.0429717033355601E-6	0.01135832075814125
274	1.7355785476569352E-6	3.8715255745724875E-7	1.0429717033355601E-6	0.01135832075814125
275	1.7355785476569352E-6	3.8715255745724875E-7	1.0429717033355601E-6	0.01135832075814125
276	1.7355785476569352E-6	3.8715255745724875E-7	1.0429717033355601E-6	0.01135832075814125
277	1.7355785476569352E-6	3.8715255745724875E-7	1.0429717033355601E-6	0.01135832075814125
278	1.7355785476569352E-6	3.8715255745724875E-7	1.0429717033355601E-6	0.01135832075814125
279	1.7355785476569352E-6	3.8715255745724875E-7	1.0429717033355601E-6	0.01135832075814125
280	1.7355785476569352E-6	3.8715255745724875E-7	1.0429717033355601E-6	0.01135832075814125
281	1.7355785476569352E-6	3.8715255745724875E-7	1.0429717033355601E-6	0.01135832075814125
282	1.7355785476569352E-6	3.8715255745724875E-7	1.0429717033355601E-6	0.01135832075814125
283	1.7355785476569352E-6	3.8715255745724875E-7	1.0429717033355601E-6	0.01135832075814125
284	1.7355785476569352E-6	3.8715255745724875E-7	1.0429717033355601E-6	0.01135832075814125
285	1.7355785476569352E-6	3.8715255745724875E-7	1.0429717033355601E-6	0.01135832075814125
286	1.7355785476569352E-6	3.8715255745724875E-7	1.0429717033355601E-6	0.01135832075814125
287	1.7355785476569352E-6	3.8715255745724875E-7	1.0429717033355601E-6	0.01135832075814125
288	1.7355785476569352E-6	3.8715255745724875E-7	1.0429717033355601E-6	0.01135832075814125
289	1.7355785476569352E-6	3.8715255745724875E-7	1.0429717033355601E-6	0.01135832075814125
290	1.7355785476569352E-6	3.8715255745724875E-7	1.0429717033355601E-6	0.01135832075814125
291	1.7355785476569352E-6	3.8715255745724875E-7	1.0429717033355601E-6	0.01135832075814125
292	1.7355785476569352E-6	3.8715255745724875E-7	1.0429717033355601E-6	0.01135832075814125
293	1.7355785476569352E-6	3.8715255745724875E-7	1.0429717033355601E-6	0.01135832075814125
294	1.7355785476569352E-6	3.8715255745724875E-7	1.0429717033355601E-6	0.01135832075814125
295	1.7355785476569352E-6	3.8715255745724875E-7	1.0429717033355601E-6	0.01135832075814125
296	1.7355785476569352E-6	3.8715255745724875E-7	1.0429717033355601E-6	0.01135832075814125
297	1.7355785476569352E-6	3.8715255745724875E-7	1.0429717033355601E-6	0.01135832075814125
298	1.7355785476569352E-6	3.8715255745724875E-7	1.0429717033355601E-6	0.01135832075814125
299	1.7355785476569352E-6	3.8715255745724875E-7	1.0429717033355601E-6	0.01135832075814125
300	1.7355785476569352E-6	3.8715255745724875E-7	1.0429717033355601E-6	0.01135832075814125
301	1.7355785476569352E-6	3.8715255745724875E-7	1.0429717033355601E-6	0.01135832075814125
302	1.7355785476569352E-6	3.8715255745724875E-7	1.0429717033355601E-6	0.01135832075814125
303	1.7355785476569352E-6	3.8715255745724875E-7	1.0429717033355601E-6	0.01135832075814125
304	1.7355785476569352E-6	3.8715255745724875E-7	1.0429717033355601E-6	0.01135832075814125
305	1.7355785476569352E-6	3.8715255745724875E-7	1.0429717033355601E-6	0.01135832075814125
306	1.7355785476569352E-6	3.8715255745724875E-7	1.0429717033355601E-6	0.01135832075814125
307	1.7355785476569352E-6	3.8715255745724875E-7	1.0429717033355601E-6	0.01135832075814125
308	1.7355785476569352E-6	3.8715255745724875E-7	1.0429717033355601E-6	0.01135832075814125
309	1.7355785476569352E-6	3.8715255745724875E-7	1.0429717033355601E-6	0.01135832075814125
310	1.7355785476569352E-6	3.8715255745724875E-7	1.0429717033355601E-6	0.01135832075814125
311	1.7355785476569352E-6	3.8715255745724875E-7	1.0429717033355601E-6	0.01135832075814125
312	1.7355785476569352E-6	3.8715255745724875E-7	1.0429717033355601E-6	0.01135832075814125
313	1.7355785476569352E-6	3.8715255745724875E-7	1.0429717033355601E-6	0.01135832075814125
314	1.7355785476569352E-6	3.8715255745724875E-7	1.0429717033355601E-6	0.01135832075814125
315	1.7355785476569352E-6	3.8715255745724875E-7	1.0429717033355601E-6	0.01135832075814125
316	1.7355785476569352E-6	3.8715255745724875E-7	1.0429717033355601E-6	0.01135832075814125
317	1.7355785476569352E-6	3.8715255745724875E-7	1.0429717033355601E-6	0.01135832075814125
318	1.7355785476569352E-6	3.8715255745724875E-7	1.0429717033355601E-6	0.01135832075814125
319	1.7355785476569352E-6	3.8715255745724875E-7	1.0429717033355601E-6	0.01135832075814125
320	1.7355785476569352E-6	3.8715255745724875E-7	1.0429717033355601E-6	0.01135832075814125
321	1.7355785476569352E-6	3.8715255745724875E-7	1.0429717033355601E-6	0.01135832075814125
322	1.7355785476569352E-6	3.8715255745724875E-7	1.0429717033355601E-6	0.01135832075814125
323	1.7355785476569352E-6	3.8715255745724875E-7	1.0429717033355601E-6	0.01135832075814125
324	1.7355785476569352E-6	3.8715255745724875E-7	1.0429717033355601E-6	0.01135832075814125
325	1.7355785476569352E-6	3.8715255745724875E-7	1.0429717033355601E-6	0.01135832075814125
326	1.7355785476569352E-6	3.8715255745724875E-7	1.0429717033355601E-6	0.01135832075814125
327	1.7355785476569352E-6	3.8715255745724875E-7	1.0429717033355601E-6	0.01135832075814125
328	1.7355785476569352E-6	3.8715255745724875E-7	1.0429717033355601E-6	0.01135832075814125
329	1.7355785476569352E-6	3.8715255745724875E-7	1.0429717033355601E-6	0.01135832075814125
330	1.7355785476569352E-6	3.8715255745724875E-7	1.0429717033355601E-6	0.01135832075814125
331	1.7355785476569352E-6	3.8715255745724875E-7	1.0429717033355601E-6	0.01135832075814125
332	1.7355785476569352E-6	3.8715255745724875E-7	1.0429717033355601E-6	0.01135832075814125
333	1.7355785476569352E-6	3.8715255745724875E-7	1.0429717033355601E-6	0.01135832075814125
334	1.7355785476569352E-6	3.8715255745724875E-7	1.0429717033355601E-6	0.01135832075814125
335	1.7355785476569352E-6	3.8715255745724875E-7	1.0429717033355601E-6	0.01135832075814125
336	1.7355785476569352E-6	3.8715255745724875E-7	1.0429717033355601E-6	0.01135832075814125
337	1.7355785476569352E-6	3.8715255745724875E-7	1.0429717033355601E-6	0.01135832075814125
338	1.7355785476569352E-6	3.8715255745724875E-7	1.0429717033355601E-6	0.01135832075814125
339	1.7355785476569352E-6	3.8715255745724875E-7	1.0429717033355601E-6	0.01135832075814125
340	1.7355785476569352E-6	3.8715255745724875E-7	1.0429717033355601E-6	0.01135832075814125
341	1.7355785476569352E-6	3.8715255745724875E-7	1.0429717033355601E-6	0.01135832075814125
342	1.7355785476569352E-6	3.8715255745724875E-7	1.0429717033355601E-6	0.01135832075814125
343	1.7355785476569352E-6	3.8715255745724875E-7	1.0429717033355601E-6	0.01135832075814125
344	1.7355785476569352E-6	3.8715255745724875E-7	1.0429717033355601E-6	0.01135832075814125
345	1.7355785476569352E-6	3.8715255745724875E-7	1.0429717033355601E-6	0.01135832075814125
346	1.7355785476569352E-6	3.8715255745724875E-7	1.0429717033355601E-6	0.01135832075814125
347	1.7355785476569352E-6	3.8715255745724875E-7	1.0429717033355601E-6	0.01135832075814125
348	1.7355785476569352E-6	3.8715255745724875E-7	1.0429717033355601E-6	0.01135832075814125
349	1.7355785476569352E-6	3.8715255745724875E-7	1.0429717033355601E-6	0.01135832075814125
350	1.7355785476569352E-6	3.8715255745724875E-7	1.0429717033355601E-6	0.01135832075814125
351	1.7355785476569352E-6	3.8715255745724875E-7	1.0429717033355601E-6	0.01135832075814125
352	1.7355785476569352E-6	3.8715255745724875E-7	1.0429717033355601E-6	0.01135832075814125
353	1.7355785476569352E-6	3.8715255745724875E-7	1.0429717033355601E-6	0.01135832075814125
354	1.7355785476569352E-6	3.8715255745724875E-7	1.0429717033355601E-6	0.01135832075814125
355	1.7355785476569352E-6	3.8715255745724875E-7	1.0429717033355601E-6	0.01135832075814125
356	1.7355785476569352E-6	3.8715255745724875E-7	1.0429717033355601E-6	0.01135832075814125
357	1.7355785476569352E-6	3.8715255745724875E-7	1.0429717033355601E-6	0.01135832075814125
358	1.7355785476569352E-6	3.8715255745724875E-7	1.0429717033355601E-6	0.01135832075814125
359	1.7355785476569352E-6	3.8715255745724875E-7	1.0429717033355601E-6	0.01135832075814125
360	1.7355785476569352E-6	3.8715255745724875E-7	1.0429717033355601E-6	0.01135832075814125
361	1.7355785476569352E-6	3.8715255745724875E-7	1.0429717033355601E-6	0.01135832075814125
362	1.7355785476569352E-6	3.8715255745724875E-7	1.0429717033355601E-6	0.01135832075814125
363	1.7355785476569352E-6	3.8715255745724875E-7	1.0429717033355601E-6	0.01135832075814125
364	1.7355785476569352E-6	3.8715255745724875E-7	1.0429717033355601E-6	0.01135832075814125
365	1.7355785476569352E-6	3.8715255745724875E-7	1.0429717033355601E-6	0.01135832075814125
366	1.7355785476569352E-6	3.8715255745724875E-7	1.0429717033355601E-6	0.01135832075814125
367	1.7355785476569352E-6	3.8715255745724875E-7	1.0429717033355601E-6	0.01135832075814125
368	1.7355785476569352E-6	3.8715255745724875E-7	1.0429717033355601E-6	0.01135832075814125
369	1.7355785476569352E-6	3.8715255745724875E-7	1.0429717033355601E-6	0.01135832075814125
370	1.7355785476569352E-6	3.8715255745724875E-7	1.0429717033355601E-6	0.01135832075814125
371	1.7355785476569352E-6	3.8715255745724875E-7	1.0429717033355601E-6	0.01135832075814125
372	1.7355785476569352E-6	3.8715255745724875E-7	1.0429717033355601E-6	0.01135832075814125
373	1.7355785476569352E-6	3.8715255745724875E-7	1.0429717033355601E-6	0.01135832075814125
374	1.7355785476569352E-6	3.8715255745724875E-7	1.0429717033355601E-6	0.01135832075814125
375	1.7355785476569352E-6	3.8715255745724875E-7	1.0429717033355601E-6	0.01135832075814125
376	1.7355785476569352E-6	3.8715255745724875E-7	1.0429717033355601E-6	0.01135832075814125
377	1.7355785476569352E-6	3.8715255745724875E-7	1.0429717033355601E-6	0.01135832075814125
378	1.7355785476569352E-6	3.8715255745724875E-7	1.0429717033355601E-6	0.01135832075814125
379	1.7355785476569352E-6	3.8715255745724875E-7	1.0429717033355601E-6	0.01135832075814125
380	1.7355785476569352E-6	3.8715255745724875E-7	1.0429717033355601E-6	0.01135832075814125
381	1.7355785476569352E-6	3.8715255745724875E-7	1.0429717033355601E-6	0.01135832075814125
382	1.7355785476569352E-6	3.8715255745724875E-7	1.0429717033355601E-6	0.01135832075814125
383	1.7355785476569352E-6	3.8715255745724875E-7	1.0429717033355601E-6	0.01135832075814125
384	1.7355785476569352E-6	3.8715255745724875E-7	1.0429717033355601E-6	0.01135832075814125
385	1.7355785476569352E-6	3.8715255745724875E-7	1.0429717033355601E-6	0.01135832075814125
386	1.7355785476569352E-6	3.8715255745724875E-7	1.0429717033355601E-6	0.01135832075814125
387	1.7355785476569352E-6	3.8715255745724875E-7	1.0429717033355601E-6	0.01135832075814125
388	1.7355785476569352E-6	3.8715255745724875E-7	1.0429717033355601E-6	0.01135832075814125
389	1.7355785476569352E-6	3.8715255745724875E-7	1.0429717033355601E-6	0.01135832075814125
390	1.7355785476569352E-6	3.8715255745724875E-7	1.0429717033355601E-6	0.01135832075814125
391	1.7355785476569352E-6	3.8715255745724875E-7	1.0429717033355601E-6	0.01135832075814125
392	1.7355785476569352E-6	3.8715255745724875E-7	1.0429717033355601E-6	0.01135832075814125
393	1.7355785476569352E-6	3.8715255745724875E-7	1.0429717033355601E-6	0.01135832075814125
394	1.7355785476569352E-6	3.8715255745724875E-7	1.0429717033355601E-6	0.01135832075814125
395	1.7355785476569352E-6	3.8715255745724875E-7	1.0429717033355601E-6	0.01135832075814125
396	1.7355785476569352E-6	3.8715255745724875E-7	1.0429717033355601E-6	0.01135832075814125
397	1.7355785476569352E-6	3.8715255745724875E-7	1.0429717033355601E-6	0.01135832075814125
398	1.7355785476569352E-6	3.8715255745724875E-7	1.0429717033355601E-6	0.01135832075814125
399	1.7355785476569352E-6	3.8715255745724875E-7	1.0429717033355601E-6	0.01135832075814125
400	1.7355785476569352E-6	3.8715255745724875E-7	1.0429717033355601E-6	0.01135832075814125
401	1.7355785476569352E-6	3.8715255745724875E-7	1.0429717033355601E-6	0.01135832075814125
402	1.7355785476569352E-6	3.8715255745724875E-7	1.0429717033355601E-6	0.01135832075814125
403	1.7355785476569352E-6	3.8715255745724875E-7	1.0429717033355601E-6	0.01135832075814125
404	1.7355785476569352E-6	3.8715255745724875E-7	1.0429717033355601E-6	0.01135832075814125
405	1.7355785476569352E-6	3.8715255745724875E-7	1.0429717033355601E-6	0.01135832075814125
406	1.7355785476569352E-6	3.8715255745724875E-7	1.0429717033355601E-6	0.01135832075814125
407	1.7355785476569352E-6	3.8715255745724875E-7	1.0429717033355601E-6	0.01135832075814125
408	1.7355785476569352E-6	3.8715255745724875E-7	1.0429717033355601E-6	0.01135832075814125
409	1.7355785476569352E-6	3.8715255745724875E-7	1.0429717033355601E-6	0.01135832075814125
410	1.7355785476569352E-6	3.8715255745724875E-7	1.0429717033355601E-6	0.01135832075814125
411	1.7355785476569352E-6	3.8715255745724875E-7	1.0429717033355601E-6	0.01135832075814125
412	1.7355785476569352E-6	3.8715255745724875E-7	1.0429717033355601E-6	0.01135832075814125
413	1.7355785476569352E-6	3.8715255745724875E-7	1.0429717033355601E-6	0.01135832075814125
414	1.7355785476569352E-6	3.8715255745724875E-7	1.0429717033355601E-6	0.01135832075814125
415	1.7355785476569352E-6	3.8715255745724875E-7	1.0429717033355601E-6	0.01135832075814125
416	1.7355785476569352E-6	3.8715255745724875E-7	1.0429717033355601E-6	0.01135832075814125
417	1.7355785476569352E-6	3.8715255745724875E-7	1.0429717033355601E-6	0.01135832075814125
418	1.7355785476569352E-6	3.8715255745724875E-7	1.0429717033355601E-6	0.01135832075814125
419	1.7355785476569352E-6	3.8715255745724875E-7	1.0429717033355601E-6	0.01135832075814125
420	1.7355785476569352E-6	3.8715255745724875E-7	1.0429717033355601E-6	0.01135832075814125
421	1.7355785476569352E-6	3.8715255745724875E-7	1.0429717033355601E-6	0.01135832075814125
422	1.7355785476569352E-6	3.8715255745724875E-7	1.0429717033355601E-6	0.01135832075814125
423	1.7355785476569352E-6	3.8715255745724875E-7	1.0429717033355601E-6	0.01135832075814125
424	1.7355785476569352E-6	3.8715255745724875E-7	1.0429717033355601E-6	0.01135832075814125
425	1.7355785476569352E-6	3.8715255745724875E-7	1.0429717033355601E-6	0.01135832075814125
426	1.7355785476569352E-6	3.8715255745724875E-7	1.0429717033355601E-6	0.01135832075814125
427	1.7355785476569352E-6	3.8715255745724875E-7	1.0429717033355601E-6	0.01135832075814125
428	1.7355785476569352E-6	3.8715255745724875E-7	1.0429717033355601E-6	0.01135832075814125
429	1.7355785476569352E-6	3.8715255745724875E-7	1.0429717033355601E-6	0.01135832075814125
430	1.7355785476569352E-6	3.8715255745724875E-7	1.0429717033355601E-6	0.01135832075814125
431	1.7355785476569352E-6	3.8715255745724875E-7	1.0429717033355601E-6	0.01135832075814125
432	1.7355785476569352E-6	3.8715255745724875E-7	1.0429717033355601E-6	0.01135832075814125
433	1.7355785476569352E-6	3.8715255745724875E-7	1.0429717033355601E-6	0.01135832075814125
434	1.7355785476569352E-6	3.8715255745724875E-7	1.0429717033355601E-6	0.01135832075814125
435	1.7355785476569352E-6	3.8715255745724875E-7	1.0429717033355601E-6	0.01135832075814125
436	1.7355785476569352E-6	3.8715255745724875E-7	1.0429717033355601E-6	0.01135832075814125
437	1.7355785476569352E-6	3.8715255745724875E-7	1.0429717033355601E-6	0.01135832075814125
438	1.7355785476569352E-6	3.8715255745724875E-7	1.0429717033355601E-6	0.01135832075814125
439	1.7355785476569352E-6	3.8715255745724875E-7	1.0429717033355601E-6	0.01135832075814125
440	1.7355785476569352E-6	3.8715255745724875E-7	1.0429717033355601E-6	0.01135832075814125
441	1.7355785476569352E-6	3.8715255745724875E-7	1.0429717033355601E-6	0.01135832075814125
442	1.7355785476569352E-6	3.8715255745724875E-7	1.0429717033355601E-6	0.01135832075814125
443	1.7355785476569352E-6	3.8715255745724875E-7	1.0429717033355601E-6	0.01135832075814125
444	1.7355785476569352E-6	3.8715255745724875E-7	1.0429717033355601E-6	0.01135832075814125
445	1.7355785476569352E-6	3.8715255745724875E-7	1.0429717033355601E-6	0.01135832075814125
446	1.7355785476569352E-6	3.8715255745724875E-7	1.0429717033355601E-6	0.01135832075814125
447	1.7355785476569352E-6	3.8715255745724875E-7	1.0429717033355601E-6	0.01135832075814125
448	1.7355785476569352E-6	3.8715255745724875E-7	1.0429717033355601E-6	0.01135832075814125
449	1.7355785476569352E-6	3.8715255745724875E-7	1.0429717033355601E-6	0.01135832075814125
450	1.7355785476569352E-6	3.8715255745724875E-7	1.0429717033355601E-6	0.01135832075814125
451	1.7355785476569352E-6	3.8715255745724875E-7	1.0429717033355601E-6	0.01135832075814125
452	1.7355785476569352E-6	3.8715255745724875E-7	1.0429717033355601E-6	0.01135832075814125
453	1.7355785476569352E-6	3.8715255745724875E-7	1.0429717033355601E-6	0.01135832075814125
454	1.7355785476569352E-6	3.8715255745724875E-7	1.0429717033355601E-6	0.01135832075814125
455	1.7355785476569352E-6	3.8715255745724875E-7	1.0429717033355601E-6	0.01135832075814125
456	1.7355785476569352E-6	3.8715255745724875E-7	1.0429717033355601E-6	0.01135832075814125
457	1.7355785476569352E-6	3.8715255745724875E-7	1.0429717033355601E-6	0.01135832075814125
458	1.7355785476569352E-6	3.8715255745724875E-7	1.0429717033355601E-6	0.01135832075814125
459	1.7355785476569352E-6	3.8715255745724875E-7	1.0429717033355601E-6	0.01135832075814125
460	1.7355785476569352E-6	3.8715255745724875E-7	1.0429717033355601E-6	0.01135832075814125
461	1.7355785476569352E-6	3.8715255745724875E-7	1.0429717033355601E-6	0.01135832075814125
462	1.7355785476569352E-6	3.8715255745724875E-7	1.0429717033355601E-6	0.01135832075814125
463	1.7355785476569352E-6	3.8715255745724875E-7	1.0429717033355601E-6	0.01135832075814125
464	1.7355785476569352E-6	3.8715255745724875E-7	1.0429717033355601E-6	0.01135832075814125
465	1.7355785476569352E-6	3.8715255745724875E-7	1.0429717033355601E-6	0.01135832075814125
466	1.7355785476569352E-6	3.8715255745724875E-7	1.0429717033355601E-6	0.01135832075814125
467	1.7355785476569352E-6	3.8715255745724875E-7	1.0429717033355601E-6	0.01135832075814125
468	1.7355785476569352E-6	3.8715255745724875E-7	1.0429717033355601E-6	0.01135832075814125
469	1.7355785476569352E-6	3.8715255745724875E-7	1.0429717033355601E-6	0.01135832075814125
470	1.7355785476569352E-6	3.8715255745724875E-7	1.0429717033355601E-6	0.01135832075814125
471	1.7355785476569352E-6	3.8715255745724875E-7	1.0429717033355601E-6	0.01135832075814125
472	1.7355785476569352E-6	3.8715255745724875E-7	1.0429717033355601E-6	0.01135832075814125
473	1.7355785476569352E-6	3.8715255745724875E-7	1.0429717033355601E-6	0.01135832075814125
474	1.7355785476569352E-6	3.8715255745724875E-7	1.0429717033355601E-6	0.01135832075814125
475	1.7355785476569352E-6	3.8715255745724875E-7	1.0429717033355601E-6	0.01135832075814125
476	1.7355785476569352E-6	3.8715255745724875E-7	1.0429717033355601E-6	0.01135832075814125
477	1.7355785476569352E-6	3.8715255745724875E-7	1.0429717033355601E-6	0.01135832075814125
478	1.7355785476569352E-6	3.8715255745724875E-7	1.0429717033355601E-6	0.01135832075814125
479	1.7355785476569352E-6	3.8715255745724875E-7	1.0429717033355601E-6	0.01135832075814125
480	1.7355785476569352E-6	3.8715255745724875E-7	1.0429717033355601E-6	0.01135832075814125
481	1.7355785476569352E-6	3.8715255745724875E-7	1.0429717033355601E-6	0.01135832075814125
482	1.7355785476569352E-6	3.8715255745724875E-7	1.0429717033355601E-6	0.01135832075814125
483	1.7355785476569352E-6	3.8715255745724875E-7	1.0429717033355601E-6	0.01135832075814125
484	1.7355785476569352E-6	3.8715255745724875E-7	1.0429717033355601E-6	0.01135832075814125
485	1.7355785476569352E-6	3.8715255745724875E-7	1.0429717033355601E-6	0.01135832075814125
486	1.7355785476569352E-6	3.8715255745724875E-7	1.0429717033355601E-6	0.01135832075814125
487	1.7355785476569352E-6	3.8715255745724875E-7	1.0429717033355601E-6	0.01135832075814125
488	1.7355785476569352E-6	3.8715255745724875E-7	1.0429717033355601E-6	0.01135832075814125
489	1.7355785476569352E-6	3.8715255745724875E-7	1.0429717033355601E-6	0.01135832075814125
490	1.7355785476569352E-6	3.8715255745724875E-7	1.0429717033355601E-6	0.01135832075814125
491	1.7355785476569352E-6	3.8715255745724875E-7	1.0429717033355601E-6	0.01135832075814125
492	1.7355785476569352E-6	3.8715255745724875E-7	1.0429717033355601E-6	0.01135832075814125
493	1.7355785476569352E-6	3.8715255745724875E-7	1.0429717033355601E-6	0.01135832075814125
494	1.7355785476569352E-6	3.8715255745724875E-7	1.0429717033355601E-6	0.01135832075814125
495	1.7355785476569352E-6	3.8715255745724875E-7	1.0429717033355601E-6	0.01135832075814125
496	1.7355785476569352E-6	3.8715255745724875E-7	1.0429717033355601E-6	0.01135832075814125
497	1.7355785476569352E-6	3.8715255745724875E-7	1.0429717033355601E-6	0.01135832075814125
498	1.7355785476569352E-6	3.8715255745724875E-7	1.0429717033355601E-6	0.01135832075814125
499	1.7355785476569352E-6	3.8715255745724875E-7	1.0429717033355601E-6	0.01135832075814125
500	1.7355785476569352E-6	3.8715255745724875E-7	1.0429717033355601E-6	0.01135832075814125
