iteration 	 master_max 	 master_avg 	subnet_0_max 	 subnet_0_avg 	subnet_1_max 	 subnet_1_avg 	full_max 	 full_avg
0	1.2926033876015879	0.05233568394170255	0.32090350517087884	0.008218036131799375	14.914625547789644	0.28227290712467645	51.61636717243361	1.0278321392264003
1	0.36164493935397246	0.013857318518766478	0.0037040392674292377	4.070372821350811E-5	1.03742698596378	0.04051922696015358	15.950471564273997	0.3678262697102633
2	0.13579329852585076	0.0019964996947456053	9.882065714847954E-4	4.883519855024145E-5	0.1497508631504303	0.004726090358044224	27.06538348695301	1.0028163227555384
3	0.015418741394931601	3.3896109071579385E-4	0.0	0.0	0.15385074023972578	0.0023885130721930554	24.06250729722846	0.6739018155174609
4	9.996906002243122E-4	1.872725402128663E-4	9.81497078143434E-4	6.976563267169449E-5	0.01193403182706021	3.184948177440535E-4	40.75626890111499	1.88475292629035
5	9.83139889136453E-4	1.8282190719773623E-4	0.0	0.0	0.0025360664964892976	1.1418548369876098E-4	28.434755756050883	0.8343684444513315
6	9.88322611043202E-4	1.7080904624269547E-4	9.89328897976094E-4	4.9882488824618134E-5	9.70330460237534E-4	1.394047710742216E-4	45.71430952597247	1.1556262371960595
7	9.93252895298724E-4	1.9031751267781444E-4	9.011620353049921E-4	9.902879508846067E-6	9.020546691864695E-4	8.865327913840773E-5	42.72021177313586	1.0539892620963658
8	9.952054431892066E-4	1.4925186343626716E-4	9.523478890400838E-4	4.900770609093809E-5	9.985548686373136E-4	1.0554726179029059E-4	53.13734648500967	0.5878700753396425
9	9.878387661927945E-4	1.7962991946655923E-4	9.035669564454452E-4	1.964275992272707E-5	9.86263392150022E-4	9.230241062296336E-5	35.049425275955194	0.969097345200866
10	9.872981909495593E-4	1.2857826151043087E-4	9.63246959813091E-4	7.55232802639155E-5	9.935477838567408E-4	1.1304541325496902E-4	60.25840269623777	0.8196418605261597
11	9.946066719379587E-4	1.8992771431846286E-4	8.900475166981892E-4	5.56279697935258E-5	9.63273327869274E-4	9.31303784771485E-5	41.85752562826351	1.0055503254290648
12	9.97444197722075E-4	1.6656654132726388E-4	8.85942968622544E-4	4.547441645069296E-5	9.819883699719867E-4	1.0535275645430096E-4	61.07465126061153	0.5843618130121639
13	9.916630942576887E-4	1.8845499138456446E-4	9.112570527243236E-4	2.9023750418286236E-5	9.825486142815976E-4	9.872658640544185E-5	35.480867373672794	1.103286685294899
14	9.841383539708204E-4	1.304973529785299E-4	9.170641007614222E-4	7.211781870360457E-5	9.221770368732507E-4	1.2095980387497802E-4	64.28285977329102	1.0693677549494653
15	9.888403938944634E-4	1.8370961727073122E-4	8.906239378347891E-4	6.404743633147217E-5	9.739345386456932E-4	9.553471115892175E-5	35.92327436800171	0.9030444769836906
16	9.91675050428853E-4	1.4705415652963802E-4	9.471752075285167E-4	7.703399847889439E-5	9.963511355479682E-4	1.0054287954680868E-4	66.19459702384606	0.7250336961498001
17	9.994663740897636E-4	1.843192514258484E-4	9.062948372715596E-4	7.317074874656923E-5	9.811876480654291E-4	1.0529873909648682E-4	35.52794999568741	0.8317543979650882
18	9.819201226690666E-4	1.43013309842752E-4	9.837259337501791E-4	6.982654777745018E-5	9.958831710399352E-4	1.1463292815801103E-4	66.33696669492954	0.7803441175865345
19	9.99427347480264E-4	1.8100038166947235E-4	8.90575153574602E-4	8.079125827790168E-5	9.46574686132351E-4	9.901994061517587E-5	26.650489112851076	0.7210553263981598
20	9.871972257755601E-4	1.4238073029101356E-4	9.280814717662622E-4	6.253838347491478E-5	9.699175370414537E-4	1.2379751854109058E-4	66.29041000480314	0.7719251255970078
21	9.990286293941608E-4	1.6841311241808655E-4	8.992663920182054E-4	8.10954676349915E-5	9.766928227534777E-4	1.2689991397933317E-4	26.680586383677234	0.7430633002875884
22	9.93234020967293E-4	1.8625734324896105E-4	8.824736902717234E-4	6.10929057158554E-5	9.979848458492313E-4	1.1627053261645476E-4	66.22088507427934	0.8722880625627307
23	9.984251769026287E-4	1.8594989906426754E-4	8.863731019310706E-4	7.95365847135583E-5	9.713499536232462E-4	9.332392522927014E-5	26.703239982364593	0.7769919726592966
24	9.865474441426159E-4	1.4284364395286854E-4	9.840980559552293E-4	7.04420760910749E-5	9.966980505744516E-4	1.1111420765757447E-4	66.19686287989086	0.78952594637796
25	9.991058175486955E-4	1.7647321567039624E-4	8.858253983738962E-4	7.873121587105583E-5	9.621077654387022E-4	7.504020433052743E-5	26.711996263911537	0.6664972903157838
26	9.982960781087513E-4	1.4599389740570416E-4	9.360552092090302E-4	6.665008774692856E-5	9.449643804337882E-4	1.0890943767041561E-4	66.18909347216203	0.7897422353322734
27	9.97748624797623E-4	1.4571085927503878E-4	8.857372364090565E-4	8.03822858432812E-5	9.51932685730128E-4	1.068737231585946E-4	26.71810803900238	0.7214365331229193
28	9.93770308717501E-4	1.649751863918901E-4	9.987915880316223E-4	6.802816289795692E-5	9.782409269618597E-4	1.2877845400786407E-4	66.19573211607019	0.8805116454632482
29	9.826928878595709E-4	1.7134698846087796E-4	9.002655293670614E-4	8.09526644648496E-5	9.864310764342576E-4	8.34781299888054E-5	26.71607213611172	0.6935381925641152
30	9.958181110363284E-4	1.7157956534074784E-4	8.5420575550188E-4	6.01130317119712E-5	9.770222344940294E-4	1.2269712409566206E-4	66.18448267522433	0.8771605822584456
31	9.930020839163944E-4	1.7144505267994103E-4	8.856778345354144E-4	8.029966862103705E-5	8.640206990584431E-4	9.49109839797996E-5	26.723649969612534	0.7435749426671819
32	9.795330762472076E-4	1.400088836983503E-4	9.222681215703687E-4	6.335469863901662E-5	9.986788043185868E-4	1.1299247559489488E-4	65.74378605975494	0.9791094146682905
33	9.954632764817006E-4	1.691014054877239E-4	9.915354146166067E-4	8.363176974339457E-5	9.977644826761889E-4	8.719044706063405E-5	26.765843079587217	0.6938748529410346
34	9.99436804008269E-4	1.467790285177583E-4	9.50346879150743E-4	6.638816717440346E-5	9.976294637397132E-4	1.139998291183731E-4	65.38340666412333	0.7906064385074795
35	9.885262455000543E-4	1.907789112104151E-4	8.835930438308992E-4	7.9150761512238E-5	9.946342686220078E-4	1.084620093557174E-4	26.803382523037254	0.7800457333292216
36	9.569474527424404E-4	1.5452549963828217E-4	9.657696189862008E-4	6.7386612565062E-5	9.792122460545727E-4	1.2521787965323006E-4	65.38374413814302	0.7940972696531357
37	9.946512670993002E-4	1.8240681860038767E-4	8.833764473372696E-4	7.992495912420543E-5	9.270783109727176E-4	7.358809304026606E-5	26.82066395132903	0.7103220750240968
38	9.814915927108814E-4	1.5739100917650504E-4	9.893786190389164E-4	6.852366537613466E-5	9.997045095957446E-4	1.1055312934566295E-4	65.38395736654037	0.7895002555023175
39	9.922803104878142E-4	1.8571864744714207E-4	8.966903125795511E-4	8.069826309414606E-5	9.639099237048754E-4	7.292056673570426E-5	26.818945942362035	0.7744020404486134
40	9.941636051280511E-4	1.6396248068071398E-4	8.837612580521181E-4	6.094885626847933E-5	9.714816144708038E-4	9.550563830069374E-5	65.43817035637505	0.796367437969111
41	9.949553086130436E-4	1.6289956045319816E-4	8.838656253971067E-4	7.895713734632525E-5	9.872805440913623E-4	1.005660339993208E-4	26.823641801708042	0.6955431778362217
42	9.9299017292509E-4	1.7354088448450313E-4	9.385405342214881E-4	6.544032089099957E-5	9.885990282008095E-4	1.1960258148641101E-4	65.54554671434522	0.776755327743926
43	9.856967201784528E-4	1.7460370551570736E-4	9.953297195721689E-4	8.378615545888353E-5	9.578592145800258E-4	1.2383180382902304E-4	26.826835198815424	0.5982111595868158
44	9.97814277894804E-4	1.4779358769257347E-4	8.97026223341868E-4	6.2801877665267E-5	9.486439406138913E-4	1.1016265003518844E-4	65.51745970564997	0.7924485708752897
45	9.919647546823285E-4	1.7098984402143933E-4	8.85339590912082E-4	7.79023343322606E-5	9.55582664943222E-4	1.0233450610667821E-4	26.829580439936763	0.691179861257428
46	9.842673307574046E-4	1.5228202527672874E-4	9.609750212256074E-4	6.69116123392978E-5	9.813392430260137E-4	1.2660844346160864E-4	65.47785571945204	0.784281330265644
47	9.975927081384839E-4	1.645073982545746E-4	9.881674802088014E-4	8.362646003516591E-5	9.46731593074901E-4	1.015362073189568E-4	26.82951298711805	0.6497109504895654
48	9.906597287780983E-4	1.4370488004311654E-4	9.360101580853097E-4	6.55803766458695E-5	9.998312089365413E-4	1.057027969561296E-4	65.42790773462373	0.7886723500883188
49	9.954254685027308E-4	1.6320293083766743E-4	9.89095947730334E-4	8.36624419290658E-5	9.496286213881433E-4	9.956359426659349E-5	26.840659145889557	0.6235860397480405
50	9.713911613111748E-4	1.467545825401875E-4	9.294999078122146E-4	6.55558161966716E-5	9.943655635069604E-4	1.197047855595128E-4	65.35491515138985	0.7964210168348326
51	9.901398386418236E-4	1.6716310910354465E-4	8.858046406032827E-4	7.800540716448728E-5	9.94293159479298E-4	1.0203069396811417E-4	26.832817104438753	0.6553418978728965
52	9.999349388536416E-4	1.816157369166111E-4	9.234781200717634E-4	6.568068534683464E-5	9.849883742205634E-4	1.0598930542105083E-4	65.39485576896635	0.7852892166090095
53	9.927690597706373E-4	1.6576535505855836E-4	9.989380844146467E-4	8.395927639025625E-5	9.490924989741245E-4	1.0131110636266808E-4	26.841351444512497	0.6823187891846656
54	9.914828195149994E-4	1.3884488395429813E-4	9.33394616509986E-4	6.597303340870802E-5	9.692874958417974E-4	1.2027105662909767E-4	65.34914138458285	0.7807443973757524
55	9.894838115940274E-4	1.6234129193088475E-4	8.858277917482837E-4	7.815829670328978E-5	9.93825774159518E-4	1.020071394505724E-4	26.833300560374216	0.6231767842875467
56	9.986957866132684E-4	1.5217167903194766E-4	9.127053228183968E-4	6.561003618513395E-5	9.846836422511274E-4	1.1154788531068031E-4	65.38627671640727	0.7946450794035255
57	9.989822893459177E-4	1.595489272125466E-4	8.858568602150285E-4	7.801565642015367E-5	9.823791043324093E-4	1.0264878524668707E-4	26.84153800059132	0.6829318725428974
58	9.872590214143884E-4	1.4173399042263627E-4	9.259954311495733E-4	6.598368122456957E-5	9.68733457842319E-4	1.1871705396095018E-4	65.34503186945693	0.7759958504769572
59	9.833008407014177E-4	1.634982655750714E-4	8.858386509693617E-4	7.813270926405164E-5	9.776236702521146E-4	1.0658647654979825E-4	26.832980582319955	0.6601001262404712
60	9.989654079518573E-4	1.512268805705731E-4	9.145843003501852E-4	6.566908817779055E-5	9.784603781426426E-4	1.1107869291515884E-4	65.38963944489737	0.769539660554684
61	9.992510317076153E-4	1.6423049730034887E-4	8.858826692588195E-4	7.80951361151497E-5	9.863469251598644E-4	1.0296843535031567E-4	26.84170757776617	0.6661713778362909
62	9.828429090248392E-4	1.8175344857783817E-4	9.201799778537634E-4	6.585452215454619E-5	9.680120325867847E-4	1.186291949541439E-4	65.34774128825498	0.7831038913522952
63	9.87907071845484E-4	1.4991593235820803E-4	8.858338285087086E-4	7.823378665919676E-5	9.767976368948439E-4	1.0651729472587891E-4	26.833255438587308	0.6642511322237307
64	9.633650877702848E-4	1.420147661971499E-4	9.107716476961514E-4	6.57210732943548E-5	9.784996403254809E-4	1.1108340308890913E-4	65.38816827884287	0.7695075401678583
65	9.915232395059093E-4	1.6617489409721505E-4	8.858615597766573E-4	7.811441914686879E-5	9.84891434907098E-4	1.0464434238260805E-4	26.841261837814596	0.6821803095046037
66	9.971548619880366E-4	1.6665034330344574E-4	9.257631162000735E-4	6.607955510447451E-5	9.98795215320314E-4	1.231284845194211E-4	65.34740143869594	0.786476807400842
67	9.95694358390864E-4	1.8359448135613285E-4	8.858061597187827E-4	7.819171032861092E-5	9.487022565934922E-4	1.0052828473911671E-4	26.83356830210271	0.6521423268375957
68	9.84982902608067E-4	1.64319338304859E-4	9.183037053617227E-4	6.588981922404252E-5	9.862043030217649E-4	1.0437061962637668E-4	65.39287334978488	0.7901492153130023
69	9.963218135311536E-4	1.535994861752656E-4	8.858823801389804E-4	7.809381945102068E-5	9.871097057683187E-4	1.0487343700233964E-4	26.841785492274056	0.6475049766846077
70	9.989654988515895E-4	1.4425809485466508E-4	9.245458877273904E-4	6.600491793329104E-5	9.982388113840557E-4	1.2306822374208635E-4	65.34902372909687	0.7817630182409885
71	9.967609747860706E-4	1.5689019551894652E-4	8.858186369344878E-4	7.822635245251889E-5	9.769422739083211E-4	1.0651637755445051E-4	26.833749073982784	0.6806540820583201
72	9.985208686096314E-4	1.8214337709636038E-4	9.168992192911674E-4	6.584788761411483E-5	9.783311824591578E-4	1.1106820165461311E-4	65.39089940272463	0.7829851260409209
73	9.915353389686743E-4	1.5780034866403033E-4	8.858757274872175E-4	7.810347471438393E-5	9.86781725554664E-4	1.0300198308492766E-4	26.841927296342046	0.6659014816374436
74	9.949263697421884E-4	1.5528353067196255E-4	9.211035059735195E-4	6.595192390636487E-5	9.700744527734173E-4	1.1888279643262366E-4	65.34444642909598	0.7864743506132107
75	9.966419823115302E-4	1.5748419143791164E-4	8.8581009913824E-4	7.825409230802245E-5	9.494763803061801E-4	1.0060163185954314E-4	26.833144387391478	0.675584125877927
76	9.97505407575261E-4	1.6897765656688393E-4	9.124254305703516E-4	6.57788576855466E-5	9.853337536185336E-4	1.0428274942820319E-4	65.39091835515882	0.7816537835231685
77	9.95197543652182E-4	1.6630728637883756E-4	8.858674380753939E-4	7.809235165256777E-5	9.863097867253146E-4	1.0481968101085513E-4	26.841729787072744	0.6501289639147092
78	9.85377944424215E-4	1.6323714241048116E-4	9.207441751044598E-4	6.586786023903417E-5	9.703737690678338E-4	1.189226569273512E-4	65.34804052263885	0.780649358381277
79	9.994306474929715E-4	1.6174076943410766E-4	8.858068744821423E-4	7.826734046496429E-5	9.49428660348417E-4	1.0058377076465637E-4	26.833689702434487	0.6642534869680463
80	9.911426327846584E-4	1.581089104742826E-4	9.107806628207982E-4	6.57226178779407E-5	9.818421048493065E-4	1.089264243644313E-4	65.39096369793435	0.7958685758116493
81	9.81781234052903E-4	1.6614810757516313E-4	8.858454160662887E-4	7.807676645979506E-5	9.302152465977542E-4	9.959075804253318E-5	26.841885680027538	0.669144088229245
82	9.845263291055062E-4	1.6123256551862312E-4	9.249673493627597E-4	6.60716665807159E-5	9.977014919471117E-4	1.2300397443263617E-4	65.34958359608729	0.7902056931298839
83	9.9421190540383E-4	1.726453547606503E-4	8.8583726438074E-4	7.815523724464599E-5	9.750246621322844E-4	1.061356381882959E-4	26.833438386449807	0.6300126703812508
84	9.96044941341978E-4	1.684373166610933E-4	9.158671074160907E-4	6.568794199149438E-5	9.782833192417684E-4	1.042773286388944E-4	65.39023456030259	0.7823492484989117
85	9.80401891389704E-4	1.7585051813632388E-4	8.858607539607988E-4	7.806860367160333E-5	9.503468563387685E-4	1.0144627024647443E-4	26.841961901324602	0.6625183242896228
86	9.98015463125057E-4	1.4855595869463142E-4	9.246611574553754E-4	6.599983825045402E-5	9.983762399770058E-4	1.2307687468073042E-4	65.34821341806557	0.7960040905397489
87	9.97160511346351E-4	1.6584476232939954E-4	8.858096998594078E-4	7.819210924451013E-5	9.74548558609456E-4	1.0608512761971408E-4	26.833322352157204	0.6638172859009653
88	9.616160500272031E-4	1.4368416209133166E-4	9.16289293499517E-4	6.575256403571415E-5	9.800743093144604E-4	1.0455545663522988E-4	65.39094664330536	0.7870453909960384
89	9.974366908380716E-4	1.6695222324843387E-4	8.858528187616344E-4	7.801576273805316E-5	9.50007964366506E-4	1.0140496519882347E-4	26.841429860257612	0.6691749374852668
90	9.970069433435924E-4	1.541232267127988E-4	9.259857871519728E-4	6.601212577179579E-5	9.97846372854383E-4	1.2301062659257118E-4	65.34938418481565	0.7793371406716468
91	9.982348057135937E-4	1.8899858369746055E-4	8.85835357626874E-4	7.812079594711936E-5	9.746098091270028E-4	1.0606760964507944E-4	26.832725134932875	0.6201176886998562
92	9.990720272767817E-4	1.512623088045893E-4	9.161857025929976E-4	6.566900496272455E-5	9.937665089019276E-4	1.0425919167392155E-4	65.39233371072041	0.7805545658984415
93	9.913511074586268E-4	1.5243161937783013E-4	8.858532994828749E-4	7.80584501148829E-5	9.519318549919831E-4	1.0156282903725694E-4	26.8415356103843	0.6735700087690015
94	9.750221918523039E-4	1.2120253767087735E-4	9.226499375323272E-4	6.588626359039933E-5	9.988765472073169E-4	1.231401366297052E-4	65.34892617328958	0.7722296269883879
95	9.995637714013128E-4	1.622380540494576E-4	8.858305182570803E-4	7.820778982592257E-5	9.755640522470799E-4	1.0612524275363842E-4	26.832929661329125	0.6593553946367596
96	9.586528504144098E-4	1.636284011964261E-4	9.114144552881953E-4	6.569641198581313E-5	9.815470700900164E-4	1.0550217238845663E-4	65.38914360314368	0.7778285287093689
97	9.963910878809656E-4	1.685725372264396E-4	8.858578781882898E-4	7.804819220171979E-5	9.290119340050751E-4	9.947043357387263E-5	26.841981890853	0.6691705991751765
98	9.972284057297998E-4	1.4302233942647475E-4	9.242905032920135E-4	6.601002465802942E-5	9.97737595536563E-4	1.230020698550384E-4	65.34533780183068	0.7901814378058155
99	9.91105441883633E-4	1.7031809647956642E-4	8.858165437182208E-4	7.824544662874333E-5	9.756776080820373E-4	1.0613531875942135E-4	26.83334488866783	0.6147091511567179
100	9.993595686594858E-4	1.298119596025052E-4	9.133507303324961E-4	6.57207219512261E-5	9.920656132109684E-4	1.0551122714588245E-4	65.38778064159649	0.7695441535459884
101	9.962001147485466E-4	1.6432230604436422E-4	8.858656418304633E-4	7.801515652524032E-5	9.504118834442465E-4	1.0139380652331016E-4	26.840846366050624	0.6804199353431537
102	9.940645768935497E-4	1.6390417210170597E-4	9.276066693644225E-4	6.596730428717346E-5	9.697715963739029E-4	1.2032663317740782E-4	65.35015804831347	0.7818990045174592
103	9.722401072380649E-4	1.6946597917758785E-4	8.858342992787982E-4	7.812490849625338E-5	9.753628474413745E-4	1.0611619463639679E-4	26.832964067539237	0.6481655754749215
104	9.964338056001054E-4	1.8699429102132426E-4	9.166565007845406E-4	6.57576998476182E-5	9.920637969962343E-4	1.0551451591714075E-4	65.3923745492306	0.7825575116576653
105	9.94712217575966E-4	1.5351645823211165E-4	8.858787661125689E-4	7.804714861769924E-5	9.519227437735367E-4	1.0151072195447812E-4	26.8411508112912	0.680393363303578
106	9.944944194728578E-4	1.7339430405129366E-4	9.280892021266141E-4	6.602805050792807E-5	9.987655719285726E-4	1.2340478810836242E-4	65.35016920983522	0.7713811707020474
107	9.944436560260783E-4	1.4666679954927986E-4	8.858359322374554E-4	7.822406877098321E-5	9.749712251192477E-4	1.0607230956288E-4	26.833434573751923	0.6649284314323012
108	9.96580169413619E-4	1.6472636288853305E-4	9.137673954739967E-4	6.57254617548822E-5	9.973288153588555E-4	1.056307273380794E-4	65.39047863391279	0.7875116766431879
109	9.864604815064126E-4	1.5809148721153155E-4	8.85903125649179E-4	7.800219554012015E-5	9.299131541951056E-4	9.954132819188338E-5	26.84159215111769	0.6196678798504344
110	9.961670369023068E-4	1.7955568960111414E-4	9.210564413422162E-4	6.582109698772855E-5	9.682500537060434E-4	1.1866003429793806E-4	65.3458471109293	0.773394859889711
111	9.978282927320947E-4	1.6885717127004156E-4	8.858377544989082E-4	7.827767350863753E-5	9.748295570588539E-4	1.0606790785806473E-4	26.833127727643316	0.664223754131757
112	9.94960228027253E-4	1.705137988863037E-4	9.103967690862191E-4	6.569722134189585E-5	9.692081174570433E-4	1.0664668391375661E-4	65.39008962357867	0.7864020350544559
113	9.9708796086162E-4	1.6510802868688394E-4	8.858685695152246E-4	7.802287924946475E-5	9.297916128900852E-4	9.949781318480251E-5	26.841401673352664	0.6855429477560555
114	9.96086581821487E-4	1.3139980644768698E-4	9.255735292299505E-4	6.597909764417233E-5	9.989407916286552E-4	1.234120784061469E-4	65.34544865732633	0.8899859250815355
115	9.931555889934884E-4	1.6141979247779475E-4	8.858072924624594E-4	7.812461064567416E-5	9.748370052378164E-4	1.0608105424323924E-4	26.833204106822095	0.6542158299522728
116	9.82071762351211E-4	1.6251977071996072E-4	9.226558483312886E-4	6.593527256066054E-5	9.973469383695033E-4	1.056325150366809E-4	65.39145170537239	0.7879923908476006
117	9.98860359558762E-4	1.6610420690673112E-4	8.858640385085437E-4	7.802243207253402E-5	9.301429772214931E-4	9.944405100515174E-5	26.841561526492143	0.6929622270954084
118	9.831440966578953E-4	1.7837203575525555E-4	9.327707036419497E-4	6.613206081149154E-5	9.978237287953107E-4	1.2304201467270025E-4	65.35211734426645	0.7855265878006175
119	9.982563209831596E-4	1.7845294224588606E-4	8.858663419601953E-4	7.818255855098563E-5	9.974608354639258E-4	1.0190094240144145E-4	26.834014934977723	0.6624676412776198
120	9.910734554736678E-4	1.4380176138388458E-4	9.166571531267209E-4	6.5767741284258E-5	9.974042880429579E-4	1.0559660156973886E-4	65.38668803501724	0.7875354003089864
121	9.939731948875874E-4	1.6014387648774278E-4	8.858820499817455E-4	7.827887460417481E-5	9.606631227399021E-4	9.731574346466827E-5	26.845781847384195	0.6597609219506607
122	9.904126402773272E-4	1.823719527831725E-4	9.157482929964544E-4	6.599511649267887E-5	9.762941191375774E-4	1.271995521473387E-4	65.32523854626179	0.7897173512164609
123	9.958084515560017E-4	1.7503852993096386E-4	8.8586699030202E-4	7.856466239740779E-5	9.918481278106128E-4	1.017612899264441E-4	26.84046147602636	0.6273371600920984
124	9.911253991390367E-4	1.6891045864897837E-4	9.228641840230978E-4	6.574013469187363E-5	9.65227639532884E-4	1.2105354559884465E-4	65.34774307501006	0.8751745812700419
125	9.99315042118809E-4	1.6615408682230288E-4	8.8597968775872E-4	7.824133238474958E-5	9.85065018639375E-4	8.751758869552544E-5	26.84049428442745	0.6426307619952968
126	9.837872232694167E-4	1.7927480244242448E-4	9.11565188935981E-4	6.553443048431826E-5	9.946080386207257E-4	1.1904325988330542E-4	65.33105635427081	0.8826883858146565
127	9.82897428535523E-4	1.722562587876829E-4	8.860379910728966E-4	7.815266531648508E-5	9.244731148996266E-4	9.724964013328455E-5	26.840694645657607	0.6693143504989898
128	9.9693029084591E-4	1.6105924685663013E-4	9.137189663768197E-4	6.563580004990751E-5	9.972643838658257E-4	1.1048314181478879E-4	65.32162711341222	0.7807975272515103
129	9.911683745968958E-4	1.5987684004046578E-4	8.860312189185038E-4	7.811648238768829E-5	9.38215853313551E-4	9.729148814417095E-5	26.85171261908594	0.6533020754703037
130	9.755026622926266E-4	1.4666298148426502E-4	9.28105578552163E-4	6.616750017160244E-5	9.841870521078988E-4	1.219660440520449E-4	65.27007387390353	0.7802989929034664
131	9.832119850017307E-4	1.5595447714100464E-4	8.859476066227501E-4	7.833690380775855E-5	9.987057104723362E-4	1.0333565201634807E-4	26.850031452924192	0.6808999869245511
132	9.880981765775232E-4	1.6877450885181453E-4	9.225452881906904E-4	6.627114048853123E-5	9.833656225097798E-4	1.2338613539539383E-4	65.29273845646611	0.7893773312562464
133	9.930154980111183E-4	1.7314954025980672E-4	8.85977836588836E-4	7.832305625874761E-5	9.723544857394018E-4	1.0442578592018137E-4	26.842559512274953	0.6097832610412838
134	9.88937861606587E-4	1.5442442565526376E-4	9.180586207264696E-4	6.596597688269618E-5	9.942470057353603E-4	1.189826977403612E-4	65.32943856456855	0.7860992101038586
135	9.993799657976865E-4	1.5274240275797436E-4	8.860373553289946E-4	7.810275500697466E-5	9.31902430703957E-4	9.811653174293116E-5	26.84091484376753	0.6407640918731435
136	9.98044524319397E-4	1.5543442655417051E-4	9.25244879955045E-4	6.596537840573517E-5	9.985926759483732E-4	1.2484607049270842E-4	65.3252028220809	0.7846960445475718
137	9.997543853046409E-4	1.611278388381956E-4	8.860758227626775E-4	7.800932038002564E-5	9.934791013535005E-4	1.0526299124552702E-4	26.840197555491407	0.6475848350433209
138	9.937595922089315E-4	1.5737773603764478E-4	9.323431566770068E-4	6.604254435291595E-5	9.943843908217787E-4	1.2037275911380956E-4	65.31921077155283	0.795905825537648
139	9.94184127598885E-4	1.7328713550414574E-4	9.982939342165764E-4	8.395499273972208E-5	9.22443810662088E-4	9.705178876111614E-5	26.840053265984693	0.6208130119304016
140	9.99323270143293E-4	1.518179796196885E-4	9.35957693002365E-4	6.595432611155337E-5	9.989722635168619E-4	1.2758353576817062E-4	65.314083983362	0.7895917281497897
141	9.946047520656975E-4	1.3994342783406092E-4	9.976616718709863E-4	8.393520929564946E-5	9.989677724320245E-4	1.0342452850333585E-4	26.840091215266582	0.6544252509030656
142	9.851990716320813E-4	1.7268416883005472E-4	9.432229494308331E-4	6.617767905343149E-5	9.932154246570235E-4	1.2647508992619163E-4	65.31386033487478	0.7888892930618494
143	9.973177564503999E-4	1.727766236586181E-4	9.96736876199833E-4	8.390801090220405E-5	9.221315967025134E-4	9.70555072242777E-5	26.840009583306312	0.6511615322445976
144	9.745658468531815E-4	1.436121015947276E-4	9.443451818107462E-4	6.615253383525351E-5	9.9917920032766E-4	1.2761156830976803E-4	65.31158935291771	0.7975922921997076
145	9.999003521272698E-4	1.587377640868527E-4	9.944391631719895E-4	8.383910334937308E-5	9.272444923489331E-4	9.5967347542272E-5	26.840061971766296	0.6576530664039508
146	9.9736548192908E-4	1.443770952726184E-4	9.458263096888686E-4	6.610980798450152E-5	9.596046191582275E-4	1.1974200479373096E-4	65.30834689652343	0.7852467126385104
147	9.96216650811732E-4	1.5735600162789768E-4	9.976132608642274E-4	8.393302228142543E-5	9.005596612858824E-4	9.52300273167696E-5	26.8474406276139	0.6473463668296154
148	9.965897942265656E-4	1.4314656976920458E-4	9.488120969365355E-4	6.64045183204168E-5	9.683031826597244E-4	1.2138863640663371E-4	65.27784649303356	0.784607216526847
149	9.856784332384905E-4	1.7115614946700396E-4	8.86054701147998E-4	7.805363587998215E-5	9.867484195105192E-4	1.0467054865044619E-4	26.84120518887625	0.6774229942510996
150	9.904179164621496E-4	1.8826909763937748E-4	9.396862558190833E-4	6.627879659127041E-5	9.798092565880268E-4	1.2692631966502296E-4	65.31678724184411	0.7762133055617902
151	9.924781214607492E-4	1.616414483622819E-4	8.860781914421523E-4	7.796722891633292E-5	9.027965350227873E-4	9.54827893037417E-5	26.848436582350665	0.6440773508626354
152	9.89078416083089E-4	1.6611161779014338E-4	9.403049543976749E-4	6.626351802127361E-5	9.753646126107185E-4	1.2218005373439175E-4	65.28324540915177	0.7808716818008817
153	9.97822705045337E-4	1.677407834379431E-4	8.860358764017917E-4	7.80663542715656E-5	9.931075425626545E-4	1.0624340892402602E-4	26.841383420342957	0.6454280621652935
154	9.997348361636682E-4	1.696841720299713E-4	9.325742762200662E-4	6.60843342838452E-5	9.763672232878662E-4	1.2083899197140591E-4	65.3189046094912	0.7860256567680894
155	9.912796441895466E-4	1.6409143738763655E-4	8.860522342502009E-4	7.802874322983224E-5	9.09857726185237E-4	9.619331659980108E-5	26.848310546763066	0.6450779304618085
156	9.994382055893425E-4	1.6096450396497003E-4	9.406283351154343E-4	6.63829057177402E-5	9.967150155674176E-4	1.2275998739629372E-4	65.28913016476167	0.7863738382359143
157	9.940533113663719E-4	1.7547629073496425E-4	8.860439978271017E-4	7.807805400511121E-5	9.899937153576843E-4	1.0602124087529437E-4	26.841396717201064	0.6225338585812566
158	9.820833879388147E-4	1.7059184651165458E-4	9.330228334505364E-4	6.61046080051678E-5	9.94803534652533E-4	1.2140243685792347E-4	65.32137261701087	0.794831667105659
159	9.937304393652369E-4	1.727219043698456E-4	8.860698847676929E-4	7.800356101578983E-5	9.14449209005852E-4	9.666013542599282E-5	26.84840779343731	0.664591157219207
160	9.893975353065798E-4	1.5613989660653678E-4	9.35866781968997E-4	6.616231390479125E-5	9.743111723601316E-4	1.2186797417302772E-4	65.2850814672384	0.7872502301749997
161	9.97844562405703E-4	1.684039766472458E-4	8.860347652728251E-4	7.811549056338658E-5	9.88187476750113E-4	1.0588954505163238E-4	26.841390924190957	0.6456450915023466
162	9.964154323043317E-4	1.4992881008315148E-4	9.319128065783389E-4	6.615419287016983E-5	9.968458477445097E-4	1.2490641599233188E-4	65.32035366908764	0.7948095490247955
163	9.865680253184905E-4	1.6873494951812832E-4	8.860642312242817E-4	7.804187711269792E-5	9.162406200822204E-4	9.684041061981131E-5	26.848466832759915	0.6542946721483488
164	9.760572223740382E-4	1.4962751512725508E-4	9.352309546528659E-4	6.620976924640403E-5	9.480146594817995E-4	1.2517169982134702E-4	65.28815104117612	0.7941539375529147
165	9.923805134270935E-4	1.605695673146019E-4	8.860146163200966E-4	7.818705170156451E-5	9.937927314211947E-4	1.0529476801793383E-4	26.84947179730662	0.6421501031933672
166	9.968676612714944E-4	1.3957385409326152E-4	9.34581404266055E-4	6.6384016428329E-5	9.822351049137978E-4	1.2544091141891228E-4	65.28847290680773	0.7892636580016029
167	9.95308290637098E-4	1.460098727895599E-4	8.860011026783354E-4	7.81943038249736E-5	9.990981855949599E-4	1.0309849366632071E-4	26.841992421232536	0.6551100745627451
168	9.96248198795513E-4	1.7188093728509775E-4	9.278636848293331E-4	6.614967035557334E-5	9.988987484721434E-4	1.2943640647933744E-4	65.32567311708402	0.7873244457734001
169	9.85349056534801E-4	1.6183601015203752E-4	8.860572831892455E-4	7.804393139027201E-5	9.91763232811138E-4	1.0511496501451766E-4	26.840652250024533	0.6451880722137762
170	9.927251431740558E-4	1.597402669195545E-4	9.340021523058795E-4	6.610954779752303E-5	9.876730853655147E-4	1.1967107478365126E-4	65.32308982890328	0.7965474223750593
171	9.854371514634863E-4	1.6440668202934218E-4	8.860762935434252E-4	7.79926829798812E-5	9.102301530639068E-4	9.626822465275566E-5	26.848184520318412	0.6439460623304607
172	9.88293013755026E-4	1.4444354344259294E-4	9.370750717323517E-4	6.624110934706301E-5	9.575209187744349E-4	1.2634989113859534E-4	65.2865418115953	0.7832825474086919
173	9.961253672727821E-4	1.8198376221909414E-4	8.860462133455371E-4	7.816870618399255E-5	9.929937182562298E-4	1.06302096527593E-4	26.842084451067063	0.559585060278034
174	9.97580052242597E-4	1.3539039545907916E-4	9.277772733753409E-4	6.605124575807479E-5	9.739518013489601E-4	1.251816652212967E-4	65.313169486274	0.7966009519229358
175	9.967719573324985E-4	1.6292014632188716E-4	8.860434014152929E-4	7.805261610023778E-5	9.118970754293798E-4	9.640034108492586E-5	26.848252258235792	0.6450739780741659
176	9.646227258031104E-4	1.470871274068474E-4	9.36104989790465E-4	6.629676826188257E-5	9.859963830578522E-4	1.2274449673119588E-4	65.28650394956256	0.7744318967685837
177	9.936763633504597E-4	1.5639736043501044E-4	8.860031608044494E-4	7.81852415073702E-5	9.837370407979051E-4	1.0116436510217615E-4	26.84926775384472	0.6788467022268809
178	9.774093508596593E-4	1.5449660435127248E-4	9.309672286406112E-4	6.629471511553776E-5	9.803232919942673E-4	1.2186478389001636E-4	65.29028810680796	0.7981236210187754
179	9.92322176202265E-4	1.7423874060725457E-4	8.860032159034859E-4	7.81807584301521E-5	9.984817965431603E-4	1.0292883651900366E-4	26.842425265034848	0.6334253660535593
180	9.93303658205491E-4	1.7571160574700065E-4	9.260408031650513E-4	6.603879587903644E-5	9.660553795818316E-4	1.2326206864172424E-4	65.32474839693626	0.7852311387967359
181	9.85770301156208E-4	1.5890582115094134E-4	8.860640902526029E-4	7.810645168651626E-5	9.905741847830996E-4	9.923854533896066E-5	26.848151062041886	0.6080468037357506
182	9.959334043720958E-4	1.5923136317286818E-4	9.291890299181205E-4	6.611929560208427E-5	9.76965886600567E-4	1.252083204637229E-4	65.28881893467013	0.7914594625159331
183	9.970703333550546E-4	1.607703734870766E-4	8.860323728363539E-4	7.811707951391554E-5	9.939022899487782E-4	1.021331884297039E-4	26.84139761635673	0.6736906058209212
184	9.87499659473201E-4	1.474965183785721E-4	9.279506976760388E-4	6.602143233840135E-5	9.785346604473943E-4	1.2003080597694504E-4	65.32076765609844	0.7888907962390775
185	9.858509009958993E-4	1.5120110626239434E-4	8.860693138359466E-4	7.80609717041054E-5	9.908542755248106E-4	1.0063125396516288E-4	26.848208633480894	0.6332728708054908
186	9.947186849572631E-4	1.638920860647072E-4	9.331817872180181E-4	6.619025385243883E-5	9.832179230713223E-4	1.2475276126692347E-4	65.28966918583953	0.7901829082077649
187	9.88954060645142E-4	1.5137321348803918E-4	8.860319286263518E-4	7.814141814741696E-5	9.935952138917514E-4	1.0207562136686169E-4	26.841901660196882	0.6561681894809508
188	9.99017952075576E-4	1.5485861997435353E-4	9.27721224215361E-4	6.604468054709283E-5	9.83286921815818E-4	1.2117743618538773E-4	65.32050837308623	0.7901142205722317
189	9.642923135757542E-4	1.6248003608448447E-4	9.997161243902042E-4	8.399821946596544E-5	9.905641594549763E-4	1.0503088700324841E-4	26.84063979490896	0.6336183488934239
190	9.971830646762214E-4	1.6832016508320285E-4	9.285418685323066E-4	6.576182962323245E-5	9.998038650067542E-4	1.2449652080386326E-4	65.31612112400936	0.7899412786075704
191	9.999513603133892E-4	1.4508875136538436E-4	8.86117541977427E-4	7.794726952068824E-5	9.225589062573647E-4	9.705589106262334E-5	26.84005493864273	0.6404392328903599
192	9.951426876995129E-4	1.87856525692086E-4	9.345677409271502E-4	6.599285354196317E-5	9.68758681942461E-4	1.2135317684239616E-4	65.31447546596664	0.7969809757936637
193	9.888036892036212E-4	1.4893904574805937E-4	9.977466838826388E-4	8.393851199180419E-5	9.93166635879561E-4	1.052093503080574E-4	26.840190642733972	0.6399654137946115
194	9.9961100942636E-4	1.6177192464335148E-4	9.434464769242368E-4	6.61660075125385E-5	9.997069489173782E-4	1.2318540052473894E-4	65.31286962087856	0.7879717235051626
195	9.986231772245446E-4	1.759661105709069E-4	9.974952511981883E-4	8.393084324394074E-5	9.208374069658021E-4	9.685321008062869E-5	26.840076498310815	0.6480522356739633
196	9.984568307572772E-4	1.4309486773901727E-4	9.422494550506144E-4	6.61271125412627E-5	9.725894027639015E-4	1.2184899068873049E-4	65.31033617930201	0.7897708577011011
197	9.94382616838152E-4	1.883255129795605E-4	9.96378915452567E-4	8.389824182685067E-5	9.973647160421706E-4	1.0334171824488292E-4	26.840096633005754	0.6255922808624378
198	9.955262359753192E-4	1.8150684967221627E-4	9.406726959753087E-4	6.602738959850695E-5	9.997341258305426E-4	1.2740791700195658E-4	65.30877061006603	0.7872429168128371
199	9.972468503463006E-4	1.6408873914496006E-4	9.903906520349892E-4	8.371786714442359E-5	9.165521705831736E-4	9.670865404029058E-5	26.839627672005115	0.6508489241967168
200	9.898381876141116E-4	1.4566144724497036E-4	9.440659165704801E-4	6.591205700906258E-5	9.748904596200703E-4	1.2212222649458595E-4	65.3084841364555	0.7885015118489803
