iteration 	 master_gap 	subnet_0_gap 	subnet_1_gap 	full_gap
0	0.0023444798028725566	7.867436010129403E-4	0.011188627124008033	0.137686898395596
1	5.570729155793819E-4	3.0205703493990654E-9	0.0016487375887531686	0.04735499857314174
2	6.848622425792428E-5	1.6505880965356212E-6	1.4637133957640103E-4	0.08252443325746817
3	7.221526621026264E-6	0.0	1.5040073879502014E-4	0.050938746179473804
4	3.606673703249186E-6	1.511974555223894E-6	1.3097244446091949E-5	0.12327296592001413
5	2.9150751852391465E-6	0.0	3.203982409161199E-6	0.06439045191351989
6	4.5839159819038855E-6	1.4571511266492365E-6	3.806032612962973E-6	0.16158209755213693
7	3.2048495250958098E-6	1.0193817567838437E-8	2.1079199856721687E-6	0.07533589605467594
8	4.07042386396661E-6	1.5020502374119005E-6	2.9614166923153107E-6	0.18306453631341235
9	3.6428706909896746E-6	1.9672673812198838E-7	2.3384202980647473E-6	0.08089862575516982
10	4.010758606676212E-6	1.1809006806862143E-6	3.2861865185696004E-6	0.19397358896017936
11	3.5530326110144728E-6	2.5953037074977203E-7	2.437364556961974E-6	0.08302070608454704
12	4.909898895122389E-6	1.2972557604795654E-6	3.0845910148347144E-6	0.19722411539494422
13	3.3911778447581753E-6	3.4623384359555587E-7	2.434938581652446E-6	0.08615412050797167
14	3.620835806850131E-6	1.3366264576264442E-6	2.4823201668633388E-6	0.208813670308441
15	3.0237270693955765E-6	3.896785282231363E-7	2.352372618807941E-6	0.08795189947258486
16	3.919405289987132E-6	1.4934787755382928E-6	2.8091547036313003E-6	0.21263313646684123
17	2.971380669625212E-6	5.770442920161045E-7	2.26815704573724E-6	0.09161124044326974
18	3.859503905245809E-6	1.5250240561481831E-6	1.9929872138169102E-6	0.21892853014758196
19	2.6910319492756685E-6	6.14412118737917E-7	2.2219277754365052E-6	0.09276992275962959
20	3.7542791142541887E-6	1.3664241299560231E-6	3.985442478149359E-6	0.22177615029874898
21	3.090821809381694E-6	6.411273416606633E-7	2.5483920471636168E-6	0.09336598698307408
22	5.35595428186042E-6	1.3225695526530856E-6	3.466384797534694E-6	0.22369018537226704
23	3.770289500937274E-6	6.355080878206465E-7	1.8972438915465517E-6	0.09374832679917033
24	3.6647182544147228E-6	1.5142235313403418E-6	3.190063898594886E-6	0.22502435932895015
25	3.1904079421662956E-6	6.330589568115386E-7	2.1442343089983495E-6	0.09393319117742849
26	3.940997640339283E-6	1.4263160137417685E-6	2.9864043368243998E-6	0.22555102287332096
27	2.502289858319351E-6	6.525903296639157E-7	2.4806309166791607E-6	0.0939153777277284
28	4.313596338900716E-6	1.4449286583895216E-6	3.365437340363542E-6	0.22545627053069695
29	2.9144384017243397E-6	6.591039677372734E-7	1.8138295230230028E-6	0.09393656542213258
30	4.548016410255151E-6	1.2929553060425647E-6	3.4789639042909215E-6	0.22543704777098172
31	3.3724443262439507E-6	6.519852934205872E-7	2.0719818282222136E-6	0.09392432015601337
32	4.139035517991552E-6	1.366145924164286E-6	3.3808604114060614E-6	0.22358906586135252
33	2.991271611296753E-6	6.92729667406411E-7	1.987636701561435E-6	0.09425068934212288
34	3.8696367986590374E-6	1.4143536318789174E-6	3.4744331872671452E-6	0.22269262767663922
35	3.995085020469524E-6	6.386377209288696E-7	2.2189647839176985E-6	0.09446127399637994
36	3.94654112390036E-6	1.4353655305443525E-6	3.4917337907725E-6	0.22257205751217812
37	3.362436070575292E-6	6.462705942622549E-7	1.80607601663052E-6	0.0944993298313831
38	4.051382591852004E-6	1.457806864668676E-6	3.1026858963167925E-6	0.222572960930852
39	3.8065045560031763E-6	6.541305508367401E-7	1.8087044297843136E-6	0.09453915596230222
40	4.439812724355008E-6	1.3128888510793857E-6	2.174492856776844E-6	0.2225956467192992
41	3.2169573794815776E-6	6.397885565778694E-7	2.2831104136145086E-6	0.09455964197581357
42	4.155742672762308E-6	1.3939652725447615E-6	2.4143914327812155E-6	0.22287806001884047
43	3.419368757251462E-6	7.041642092753264E-7	2.2699868271747192E-6	0.09452443422823686
44	3.905422604977282E-6	1.3387307332690668E-6	2.3188994835443566E-6	0.2227580860104421
45	3.2506635226914327E-6	6.377908207122474E-7	2.177768964939375E-6	0.09451299494564425
46	4.046870037410777E-6	1.4400111458812148E-6	2.331697840807223E-6	0.22251084501065654
47	3.1509947964192264E-6	7.093469096552951E-7	2.047485344380817E-6	0.09448479086272521
48	3.279951351631283E-6	1.4103972221235495E-6	1.6616538708325024E-6	0.22228174187195004
49	3.0604065179851148E-6	7.103307749778409E-7	2.2455174089053287E-6	0.09444112038581243
50	4.4019608630430085E-6	1.4088786435273448E-6	2.1815066394426097E-6	0.22211051659619185
51	3.3244711821200923E-6	6.414756191785997E-7	1.962762554708064E-6	0.09445526737517407
52	4.21897969615781E-6	1.4100299767783042E-6	1.6392083782568179E-6	0.22213370118864328
53	3.1052411197940444E-6	7.130357139173427E-7	2.3519024336948746E-6	0.09443420018281035
54	3.962382422173505E-6	1.4174999075633465E-6	2.226990715836763E-6	0.22205991102559974
55	2.8883900640153115E-6	6.435081996158942E-7	1.962031601521197E-6	0.09445110711210836
56	4.898033513667244E-6	1.4067000579931488E-6	1.7472039981480947E-6	0.22209668650310688
57	2.9252576795313345E-6	6.413966281426653E-7	2.307170634319178E-6	0.09443237512502578
58	3.2658753280623287E-6	1.4163240202869076E-6	2.1294772277746787E-6	0.22203920139503763
59	2.925421548449769E-6	6.431802813677834E-7	1.977815590636922E-6	0.09445076850870715
60	3.998841333618941E-6	1.4081737509386016E-6	1.7375933948349243E-6	0.2220919110699443
61	3.140534518775162E-6	6.425771015283743E-7	2.3107145298295606E-6	0.09443260511753493
62	4.913813056006688E-6	1.4127964064192255E-6	2.127557740982944E-6	0.22203479835502038
63	2.8126663580430034E-6	6.442918185634028E-7	1.9763720533472195E-6	0.09445001141166687
64	3.5964624940376666E-6	1.4084130470770617E-6	1.7369826426083534E-6	0.22208401562707758
65	3.0728187521145145E-6	6.424446399311279E-7	2.416748024480775E-6	0.09443101043915403
66	4.751896383159426E-6	1.41807902009905E-6	2.3073414348040444E-6	0.22203473192949863
67	3.576201787036659E-6	6.43563321856E-7	2.0318195037560827E-6	0.09445228448477616
68	4.857459875995396E-6	1.4130206169582493E-6	1.6516196252869264E-6	0.22209198794988383
69	2.8600977329817923E-6	6.423508471797845E-7	2.421737745117447E-6	0.09443113754632182
70	4.476576783596364E-6	1.4164503437941178E-6	2.3060925328222126E-6	0.22203427552924748
71	2.7501319193046214E-6	6.439657683765532E-7	1.9764828309565274E-6	0.09444919228886517
72	5.467292722549644E-6	1.4119714198956856E-6	1.7360526431975387E-6	0.22209299182510145
73	2.868986037074528E-6	6.425910777929644E-7	2.3110224450784145E-6	0.09443047654759407
74	3.992716760770065E-6	1.4148124706236942E-6	2.1304295574342547E-6	0.22202777543107866
75	2.806992002613029E-6	6.445088320816694E-7	2.0330458392336936E-6	0.09445137109549095
76	4.663272754168446E-6	1.409831161591768E-6	1.6490183121220525E-6	0.22209179283028457
77	3.1951331460611243E-6	6.42531770789212E-7	2.4215675822336635E-6	0.09443221886967001
78	4.844224239297645E-6	1.4131398869965395E-6	2.1307151333305185E-6	0.2220436758830493
79	2.977689206762335E-6	6.446923682679184E-7	2.033056123340593E-6	0.09445272468139065
80	4.774279874886211E-6	1.4084336867892233E-6	1.7322052403567767E-6	0.22209355468532677
81	3.159276467656902E-6	6.420587606026373E-7	2.322055330461481E-6	0.09443170010802993
82	4.732761853643019E-6	1.4177753475674848E-6	2.303261508296295E-6	0.222043542429043
83	3.2879870983659742E-6	6.433828382279572E-7	1.9706322785806307E-6	0.09444956194673582
84	5.371161060252483E-6	1.4087662950634794E-6	1.6369588702325188E-6	0.22209189488472936
85	3.137890153714906E-6	6.420498898096483E-7	2.355057045044795E-6	0.09443028910591267
86	4.469386537642173E-6	1.4163716087756129E-6	2.304127459717975E-6	0.22203555948807085
87	3.1307586489948136E-6	6.436523187769438E-7	1.9697196634860248E-6	0.09445145779362163
88	3.971532491320318E-6	1.4100619960544236E-6	1.6452187637794324E-6	0.2220922682667652
89	3.196714254638522E-6	6.413929161119825E-7	2.353905028895653E-6	0.09443218667798747
90	4.0385603348180865E-6	1.416847872026672E-6	2.3023663865417987E-6	0.2220453345024811
91	3.536428312189699E-6	6.429997904122686E-7	1.969404604840186E-6	0.09445166147915474
92	4.084315621599721E-6	1.4084671779990288E-6	1.5515205811222899E-6	0.2220944982043378
93	2.8938065683714598E-6	6.41982784266304E-7	2.3558006212454075E-6	0.0944336420372146
94	3.6466737607376842E-6	1.4138525639140198E-6	2.3042331684930417E-6	0.22204447626846668
95	2.892109852936642E-6	6.440561792775412E-7	1.9701302997887638E-6	0.09445340423917292
96	4.9983204856163255E-6	1.4080892012380275E-6	1.6632292610951893E-6	0.22209086404273515
97	3.279328147587357E-6	6.418827411813766E-7	2.3195068231673943E-6	0.09443324232155559
98	4.011588730090665E-6	1.4164935991933802E-6	2.301247538083473E-6	0.2220358483593039
99	3.045544517021881E-6	6.444401609018158E-7	1.970307749399325E-6	0.09445286370232531
100	3.2411631010198505E-6	1.4089145400353331E-6	1.678274507477262E-6	0.22209218164824263
101	3.244554954484613E-6	6.413606378208314E-7	2.3516592616568133E-6	0.09443422711513016
102	4.136243663133143E-6	1.4163130285238523E-6	2.2219545985358025E-6	0.22204483034829037
103	3.0365894222450507E-6	6.429499218585377E-7	1.9699037413500875E-6	0.09445098539158148
104	4.483311801140033E-6	1.410227740583636E-6	1.67792084604379E-6	0.22209715133358998
105	2.8647036286466587E-6	6.416870954595311E-7	2.352751842793488E-6	0.094432516197412
106	4.365063723366092E-6	1.4175522632386972E-6	2.319807097306281E-6	0.22204019470176584
107	2.806261959031886E-6	6.440984685607276E-7	1.9691281560874074E-6	0.09444972141535501
108	4.841901941166071E-6	1.4090827711310538E-6	1.6568794003468668E-6	0.22209032888698188
109	2.919405085566318E-6	6.415688557082078E-7	2.320246693998662E-6	0.09443026534002841
110	4.325679336392163E-6	1.4123396344656314E-6	2.1221811082883235E-6	0.22203169954882918
111	2.9302707825751284E-6	6.448242289014416E-7	1.9690612782508055E-6	0.09445024833492188
112	4.799858318360606E-6	1.407908537087721E-6	1.6042910767621876E-6	0.22208929191096116
113	3.0263548661535467E-6	6.414966825518675E-7	2.318154692315666E-6	0.09443235782673942
114	4.049056968935538E-6	1.4161587476024806E-6	2.3189065994078106E-6	0.22203377679378689
115	3.1534373262642745E-6	6.426466966358291E-7	1.9691880353001068E-6	0.09445317686795307
116	4.333786139398832E-6	1.4146941764714427E-6	1.6559164496277035E-6	0.222096648521803
117	3.2199380303188363E-6	6.412227894214695E-7	2.3134819286951824E-6	0.0944328708159623
118	5.248839963889473E-6	1.4203890754682647E-6	2.2994125765674056E-6	0.222035338802119
119	3.1662388227937655E-6	6.436995048098026E-7	1.960042630755332E-6	0.09443861639842643
120	4.466435186256668E-6	1.4104674089798763E-6	1.6529169806211996E-6	0.22201620819404455
121	2.9599929152190896E-6	6.448196542274687E-7	2.3750958667578814E-6	0.09440704851029558
122	5.229513853399759E-6	1.4147028092326153E-6	2.340506307985102E-6	0.2218887932530319
123	3.1889107149352114E-6	6.487077988115431E-7	1.9426783910425627E-6	0.09441308822080596
124	4.808515292276105E-6	1.405993570680053E-6	2.2355946306396035E-6	0.22187005668854587
125	3.2081992175081453E-6	6.451906265914076E-7	1.8174675198157075E-6	0.09440217421791885
126	4.509964194876481E-6	1.40375026969064E-6	2.2370072768618243E-6	0.22180009192731942
127	3.1443446022461075E-6	6.438660646868044E-7	2.010135004559821E-6	0.09438781712860778
128	4.722608423435304E-6	1.4076120603556674E-6	1.7859203990111538E-6	0.2217515784212999
129	2.980874676428158E-6	6.427913682438557E-7	2.2805663010272426E-6	0.09436530194768622
130	4.03195142339996E-6	1.4204309274346016E-6	2.2046714087675667E-6	0.2216766022986889
131	2.7955788268752E-6	6.453045851007033E-7	1.975762861983199E-6	0.09437872477853404
132	4.917918283831035E-6	1.4212917279765591E-6	2.195882649047576E-6	0.22171838416225975
133	3.256096337889147E-6	6.453938174999507E-7	2.4038225062694707E-6	0.0943930747814461
134	4.276179797479962E-6	1.4146331038800142E-6	2.235079485601865E-6	0.22176456259388566
135	2.873762395827484E-6	6.426778920154419E-7	2.020568340199702E-6	0.09438862400868608
136	4.432616730221106E-6	1.4159873618080354E-6	2.2509217372235213E-6	0.22173864792865028
137	3.1427222776381214E-6	6.414169200219533E-7	2.401266426810267E-6	0.09438107994687439
138	4.752617982717311E-6	1.4187986546732034E-6	2.23826217504719E-6	0.22171083041249373
139	3.2018025239999304E-6	7.133525631308757E-7	2.0059690895024573E-6	0.09437659833900769
140	4.335652794673628E-6	1.417821312910128E-6	2.4053276170832305E-6	0.22170040537810554
141	2.6829244921255935E-6	7.127893388858553E-7	2.2888508003360286E-6	0.0943755407009309
142	4.785464237544446E-6	1.4233955499820539E-6	2.3080735828129306E-6	0.221694833461895
143	3.113428029499765E-6	7.125055440093675E-7	2.0069680787271338E-6	0.09437401289199299
144	4.4045132858716585E-6	1.4231433556055606E-6	2.40595876055405E-6	0.22168366962508368
145	2.9293571047750433E-6	7.117547643487043E-7	2.1208381053572367E-6	0.09437382674409744
146	3.8050819701762606E-6	1.422620969804278E-6	2.1880733493961912E-6	0.22168197583110028
147	3.0845916048072297E-6	7.125770103977302E-7	1.9970877889186056E-6	0.0943628118581713
148	4.410476970084787E-6	1.4287896790143861E-6	2.241527049418046E-6	0.22165011761529274
149	3.2466854767987385E-6	6.415655599001369E-7	2.391635766096911E-6	0.09437961854528099
150	4.388548022093985E-6	1.4246361048630973E-6	2.2621552380197585E-6	0.2217100506541686
151	3.068192455879526E-6	6.407075066050538E-7	2.0019904967139013E-6	0.09436883870825918
152	3.7705888132899545E-6	1.4245235614440688E-6	2.2552519289842365E-6	0.22167052606399607
153	2.9582940749284248E-6	6.420762207470787E-7	2.423116390537494E-6	0.09438498325704714
154	4.6561007027712265E-6	1.419620409448541E-6	2.2199094795727348E-6	0.2217274459014721
155	3.2409340602335135E-6	6.413038178276764E-7	2.0143584072984666E-6	0.09437083271923452
156	5.026319215395425E-6	1.426823106998043E-6	2.179846911087857E-6	0.22167904712174058
157	3.224185708639027E-6	6.421945439871735E-7	2.4222214198843517E-6	0.09438487983765109
158	4.81693280829365E-6	1.4200886290227643E-6	2.233272911489337E-6	0.22172828497336583
159	3.1822115059698675E-6	6.413154591822234E-7	2.021072928348744E-6	0.09437109006460176
160	4.385663892048086E-6	1.421775867926911E-6	2.213834727982089E-6	0.22167794906424165
161	3.304981218921199E-6	6.425851810654137E-7	2.4216254216335997E-6	0.09438387560014927
162	4.79493475202819E-6	1.420816849617701E-6	2.254539659074517E-6	0.22172431437365803
163	3.146515361152069E-6	6.417212423670549E-7	2.023453109178952E-6	0.0943702880873627
164	4.855716885798778E-6	1.4225427963365789E-6	2.2566983023386555E-6	0.22168042677231514
165	3.0407322859637986E-6	6.432230682529294E-7	2.4234976065962144E-6	0.09437257943144017
166	3.841237869894876E-6	1.4257046184740219E-6	2.225633470853694E-6	0.22169023772762197
167	2.7118009490179062E-6	6.43553389911844E-7	1.9693316142266326E-6	0.09438903714993596
168	4.6842794759749395E-6	1.4199540840920122E-6	2.3543831653149994E-6	0.2217428952982765
169	3.246614984964147E-6	6.417290957516641E-7	2.3991451479909998E-6	0.094384379285122
170	4.830683159373628E-6	1.4203639191467943E-6	2.2138576040164892E-6	0.22172085600649694
171	3.1451466786514004E-6	6.411172329690018E-7	2.015612535655187E-6	0.09436758524097466
172	4.284791176423219E-6	1.4234876773988603E-6	2.2967416725139245E-6	0.22167216484596908
173	3.3124204222856335E-6	6.433729778931863E-7	2.427212497546627E-6	0.09438054271759
174	3.909970599180745E-6	1.4181111432920446E-6	2.3181395538696137E-6	0.22171381708070304
175	3.294049741087157E-6	6.417451233753368E-7	2.0161990611500258E-6	0.09437097745477474
176	3.455163643306669E-6	1.4243509026679035E-6	2.1768160017865412E-6	0.22167996707924031
177	2.6746999303162156E-6	6.434317045833637E-7	2.478661980553909E-6	0.09437522380483498
178	4.5657386852360204E-6	1.4233318136325224E-6	2.2479702621591713E-6	0.2216995307188213
179	3.2737241801861217E-6	6.436079822425E-7	1.966504239891975E-6	0.094390909274508
180	3.896937088909702E-6	1.417525802072106E-6	2.169414180075435E-6	0.22174493846497734
181	3.093009725563256E-6	6.427220283766744E-7	2.217560775896743E-6	0.09437404790790627
182	4.164896790781469E-6	1.4197084360345613E-6	2.24623571687399E-6	0.22168448612928726
183	2.685693948678569E-6	6.428422799631406E-7	1.947610082653206E-6	0.09438377833411382
184	4.737836897805714E-6	1.417569243433725E-6	2.133060800990627E-6	0.22172738764658573
185	2.684793570573163E-6	6.420518823269106E-7	2.2495734696148517E-6	0.09437044291078556
186	4.7624235162135875E-6	1.4217910758729246E-6	2.2569331620259092E-6	0.22168274938810395
187	2.5619891493855462E-6	6.431021385422397E-7	1.9465935477969154E-6	0.09438501444674319
188	5.0624975885815715E-6	1.4179629669319738E-6	2.170611134832967E-6	0.22172658973652615
189	2.902757208156359E-6	7.142847763264015E-7	2.39870061469194E-6	0.09438062852740947
190	5.087730073016772E-6	1.4128047143291411E-6	2.2511679881320745E-6	0.22170550279083523
191	2.565863535530788E-6	6.406966488459176E-7	2.0054564192628632E-6	0.09437633674928292
192	5.099798303542791E-6	1.4182932629447365E-6	2.2363227941690766E-6	0.22169498069377147
193	2.7528215551519963E-6	7.128352843555064E-7	2.399216088244671E-6	0.09437426533973703
194	3.7241600191473268E-6	1.4232309260009401E-6	2.241410496761631E-6	0.22168530155627453
195	3.2680344072000267E-6	7.128348693541398E-7	2.002717765514639E-6	0.09437344601172948
196	4.7300497764135585E-6	1.4222735827962296E-6	2.245538156753213E-6	0.22168253599349164
197	3.4308421923423538E-6	7.125830480125828E-7	2.290041894781325E-6	0.0943729742269247
198	4.519353714371732E-6	1.4201037901173663E-6	2.3258098086342827E-6	0.22167938080411365
199	2.733755880002242E-6	7.106193862238541E-7	2.021401350305041E-6	0.09437362329328436
200	4.797113274612741E-6	1.4185679917400051E-6	2.250150701654796E-6	0.22167664783029573
