Origin 	 destination 	 od demand 	od travel time
1024	1001	100.0	28.164763972977877
1024	1004	200.0	28.4775615229415
1024	1006	100.0	40.79157311891147
1024	1007	100.0	26.53519942945426
1024	1008	200.0	32.31892075420776
1024	1009	200.0	40.76789522966077
1024	1010	800.0	39.00323852865445
1024	1011	600.0	26.693598843879748
1024	1012	500.0	20.132473624997477
1024	1013	700.0	17.109125456795983
1024	1014	400.0	13.099339466146912
1024	1015	400.0	25.655967147646997
1024	1016	300.0	27.64780049318373
1024	1017	300.0	37.414021858662664
1024	1019	100.0	30.08556062927257
1024	1020	400.0	20.16405207153744
1024	1021	500.0	12.266931971301325
1024	1022	1100.0	16.470841222780933
1024	1023	700.0	3.8767379043733086
1	2016	200.0	42.86169332819705
1	2	1000.0	20.11185174755328
1	1011	300.0	26.752314587807852
2001	2016	500.0	38.85970267219705
2001	2017	400.0	42.82015121679544
2001	2018	100.0	35.67792794509596
2001	2019	300.0	44.91044900638117
2001	2020	300.0	39.94475104712782
2001	2021	100.0	41.14665863753082
2001	2022	400.0	45.344415659766874
2001	2023	300.0	32.890989641986415
2001	2024	100.0	29.158900656523898
2001	2002	100.0	6.00093520629002
2001	2003	100.0	4.0154123372820045
2001	2004	500.0	8.318638280535936
2001	2005	200.0	10.664507377986718
2001	2006	300.0	12.634760110120308
2001	2007	500.0	33.61212545250704
2001	2008	800.0	27.96311126117095
2001	2009	500.0	20.708024067388358
2001	2010	1300.0	26.512134066055015
2001	2011	500.0	15.45193876071583
2001	2012	200.0	8.05941366860738
2001	2013	500.0	11.10737277155328
2001	2014	300.0	29.33322060425527
2001	2015	500.0	40.63000646111913
2002	2016	400.0	32.858767465907036
2002	2017	200.0	42.218826947784365
2002	2019	100.0	43.289710203990104
2002	2020	100.0	33.943815840837814
2002	2022	100.0	41.65694584114304
2002	2001	100.0	6.001034827748702
2002	2003	100.0	10.016447165030707
2002	2004	200.0	14.31967310828464
2002	2005	100.0	16.665542205735424
2002	2006	400.0	6.633824903830288
2002	2007	200.0	27.611190246217024
2002	2008	400.0	21.962176054880935
2002	2009	200.0	26.709058916872554
2002	2010	600.0	32.513168923307596
2002	2011	200.0	21.452973588464534
2002	2012	100.0	14.06044849635608
2002	2013	300.0	17.10840759930198
2002	2014	100.0	35.33425543200397
2002	2015	100.0	46.63104131837171
2003	2016	200.0	42.86810213602178
2003	2017	100.0	38.80473887951344
2003	2022	100.0	41.329003322484866
2003	2023	100.0	28.87557730470441
2003	2001	100.0	4.008399460995137
2003	2002	100.0	10.009334667285156
2003	2004	200.0	4.303225943253932
2003	2005	100.0	6.649095040704715
2003	2006	300.0	16.643159574741325
2003	2007	100.0	37.62052491712806
2003	2008	200.0	31.971510725791973
2003	2009	100.0	16.692611730106353
2003	2010	300.0	22.496721728773014
2003	2011	300.0	11.436526423433826
2003	2012	200.0	4.044001331325375
2003	2013	100.0	7.091960434271275
2003	2014	100.0	25.317808266973266
2003	2015	100.0	36.61459412383712
2004	2016	800.0	38.56487619356414
2004	2017	500.0	34.5015129362595
2004	2018	100.0	35.383101466463046
2004	2019	200.0	36.59181072584523
2004	2020	300.0	39.64992456849491
2004	2021	200.0	41.48904651769622
2004	2022	400.0	41.47696319150742
2004	2023	500.0	30.2002772466671
2004	2024	200.0	29.50128853668929
2004	2001	500.0	8.366199678442538
2004	2002	200.0	14.367134884732558
2004	2003	200.0	4.3578002174474
2004	2005	500.0	2.3458690974507825
2004	2006	400.0	12.339933631487392
2004	2007	400.0	33.317298973874124
2004	2008	700.0	27.668284782538034
2004	2009	700.0	12.38938578685242
2004	2010	1200.0	18.19349578551908
2004	2011	1400.0	7.133300480179895
2004	2012	600.0	8.401801548772774
2004	2013	600.0	11.449760651718673
2004	2014	500.0	21.01458232371933
2004	2015	500.0	32.31136818058319
2005	2016	500.0	36.21900709828098
2005	2017	200.0	32.15564383880872
2005	2019	100.0	34.24594162839445
2005	2020	100.0	37.30405547104414
2005	2021	100.0	43.34746891600737
2005	2022	200.0	39.13109409405664
2005	2023	100.0	32.594221290334815
2005	2001	200.0	10.76014372211025
2005	2002	100.0	16.761078942302575
2005	2003	100.0	6.751744261115111
2005	2004	500.0	2.3939440436677115
2005	2006	200.0	9.99406453403661
2005	2007	200.0	30.97142987642335
2005	2008	500.0	25.322415685087257
2005	2009	800.0	10.043516689401638
2005	2010	1000.0	15.8476266880683
2005	2011	500.0	9.527244523847607
2005	2012	200.0	10.795745592440488
2005	2013	200.0	13.843704695386386
2005	2014	100.0	23.408526367387047
2005	2015	200.0	29.965499083132407
2006	2016	900.0	26.22494256207675
2006	2017	500.0	35.58500204395408
2006	2018	100.0	23.043167834975655
2006	2019	200.0	36.65588530015982
2006	2020	300.0	27.30999093700752
2006	2021	100.0	35.598023670218765
2006	2022	200.0	35.02312093731275
2006	2023	100.0	42.62593862174381
2006	2024	100.0	41.92694990399052
2006	2001	300.0	12.768049239209809
2006	2002	400.0	6.7670144114611075
2006	2003	300.0	16.78346159252412
2006	2004	400.0	12.425661375076722
2006	2005	200.0	10.03171733140901
2006	2007	400.0	20.977365342386733
2006	2008	800.0	15.328351151050645
2006	2009	400.0	20.075234020810647
2006	2010	800.0	25.87934401947731
2006	2011	400.0	19.558961855256616
2006	2012	200.0	20.827462923849495
2006	2013	200.0	23.875422026795395
2006	2014	100.0	33.44024369879605
2006	2015	200.0	39.99721641454142
2007	2016	1400.0	5.247577214690882
2007	2017	1000.0	14.607636696568214
2007	2018	200.0	2.065802492588924
2007	2019	400.0	15.678519957773084
2007	2020	500.0	6.332625594620787
2007	2021	200.0	14.620658327832032
2007	2022	500.0	14.045755594926014
2007	2023	200.0	26.70711950343765
2007	2024	100.0	26.903673796193537
2007	2001	500.0	34.3641513099662
2007	2002	200.0	28.363116482217503
2007	2003	100.0	38.379563663280514
2007	2004	400.0	34.021763445833116
2007	2005	200.0	31.627819402165404
2007	2006	400.0	21.596102070756398
2007	2008	1000.0	5.698353242819788
2007	2009	600.0	20.795677500921002
2007	2010	1900.0	25.076805385215646
2007	2011	500.0	37.95465997043475
2007	2012	700.0	42.42356499460589
2007	2013	400.0	45.471524117057065
2007	2014	200.0	32.64262928316313
2007	2015	500.0	20.001365276388494
2008	2016	2200.0	10.896591411026101
2008	2017	1400.0	20.256650892903433
2008	2018	300.0	7.7148166839250125
2008	2019	700.0	21.32753414910917
2008	2020	900.0	11.981639785956876
2008	2021	400.0	20.26967251916812
2008	2022	500.0	19.694769786262103
2008	2023	300.0	32.35613369477373
2008	2024	200.0	32.55268798752963
2008	2001	800.0	28.66579806714642
2008	2002	400.0	22.664763239397715
2008	2003	200.0	32.68121042046073
2008	2004	700.0	28.323410203013324
2008	2005	500.0	25.929466159345615
2008	2006	800.0	15.897748827936606
2008	2007	1000.0	5.6490141913360885
2008	2009	800.0	15.097324258101212
2008	2010	1600.0	20.90143425676787
2008	2011	800.0	33.77928884198697
2008	2012	600.0	36.725211751786105
2008	2013	600.0	39.77317085473201
2008	2014	400.0	38.291643474499224
2008	2015	600.0	25.65037946772458
2009	2016	1400.0	26.175490417500825
2009	2017	900.0	22.112127149407083
2009	2018	200.0	22.99371568959037
2009	2019	400.0	24.202424938992813
2009	2020	600.0	27.26053879162224
2009	2021	300.0	33.30395222660573
2009	2022	700.0	29.087577404655004
2009	2023	500.0	41.74894132260896
2009	2024	200.0	42.72737449491554
2009	2001	500.0	21.592285636668784
2009	2002	200.0	27.593220846788995
2009	2003	100.0	17.583886175673648
2009	2004	700.0	13.22608595822625
2009	2005	800.0	10.832141914558537
2009	2006	400.0	20.826206448595148
2009	2007	600.0	20.92791319700145
2009	2008	800.0	15.278899005665359
2009	2010	2800.0	5.80410999866666
2009	2011	1400.0	18.681964583885758
2009	2012	600.0	21.627887506999024
2009	2013	600.0	24.675846609944923
2009	2014	600.0	32.56324640050541
2009	2015	900.0	19.921982393730772
2010	2016	4400.0	20.37138042705476
2010	2017	3900.0	16.308017150740422
2010	2018	700.0	23.548274218300165
2010	2019	1800.0	18.398314940326152
2010	2020	2500.0	27.81509733489367
2010	2021	1200.0	27.499842227939073
2010	2022	2600.0	23.283467405988343
2010	2023	1800.0	35.94483131990015
2010	2024	800.0	39.78285769630058
2010	2001	1300.0	27.802364352094028
2010	2002	600.0	33.80329957548149
2010	2003	300.0	23.793964891098888
2010	2004	1200.0	19.436164673651486
2010	2005	1000.0	17.042220629983774
2010	2006	800.0	27.036285164020384
2010	2007	1900.0	25.61500987513647
2010	2008	1600.0	21.488977721090595
2010	2009	2800.0	6.2100787154252375
2010	2011	4000.0	12.877854585219099
2010	1019	1500.0	47.050761531453645
2010	2012	2000.0	27.837966217413364
2010	2013	1900.0	30.88592531893378
2010	2014	2100.0	26.759136420777573
2010	2015	4000.0	14.117872395064111
2011	2016	1400.0	32.60831581216318
2011	2017	1000.0	28.54495253584884
2011	2018	100.0	35.78520960340858
2011	2019	400.0	30.63525032543457
2011	2020	600.0	40.05203273723594
2011	2021	400.0	38.89276114236648
2011	2022	1100.0	35.52040279918011
2011	2023	1300.0	23.06697676648721
2011	2024	600.0	26.905003161359556
2011	2001	500.0	15.589224233636674
2011	2002	200.0	21.590159439926694
2011	2003	300.0	11.580824772641536
2011	2004	1500.0	7.223024555194137
2011	2005	500.0	9.568893652644919
2011	2006	400.0	19.562958186681527
2011	2007	500.0	37.85194526024489
2011	2008	800.0	33.725913106199016
2011	2009	1400.0	18.447014100533654
2011	2010	3900.0	12.236935385108417
2011	2012	1400.0	14.960111630768782
2011	2013	1000.0	18.008070733714682
2011	2014	1600.0	13.881281843539439
2011	2015	1400.0	26.35480779314426
2012	2016	700.0	46.890181270266524
2012	2017	600.0	42.82681801164377
2012	2018	200.0	43.70840655036018
2012	2019	300.0	44.917115808852756
2012	2020	400.0	41.28270615965678
2012	2021	300.0	33.08724496892344
2012	2022	700.0	37.2850019911595
2012	2023	700.0	24.831575973379035
2012	2024	500.0	21.099486987916517
2012	2001	200.0	8.030478601638329
2012	2002	100.0	14.03141380792835
2012	2003	200.0	4.022079140643192
2012	2004	600.0	8.325305083897124
2012	2005	200.0	10.671174181347906
2012	2006	200.0	20.66523871538452
2012	2007	700.0	41.642604060000046
2012	2008	600.0	35.993589866435165
2012	2009	600.0	20.714690870749543
2012	2010	2000.0	26.518800842048716
2012	2011	1400.0	14.281865456940299
2012	2013	1300.0	3.0479591029459003
2012	2014	700.0	28.16314730047974
2012	2015	700.0	40.6366732644175
2013	2016	600.0	45.686873845715525
2013	2017	500.0	45.849706656893076
2013	2018	100.0	42.505099123613576
2013	2019	300.0	47.580641417109334
2013	2020	600.0	38.23474705671089
2013	2021	600.0	30.039285865977543
2013	2022	1300.0	34.2370429065675
2013	2023	800.0	21.783616870433136
2013	2024	800.0	18.051527884970618
2013	2001	500.0	11.053367265742265
2013	2002	300.0	17.054302472032283
2013	2003	100.0	7.044967804747128
2013	2004	600.0	11.34819374800106
2013	2005	200.0	13.694062845451842
2013	2006	200.0	23.68812737948845
2013	2007	400.0	44.57183478044988
2013	2008	600.0	39.01647854051884
2013	2009	600.0	23.73757953485348
2013	2010	1900.0	29.54168950615265
2013	2011	1000.0	17.304754121044233
2013	2012	1300.0	3.0228886641039363
2013	2014	600.0	30.826672926635027
2013	2015	700.0	43.30019887542674
2014	2016	700.0	33.62287767690013
2014	2017	700.0	24.220260432521073
2014	2018	100.0	30.441102987229968
2014	2019	300.0	16.75396850843661
2014	2020	500.0	26.17075092032729
2014	2021	400.0	25.01147929882704
2014	2022	1200.0	21.639120971851582
2014	2023	1100.0	9.185694922947768
2014	2024	400.0	13.023721317820115
2014	2001	300.0	29.438430095903897
2014	2002	100.0	35.43936530219392
2014	2003	100.0	25.43003063490876
2014	2004	500.0	21.072230417461363
2014	2005	100.0	23.418099514912146
2014	2006	100.0	33.41216404894875
2014	2007	200.0	32.507838644066275
2014	2008	400.0	38.20619188688606
2014	2009	600.0	32.29621995150229
2014	2010	2100.0	26.086141236077047
2014	2011	1600.0	13.849205862267224
2014	2012	700.0	28.80931749303601
2014	2013	600.0	31.591571649450845
2014	2015	1300.0	12.47352596317457
2015	2016	1200.0	21.149351713725558
2015	2017	1500.0	11.746734469346503
2015	2018	200.0	17.9675770240554
2015	2019	800.0	4.280442545262041
2015	2020	1100.0	13.69722495715272
2015	2021	800.0	13.381969832874962
2015	2022	2600.0	9.165595010924232
2015	2023	1000.0	21.82695891943586
2015	2024	400.0	25.66498530123647
2015	2001	500.0	41.4149796249965
2015	2002	100.0	47.41591483128652
2015	2003	100.0	37.40658016400136
2015	2004	500.0	33.048779946553964
2015	2005	200.0	30.65483590288625
2015	2006	200.0	40.64890043692286
2015	2007	500.0	20.034312680891706
2015	2008	600.0	25.732665923711494
2015	2009	1000.0	19.822693988327714
2015	2010	4000.0	13.612615272902476
2015	2011	1400.0	26.49046986858844
2015	2012	700.0	41.45058148928556
2015	2013	700.0	44.2328356328672
2015	2014	1300.0	12.641264006774641
2016	2017	2800.0	9.360059481877332
2016	2018	500.0	3.176893791245406
2016	2019	1300.0	16.789611193933034
2016	2020	1600.0	7.443716893277268
2016	2021	600.0	15.731749626488515
2016	2022	1200.0	15.156846893582497
2016	2023	500.0	27.81821080209413
2016	2024	300.0	28.01476509485002
2016	2001	500.0	39.60778073396437
2016	2002	400.0	33.606745906215664
2016	2003	200.0	43.623193070750254
2016	2004	800.0	39.2653928774311
2016	2005	500.0	36.871448838489016
2016	2006	900.0	26.83973149475456
2016	2007	1400.0	5.24362944808171
2016	2008	2200.0	10.941982666817953
2016	2009	1400.0	26.03930691048769
2016	2010	4400.0	19.829228170524765
2016	2011	1400.0	32.70708275574386
2016	2012	700.0	47.66719440247683
2016	2013	600.0	46.58261542648076
2016	2014	700.0	33.75372051932308
2016	2015	1200.0	21.112456512548444
2017	2016	2800.0	9.402617244379055
2017	2018	600.0	12.57951103562446
2017	2019	1700.0	7.429551712055701
2017	2020	1700.0	16.84633413672814
2017	2021	600.0	25.13436686919146
2017	2022	1700.0	20.917992041595344
2017	2023	600.0	33.579355960205675
2017	2024	300.0	37.41738232888529
2017	2001	400.0	44.11038150283444
2017	2002	200.0	43.00936315059473
2017	2003	100.0	40.10198204183931
2017	2004	500.0	35.74418182439191
2017	2005	200.0	33.3502377807242
2017	2006	500.0	36.24234873913362
2017	2007	1000.0	14.646246692460764
2017	2008	1400.0	20.34459992276956
2017	2009	900.0	22.51809586616566
2017	2010	3900.0	16.308017150740422
2017	2011	1000.0	29.18587173595952
2017	2012	600.0	44.1459833731609
2017	2013	500.0	47.193942476110585
2017	2014	700.0	24.393661037445757
2017	2015	1500.0	11.752397030671112
2018	2016	500.0	3.1817747221019577
2018	2017	600.0	12.54183420397929
2018	2019	300.0	13.612717465184158
2018	2020	400.0	4.2668231020318625
2018	2021	100.0	12.554855835243108
2018	2022	300.0	11.979953102337092
2018	2023	100.0	24.641317010848724
2018	2001	100.0	36.43088696680251
2018	2004	100.0	36.088499115983545
2018	2006	100.0	23.662837727592702
2018	2007	200.0	2.066735656836304
2018	2008	300.0	7.765088899656092
2018	2009	200.0	22.862413157757302
2018	2010	700.0	23.01100289262672
2018	2011	200.0	35.88885747784582
2018	2012	200.0	44.4903006514422
2018	2013	100.0	43.40572163523534
2018	2014	100.0	30.57682679057421
2018	2015	200.0	17.93556278379957
2019	2016	1300.0	16.868909170806873
2019	2017	1700.0	7.466291924084462
2019	2018	300.0	13.687134478793359
2019	2	200.0	53.558169269009426
2019	2020	1200.0	9.41678241189068
2019	2021	400.0	17.704815151490372
2019	2022	1200.0	13.488440329539642
2019	2023	300.0	26.149804238051274
2019	2024	100.0	29.98783061985188
2019	2001	300.0	45.737824943611905
2019	2002	100.0	44.11698661784717
2019	2004	200.0	37.37162526516937
2019	2005	100.0	34.97768122150166
2019	2006	200.0	37.34997220638606
2019	2007	400.0	15.753870135629665
2019	2008	700.0	21.452223378449453
2019	2009	400.0	24.145539306943125
2019	2010	1800.0	17.935460591517888
2019	2011	400.0	30.81331518765727
2019	2012	300.0	45.773426813942145
2019	2013	300.0	48.555680951482614
2019	2014	300.0	16.96410932539005
2019	2015	800.0	4.322845318615411
2020	2016	1600.0	7.45212678900464
2020	2017	1700.0	16.812186273879526
2020	2018	400.0	4.2703520669026815
2020	2019	1200.0	9.345894363152295
2020	2021	1200.0	8.288032733211246
2020	2022	2400.0	7.713130000305229
2020	2023	700.0	20.37449390881686
2020	2024	400.0	20.571048201572754
2020	2001	300.0	40.70123903370519
2020	2002	100.0	34.70020420595649
2020	2004	300.0	40.358851182886234
2020	2005	100.0	37.96490712590439
2020	2006	300.0	27.933189794495387
2020	2007	500.0	6.3370877237389855
2020	2008	900.0	12.035440966558772
2020	2009	600.0	27.132765224659984
2020	2010	2500.0	27.28135495611609
2020	2011	600.0	40.15920954477662
2020	2012	500.0	42.161787197307426
2020	2013	600.0	39.13889853320349
2020	2014	500.0	26.31000368854235
2020	2015	1100.0	13.668739681767708
2021	2016	600.0	15.647587979737983
2021	2017	600.0	25.00764746093287
2021	2018	100.0	12.465813257636023
2021	2019	400.0	17.54135553635733
2021	2020	1200.0	8.195461190733342
2021	2022	1800.0	4.197757022236054
2021	2023	700.0	16.015104453824026
2021	2024	500.0	12.283015468361508
2021	2001	100.0	41.904233065734495
2021	2004	200.0	42.1990595479933
2021	2005	100.0	43.915748893981544
2021	2006	100.0	36.128650985228724
2021	2007	200.0	14.532548914472327
2021	2008	400.0	20.230902157292114
2021	2009	300.0	33.083606979423
2021	2010	1200.0	26.873528263997763
2021	2011	400.0	38.90736637229314
2021	2012	300.0	33.87375446409617
2021	2013	600.0	30.85086579999224
2021	2014	400.0	25.058160510025917
2021	2015	800.0	13.260912991095289
2022	2016	1200.0	15.165256789309867
2022	2017	1700.0	20.809890438205738
2022	2018	300.0	11.983482067207909
2022	2019	1200.0	13.343598514121275
2022	2020	2400.0	7.713130000305229
2022	2021	1800.0	4.21637482195073
2022	2023	2100.0	12.66136390851163
2022	2024	1100.0	16.499390292880257
2022	2001	400.0	46.12060788768524
2022	2002	100.0	42.413334206261716
2022	2003	100.0	42.112208439761844
2022	2004	400.0	42.111935915413184
2022	2005	200.0	39.71799187174548
2022	2006	200.0	35.64631979480061
2022	2007	500.0	14.050217724044213
2022	2008	500.0	19.748570966864
2022	2009	700.0	28.88584995718695
2022	2010	2600.0	22.67577124176171
2022	2011	1100.0	35.55362582698079
2022	2012	700.0	38.09012929863021
2022	2013	1300.0	35.06724063501471
2022	2014	1200.0	21.704419964713523
2022	2015	2600.0	9.063155968859235
2023	2016	500.0	27.618682825444235
2023	2017	600.0	33.2633164743401
2023	2018	100.0	24.43690810334228
2023	2019	300.0	25.797024550255642
2023	2020	700.0	20.166556036439598
2023	2021	700.0	15.825784375879273
2023	2022	2100.0	12.453426036134369
2023	2024	700.0	3.8380263948723483
2023	2001	300.0	33.45924399224534
2023	2003	100.0	29.450844531250205
2023	2004	500.0	30.115286473663254
2023	2005	100.0	32.461155571114034
2023	2006	100.0	42.455220105150644
2023	2007	200.0	26.503643760178583
2023	2008	300.0	32.20199700299837
2023	2009	500.0	41.339275993321316
2023	2010	1800.0	35.12919729909401
2023	2011	1300.0	22.892261918469117
2023	2012	700.0	25.42876539060701
2023	2013	800.0	22.40587672650308
2023	2014	1100.0	9.043056056201891
2023	2015	1000.0	21.5165820049936
2024	2016	300.0	27.635345960744907
2024	2017	300.0	36.99540544262224
2024	2019	100.0	29.52911351736425
2024	2020	400.0	20.18321917174027
2024	2021	500.0	11.987757981006926
2024	2022	1100.0	16.18551500324298
2024	2023	700.0	3.7320889854625166
2024	2001	100.0	29.621217597372997
2024	2004	200.0	29.916044079631792
2024	2006	100.0	42.255977711119186
2024	2007	100.0	26.52030689547926
2024	2008	200.0	32.21866013829904
2024	2009	200.0	42.30542986648422
2024	2010	800.0	38.86128624500469
2024	2011	600.0	26.624350903931635
2024	2012	500.0	21.590738995734668
2024	2013	700.0	18.56785033163073
2024	2014	400.0	12.775145041664409
2024	2015	400.0	25.248670972102214
1001	1024	100.0	28.802164548961372
1001	1002	100.0	6.000929895142393
1001	1003	100.0	4.010717793061827
1001	1004	500.0	8.332751452267335
1001	1005	200.0	10.672555556745994
1001	1006	300.0	12.626809147425568
1001	1007	500.0	33.54091062079824
1001	1008	800.0	27.89661553091672
1001	1009	500.0	20.623085158986612
1001	1010	1300.0	26.386849178463727
1001	1011	500.0	15.751098327492475
1001	1012	200.0	8.032029294527057
1001	1013	500.0	11.055615853769512
1001	1014	300.0	29.48409238648484
1001	1015	500.0	40.36683125109501
1001	1016	500.0	38.78290095261396
1001	1017	400.0	42.69486632920414
1001	1018	100.0	35.60027605239992
1001	1019	300.0	44.79642473272058
1001	1020	300.0	39.853592924095565
1001	1021	100.0	41.069096520262704
1001	1022	400.0	45.2730057717423
1001	1023	300.0	32.67890245333468
1002	1001	100.0	6.001206540315377
1002	1003	100.0	10.011924333377205
1002	1004	200.0	14.333957992582711
1002	1005	100.0	16.673762101187975
1002	1006	400.0	6.625879252283175
1002	1007	200.0	27.53998072565585
1002	1008	400.0	21.895685635774324
1002	1009	200.0	26.6242917049886
1002	1010	600.0	32.38805572347852
1002	1011	200.0	21.75230486780785
1002	1012	100.0	14.033235834842433
1002	1013	300.0	17.056822394084886
1002	1014	100.0	35.48529892680021
1002	1015	100.0	46.36803779141037
1002	1016	400.0	32.781971057471566
1002	1017	200.0	42.54819238262007
1002	1019	100.0	45.014569553973054
1002	1020	100.0	33.852663028953174
1002	1022	100.0	41.5657930292584
1003	1001	100.0	4.009236109241883
1003	1002	100.0	10.010166004384276
1003	1004	200.0	4.322033659205506
1003	1005	100.0	6.661837763684165
1003	1006	300.0	16.636045255175475
1003	1007	100.0	37.55014671486461
1003	1008	200.0	31.905851638666626
1003	1009	100.0	16.612367365924783
1003	1010	300.0	22.376131385401898
1003	1011	300.0	11.740380534430646
1003	1012	200.0	4.021311501465228
1003	1013	100.0	7.044898060707683
1003	1014	100.0	25.473374593423003
1003	1015	100.0	36.35611345803318
1003	1016	200.0	42.79213706036388
1003	1017	100.0	38.68414853614232
1003	1022	100.0	41.262287978680476
1003	1023	100.0	28.66818466027285
1004	1024	200.0	29.07059404875904
1004	1001	500.0	8.288383402101378
1004	1002	200.0	14.28931329724377
1004	1003	200.0	4.279147292859496
1004	1005	500.0	2.3398041044786586
1004	1006	400.0	12.31401159596997
1004	1007	400.0	33.22811306934265
1004	1008	700.0	27.583817979461124
1004	1009	700.0	12.290333706719274
1004	1010	1200.0	18.05409772619639
1004	1011	1400.0	7.418346875225139
1004	1012	600.0	8.300458794324724
1004	1013	600.0	11.324045353567179
1004	1014	500.0	21.1513409342175
1004	1015	500.0	32.03407979882766
1004	1016	800.0	38.47010340115837
1004	1017	500.0	34.362114876936815
1004	1018	100.0	35.287478500944324
1004	1019	200.0	36.463673280453236
1004	1020	300.0	39.54079537263997
1004	1021	200.0	41.337526020060366
1004	1022	400.0	41.09409085603672
1004	1023	500.0	30.1738763166624
1005	1001	200.0	10.612605356719634
1005	1002	100.0	16.61353525348133
1005	1003	100.0	6.60336924747775
1005	1004	500.0	2.3242219546182543
1005	1006	200.0	9.97420749149131
1005	1007	200.0	30.888308964863985
1005	1008	500.0	25.244013874982464
1005	1009	800.0	9.950529602240616
1005	1010	1000.0	15.714293621717731
1005	1011	500.0	9.742568829843393
1005	1012	200.0	10.624680748942978
1005	1013	200.0	13.648267308185433
1005	1014	100.0	23.475562888835753
1005	1015	200.0	29.694275694349006
1005	1016	500.0	36.13029929717941
1005	1017	200.0	32.022310772458155
1005	1019	100.0	34.123869175974576
1005	1020	100.0	37.20099126816131
1005	1021	100.0	42.99669472282365
1005	1022	200.0	38.75428675155806
1005	1023	100.0	32.498098271280654
1006	1024	100.0	41.4426988538421
1006	1001	300.0	12.640534338094277
1006	1002	400.0	6.639327797778899
1006	1003	300.0	16.651252097942564
1006	1004	400.0	12.372104805083067
1006	1005	200.0	10.047882850464813
1006	1007	400.0	20.91410147337268
1006	1008	800.0	15.269806383491153
1006	1009	400.0	19.99841245270543
1006	1010	800.0	25.762176472182546
1006	1011	400.0	19.790451680308205
1006	1012	200.0	20.67256359940779
1006	1013	200.0	23.696150158650244
1006	1014	100.0	33.52344573930057
1006	1015	200.0	39.74215854481382
1006	1016	900.0	26.156091805188396
1006	1017	500.0	35.9223131303369
1006	1018	100.0	22.97346690497436
1006	1019	200.0	38.38869030168986
1006	1020	300.0	27.226783776669997
1006	1021	100.0	35.31086115283166
1006	1022	200.0	34.939913776975224
1006	1023	100.0	42.54598112174547
1007	1024	100.0	26.25157446190108
1007	1001	500.0	33.86028305957897
1007	1002	200.0	27.85907651926359
1007	1003	100.0	37.87100081942725
1007	1004	400.0	33.59185352656775
1007	1005	200.0	31.2676315719495
1007	1006	400.0	21.219748721484688
1007	1008	1000.0	5.7837213247534995
1007	1009	600.0	21.608193680866588
1007	1010	1900.0	26.478976623978582
1007	1011	500.0	38.90199907476131
1007	1012	700.0	41.89231232089248
1007	1013	400.0	43.36069991869706
1007	1014	200.0	33.86218003654088
1007	1015	500.0	21.686145591311973
1007	1016	1400.0	5.241990363789892
1007	1017	1000.0	15.0082116889384
1007	1018	200.0	2.0593654316016754
1007	1019	400.0	17.474588828317188
1007	1020	500.0	6.3126823032973185
1007	1021	200.0	14.396759679458984
1007	1022	500.0	14.025812303602546
1007	1023	200.0	26.16437107431146
1008	1024	200.0	31.895869551782603
1008	1001	800.0	28.076561734825464
1008	1002	400.0	22.075355194510088
1008	1003	200.0	32.08727949467375
1008	1004	700.0	27.808132201814256
1008	1005	500.0	25.483910247196
1008	1006	800.0	15.43602739673119
1008	1007	1000.0	5.644295089881526
1008	1009	800.0	15.824472356113088
1008	1010	1600.0	21.5882363755902
1008	1011	800.0	34.011258826372924
1008	1012	600.0	36.10859099613898
1008	1013	600.0	39.13217755538143
1008	1014	400.0	39.5064751264224
1008	1015	600.0	27.33044068119349
1008	1016	2200.0	10.886285421697242
1008	1017	1400.0	20.652506746845752
1008	1018	300.0	7.703660521483201
1008	1019	700.0	23.118883918198712
1008	1020	900.0	11.956977393178844
1008	1021	400.0	20.041054769340512
1008	1022	500.0	19.670107393484074
1008	1023	300.0	31.808666164192996
1009	1024	200.0	41.05425390596852
1009	1001	500.0	20.27204325931087
1009	1002	200.0	26.272973191861446
1009	1003	100.0	16.262807150068987
1009	1004	700.0	11.98365985720949
1009	1005	800.0	9.659437902591236
1009	1006	400.0	19.633645394082546
1009	1007	600.0	20.93777934893979
1009	1008	800.0	15.293484259058264
1009	1010	2800.0	5.763764019477113
1009	1011	1400.0	18.18678647025984
1009	1012	600.0	20.284118651534214
1009	1013	600.0	23.307705210776668
1009	1014	600.0	31.919780537337296
1009	1015	900.0	19.74374609210839
1009	1016	1400.0	26.179769691899498
1009	1017	900.0	22.071781170217534
1009	1018	200.0	22.997144780541465
1009	1019	400.0	24.173339573733962
1009	1020	600.0	27.250461652237114
1009	1021	300.0	33.04616512058303
1009	1022	700.0	28.80375714931744
1009	1023	500.0	40.942315920026005
1010	1024	800.0	39.13721588354801
1010	1001	1300.0	25.883425974717017
1010	1002	600.0	31.884355907267587
1010	1003	300.0	21.874189865475135
1010	1004	1200.0	17.59504257261564
1010	1005	1000.0	15.270820617997385
1010	1006	800.0	25.245028109488693
1010	1007	1900.0	25.656180999329354
1010	1008	1600.0	20.90486697446441
1010	1009	2800.0	5.611382715406149
1010	1011	4000.0	12.423022450782728
1010	1012	2000.0	25.895501365113528
1010	1013	1900.0	28.91908792435598
1010	1014	2100.0	26.156016512585456
1010	1015	4000.0	13.979982072631277
1010	1016	4400.0	20.41600568749997
1010	1017	3900.0	16.308017150740422
1010	1018	700.0	23.586157130870607
1010	1019	1800.0	18.409575554256847
1010	1020	2500.0	27.839473981193674
1010	1021	1200.0	27.282401101105915
1010	1022	2600.0	23.039993129840333
1010	1023	1800.0	35.17855190054925
1011	1024	600.0	26.714193447665046
1011	1001	500.0	15.511407957295514
1011	1002	200.0	21.51233785243791
1011	1003	300.0	11.502171848053631
1011	1004	1500.0	7.223024555194137
1011	1005	500.0	9.562828659672796
1011	1006	400.0	19.537036151164106
1011	1007	500.0	37.96582072028788
1011	1008	800.0	33.214506695422926
1011	1009	1400.0	17.921022436364666
1011	1010	3900.0	12.309639720958518
1011	1012	1400.0	13.472478914330798
1011	1013	1000.0	16.496065473573253
1011	1014	1600.0	13.732994058992361
1011	1015	1400.0	26.28962179115597
1011	1016	1400.0	32.72564540845849
1011	1017	1000.0	28.61765687169894
1011	1018	100.0	35.89579685182913
1011	1019	400.0	30.719215273884505
1011	1020	600.0	40.149113651533625
1011	1021	400.0	38.98112541896637
1011	1022	1100.0	35.349632781395854
1011	1023	1300.0	22.75552944143726
1012	1024	500.0	20.770135254434315
1012	1001	200.0	8.0322903479804
1012	1002	100.0	14.033220243122793
1012	1003	200.0	4.023054238738517
1012	1004	600.0	8.345087897944023
1012	1005	200.0	10.684892002422682
1012	1006	200.0	20.659099493913992
1012	1007	700.0	41.57320096730139
1012	1008	600.0	35.92890587889712
1012	1009	600.0	20.6354216046633
1012	1010	2000.0	26.399185629892944
1012	1011	1400.0	14.089545908934426
1012	1013	1300.0	3.0235865592424545
1012	1014	700.0	27.822539967926787
1012	1015	700.0	40.379167697459465
1012	1016	700.0	46.81519130841673
1012	1017	600.0	42.70720277488084
1012	1018	200.0	43.632566385204775
1012	1019	300.0	44.808761184149795
1012	1020	400.0	40.934187325971756
1012	1021	300.0	33.03706722573564
1012	1022	700.0	37.24097647721525
1012	1023	700.0	24.646873158807622
1012	2015	500.0	90.21080015764483
1013	1024	800.0	17.746548695191862
1013	1001	500.0	11.055638516181894
1013	1002	300.0	17.056568411324285
1013	1003	100.0	7.046402406940011
1013	1004	600.0	11.368436066145517
1013	1005	200.0	13.708240170624176
1013	1006	200.0	23.682447662115486
1013	1007	400.0	44.28174812464613
1013	1008	600.0	38.95225403192306
1013	1009	600.0	23.658769772864794
1013	1010	1900.0	29.422533798094438
1013	1011	1000.0	17.11289407713592
1013	1012	1300.0	3.023348168201494
1013	1014	600.0	30.845888161330752
1013	1015	700.0	43.40251585499007
1013	1016	600.0	45.3943491883756
1013	1017	500.0	45.730550943082335
1013	1018	100.0	42.21172425618738
1013	1019	300.0	47.832109345836294
1013	1020	600.0	37.9106007667293
1013	1021	600.0	30.013480666493184
1013	1022	1300.0	34.21738993952376
1013	1023	800.0	21.623286599565166
1014	1024	400.0	12.981199388672685
1014	1001	300.0	29.105667335028343
1014	1002	100.0	35.10659723017074
1014	1003	100.0	25.096431225786464
1014	1004	500.0	20.81728393292697
1014	1005	100.0	23.15708803740563
1014	1006	100.0	33.13129552889694
1014	1007	200.0	32.78726695045809
1014	1008	400.0	38.57098827521159
1014	1009	600.0	31.515281785427504
1014	1010	2100.0	25.903899070021353
1014	1011	1600.0	13.594259377732834
1014	1012	700.0	27.066738292063633
1014	1013	600.0	30.09032484706003
1014	1015	1300.0	12.556627699669178
1014	1016	700.0	33.84624181622321
1014	1017	700.0	24.31468241069338
1014	1018	100.0	30.717243081999342
1014	1019	300.0	16.986221181294752
1014	1020	500.0	26.416119592541268
1014	1021	400.0	25.24813135997401
1014	1022	1200.0	21.61663874197877
1014	1023	1100.0	9.0225353824449
1015	1024	400.0	25.15723381091673
1015	1001	500.0	39.230697345069196
1015	1002	100.0	45.23162724021158
1015	1003	100.0	35.22146123582731
1015	1004	500.0	30.942313942967814
1015	1005	200.0	28.618091988349555
1015	1006	200.0	38.59229947984087
1015	1007	500.0	20.23063925078891
1015	1008	600.0	26.014360575542412
1015	1009	1000.0	18.958654085758322
1015	1010	4000.0	13.347271370352173
1015	1011	1400.0	25.770293821679978
1015	1012	700.0	39.24277273588999
1015	1013	700.0	42.266359267753366
1015	1014	1300.0	12.176034445228908
1015	1016	1200.0	21.289614116554038
1015	1017	1500.0	11.758054711024204
1015	1018	200.0	18.160615382330164
1015	1019	800.0	4.429593481625572
1015	1020	1100.0	13.859491892872088
1015	1021	800.0	13.302419028474638
1015	1022	2600.0	9.060011057209055
1015	1023	1000.0	21.198569827717346
1016	1024	300.0	27.362360473670037
1016	1001	500.0	39.10045835644049
1016	1002	400.0	33.09925181612511
1016	1003	200.0	43.111176143155646
1016	1004	800.0	38.83202883289375
1016	1005	500.0	36.50780688031935
1016	1006	900.0	26.459924018346214
1016	1007	1400.0	5.240175311829386
1016	1008	2200.0	11.023896621615027
1016	1009	1400.0	26.848368977423508
1016	1010	4400.0	21.23698626018869
1016	1011	1400.0	33.66000871097142
1016	1012	700.0	47.132487649909585
1016	1013	600.0	44.471485930466024
1016	1014	700.0	33.67894184272179
1016	1015	1200.0	21.502907397492883
1016	1017	2800.0	9.766221325148509
1016	1018	500.0	3.17015144337064
1016	1019	1300.0	17.2913506344981
1016	1020	1600.0	7.423468315066284
1016	1021	600.0	15.507545691227948
1016	1022	1200.0	15.136598315371511
1016	1023	500.0	27.275157086080426
1017	1024	300.0	36.89391987919987
1017	1001	400.0	42.19144312545743
1017	1002	200.0	42.63081122165495
1017	1003	100.0	38.18220701621556
1017	1004	500.0	33.903059723356066
1017	1005	200.0	31.57883776873781
1017	1006	500.0	35.99148342387605
1017	1007	1000.0	14.77173471735922
1017	1008	1400.0	20.55545603641587
1017	1009	900.0	21.91939986614657
1017	1010	3900.0	16.308017150740422
1017	1011	1000.0	28.73103960152315
1017	1012	600.0	42.20351851585395
1017	1013	500.0	45.22710507692324
1017	1014	700.0	23.912720517573284
1017	1015	1500.0	11.736686072344378
1017	1016	2800.0	9.531559405529833
1017	1018	600.0	12.701710848900474
1017	1019	1700.0	7.525129309349594
1017	1020	1700.0	16.955027720596117
1017	1021	600.0	25.039105099859114
1017	1022	1700.0	20.796697129553433
1017	1023	600.0	32.935255900018184
1018	1001	100.0	35.930306928037716
1018	1004	100.0	35.66187740653481
1018	1006	100.0	23.289772589943436
1018	1007	200.0	2.0700238684587458
1018	1008	300.0	7.853745193212245
1018	1009	200.0	23.678217549325332
1018	1010	700.0	24.419611192376905
1018	1011	200.0	36.84263364315963
1018	1012	200.0	43.96233618935123
1018	1013	100.0	41.30133448709539
1018	1014	100.0	31.8028146049392
1018	1015	200.0	19.626780159710293
1018	1016	500.0	3.1826249321882165
1018	1017	600.0	12.948846257336726
1018	1019	300.0	15.415223396715513
1018	1020	400.0	4.2533168716956435
1018	1021	100.0	12.33739424785731
1018	1022	300.0	11.966446872000873
1018	1023	100.0	24.105005642709795
1019	1024	100.0	29.36879057391151
1019	1001	300.0	43.44225410806398
1019	1002	100.0	43.66012228842692
1019	1004	200.0	35.153870705962596
1019	1005	100.0	32.829648751344344
1019	1006	200.0	37.02079449064802
1019	1007	400.0	15.801045769163336
1019	1008	700.0	21.584767093916835
1019	1009	400.0	23.170210848753108
1019	1010	1800.0	17.558828133346957
1019	1011	400.0	29.981850585956522
1019	1012	300.0	43.45432950028732
1019	1013	300.0	46.477916033240554
1019	1014	300.0	16.38759120822369
1019	1015	800.0	4.211556762994782
1019	1016	1300.0	16.860020634928464
1019	1017	1700.0	7.3284612293986315
1019	1018	300.0	13.73102190070459
1019	1020	1200.0	9.429898411246516
1019	1021	400.0	17.51397579146942
1019	1022	1200.0	13.271567820203837
1019	1023	300.0	25.41012659091275
1020	1024	400.0	19.938892158603757
1020	1001	300.0	40.23143041749579
1020	1002	100.0	34.23022387718041
1020	1004	300.0	39.96300088448457
1020	1005	100.0	37.63877894137464
1020	1006	300.0	27.590896079401514
1020	1007	500.0	6.37114735791682
1020	1008	900.0	12.154868682670319
1020	1009	600.0	27.979341038783403
1020	1010	2500.0	28.720734669726586
1020	1011	600.0	41.14375713230438
1020	1012	500.0	40.07136578360124
1020	1013	600.0	37.04801761539974
1020	1014	500.0	27.54949773324356
1020	1015	1100.0	15.373463288014651
1020	1016	1600.0	7.4837484216462915
1020	1017	1700.0	17.2499697467948
1020	1018	400.0	4.3011234894580745
1020	1019	1200.0	11.16190652501987
1020	1021	1200.0	8.084077376161666
1020	1022	2400.0	7.713130000305229
1020	1023	700.0	19.851688771014146
1021	1024	500.0	11.85481478244209
1021	1001	100.0	40.01957875541997
1021	1004	200.0	40.3323763053836
1021	1005	100.0	42.00712716469523
1021	1006	100.0	35.488016179637626
1021	1007	200.0	14.268267458152936
1021	1008	400.0	20.051988782906434
1021	1009	300.0	32.347689262104
1021	1010	1200.0	26.736306546697847
1021	1011	400.0	38.54841362632184
1021	1012	300.0	31.987288407439568
1021	1013	600.0	28.963940239238074
1021	1014	400.0	24.954154248589003
1021	1015	800.0	13.389035176345674
1021	1016	600.0	15.380868521882405
1021	1017	600.0	25.14708986069276
1021	1018	100.0	12.198243589694192
1021	1019	400.0	17.818628657971246
1021	1020	1200.0	7.8971201002361155
1021	1022	1800.0	4.20390925147961
1021	1023	700.0	15.7315526868154
1022	1024	1100.0	16.09722276358913
1022	1001	400.0	44.26198672668554
1022	1002	100.0	41.943353877485634
1022	1003	100.0	40.25275061744367
1022	1004	400.0	40.12743986783388
1022	1005	200.0	37.803217913215626
1022	1006	200.0	35.30402607970674
1022	1007	500.0	14.084277358222048
1022	1008	500.0	19.867998682975546
1022	1009	700.0	28.14378001062439
1022	1010	2600.0	22.53239729521824
1022	1011	1100.0	34.9554197253809
1022	1012	700.0	36.22969639574787
1022	1013	1300.0	33.20634823373268
1022	1014	1200.0	21.36116037009497
1022	1015	2600.0	9.185125924866064
1022	1016	1200.0	15.196878421951517
1022	1017	1700.0	20.94318063589027
1022	1018	300.0	12.014253489763302
1022	1019	1200.0	13.614719406491636
1022	1020	2400.0	7.713130000305229
1022	1021	1800.0	4.242407971265583
1022	1023	2100.0	12.138558770708917
1023	1024	700.0	3.958664006227785
1023	2	300.0	20.22560375352911
1023	1001	300.0	32.12342797920566
1023	1003	100.0	28.11419186996378
1023	1004	500.0	30.039885494700574
1023	1005	100.0	32.37968959917923
1023	1006	100.0	42.35389709067054
1023	1007	200.0	26.67838069818064
1023	1008	300.0	32.46210202293414
1023	1009	500.0	40.73788334770648
1023	1010	1800.0	35.126500657106796
1023	1011	1300.0	22.816860939506437
1023	1012	700.0	24.091137631225262
1023	1013	800.0	21.067789463023768
1023	1014	1100.0	9.222601561773603
1023	1015	1000.0	21.779229264824657
1023	1016	500.0	27.79098176191011
1023	1017	600.0	33.537283975848865
1023	1018	100.0	24.6083568297219
1023	1019	300.0	26.20882274645023
1023	1020	700.0	20.30723334026382
1023	1021	700.0	16.22559597752911
1023	1022	2100.0	12.594103339958592
