source 	 destination 	 fft 	 flow 	 cost(min)
1003	1001	4.0	8243.559297882506	4.009236109241883
1014	1011	4.0	9751.558216096239	13.594259377732834
2016	2010	4.0	11002.946364767582	19.829228170524765
1001	1002	6.0	4643.559297882505	6.000929895142393
1023	1022	4.0	9727.0765709955	12.594103339958592
2004	2003	4.0	15036.115050386481	4.3578002174474
2001	2002	6.0	4650.175630168671	6.00093520629002
2023	2022	4.0	9687.024118204046	12.453426036134369
1004	1003	4.0	14131.356254196991	4.279147292859496
1011	1010	5.0	17668.866001720544	12.309639720958518
2003	2001	4.0	8050.175630168672	4.008399460995137
2011	2010	5.0	17624.76592864563	12.236935385108417
2020	2021	6.0	6389.221199347073	8.288032733211246
1020	1021	6.0	6241.814035326635	8.084077376161666
1006	1002	5.0	6028.697673060682	6.639327797778899
2013	2024	4.0	11200.0	18.051527884970618
1022	1020	5.0	7000.0	7.713130000305228
2006	2002	5.0	6142.809928147049	6.767014411461107
2014	2011	4.0	9815.704096618378	13.849205862267224
1016	1010	4.0	11239.821001570075	21.23698626018869
2022	2020	5.0	7000.0	7.713130000305228
1009	1008	10.0	6921.8244521292545	15.293484259058264
1023	1014	4.0	8459.051726051664	9.222601561773603
1013	1024	4.0	11138.726847898895	17.746548695191862
2020	2018	4.0	19174.538702718448	4.2703520669026815
1004	1011	6.0	5500.0	7.418346875225139
2022	2015	3.0	18391.01580560945	9.063155968859235
2008	2006	2.0	12779.87729009113	15.897748827936608
2021	2020	6.0	6323.591496318516	8.195461190733342
2006	2005	4.0	8810.523742101308	10.03171733140901
1002	1001	6.0	4955.961918063553	6.001206540315377
2008	2016	5.0	8449.225852130188	10.896591411026101
1010	1015	6.0	23316.294813563163	13.979982072631277
1023	1024	2.0	8117.940243777641	3.9586640062277856
1003	1004	4.0	14645.385465813175	4.322033659205506
1008	1009	10.0	7089.234157404908	15.824472356113088
1016	1018	3.0	15432.22674096437	3.17015144337064
1004	1005	2.0	18345.38546581318	2.3398041044786586
1010	1011	5.0	17736.98822331932	12.423022450782728
2002	2006	5.0	6023.6320103259	6.633824903830288
2013	1020	5.0	1500.0	5.0029296875
2016	2008	5.0	8465.439405796928	10.941982666817953
2022	2023	4.0	9746.05287511627	12.66136390851163
2018	2016	3.0	15689.281620485017	3.1817747221019577
1018	1007	2.0	16267.152004472378	2.0700238684587458
2004	2005	2.0	18426.70259624461	2.3458690974507825
1017	1010	8.0	8100.0	16.308017150740422
1015	1019	3.0	19444.78474250339	4.429593481625572
1014	1023	4.0	8376.849411007926	9.0225353824449
1011	1012	6.0	8332.65210387679	13.4724789143308
1010	1016	4.0	11103.526530473744	20.41600568749997
2017	2010	8.0	8100.0	16.308017150740422
1016	1008	5.0	8494.465128969716	11.023896621615027
2011	2012	6.0	8719.577268808785	14.960111630768782
1018	1020	4.0	18865.07473649199	4.2533168716956435
2005	2006	4.0	8796.741585729136	9.99406453403661
1015	1014	5.0	9018.071911370494	12.176034445228908
1020	1018	4.0	19698.296021197355	4.3011234894580745
2015	2014	5.0	9160.80980851465	12.641264006774641
2016	2018	3.0	15582.88385617216	3.176893791245406
2021	2022	2.0	8604.166897469448	4.197757022236054
2009	2008	10.0	6917.051553998949	15.278899005665359
1007	1018	2.0	15609.299273935378	2.0593654316016754
1021	1020	6.0	6096.8578861851865	7.8971201002361155
2015	2019	3.0	18916.466862914727	4.280442545262041
1014	1015	5.0	9135.336977544515	12.556627699669178
2010	2015	6.0	23416.372285167166	14.117872395064111
2022	2021	2.0	8622.331357015857	4.21637482195073
2006	2008	2.0	12646.917215897807	15.328351151050645
1008	1007	3.0	12209.299273935378	5.644295089881526
2011	2004	6.0	5300.0	7.2230245551941366
2008	2009	10.0	6856.788277166482	15.097324258101212
2012	2011	6.0	8549.665393429492	14.281865456940299
2002	2001	6.0	4769.353547989819	6.001034827748702
1015	1022	3.0	18388.630522530973	9.060011057209055
1012	1003	4.0	10361.680518692809	4.023054238738517
1007	1008	3.0	12367.152004472378	5.7837213247534995
2015	2022	3.0	18468.209022068084	9.165595010924232
1005	1009	5.0	16028.674129984387	9.950529602240616
2007	2008	3.0	12271.226161460685	5.698353242819788
1019	1020	4.0	8676.739298834644	9.429898411246516
2019	2020	4.0	8671.49484812252	9.41678241189068
2005	2009	5.0	16103.417390672701	10.043516689401638
2005	2004	2.0	19036.115050386477	2.3939440436677115
2010	2009	3.0	22742.259411275918	6.2100787154252375
1021	1024	3.0	10289.353725087898	11.85481478244209
1011	1014	4.0	9786.620967226523	13.732994058992361
2012	2003	4.0	10250.334606570508	4.022079140643192
2021	2024	3.0	10411.552556362933	12.283015468361508
1005	1004	2.0	18131.35625419699	2.3242219546182543
1010	1009	3.0	21598.436793815577	5.611382715406149
2011	2014	4.0	9823.68607406608	13.881281843539439
1012	1011	6.0	8499.592633408298	14.089545908934426
1021	1022	2.0	8610.182044861445	4.20390925147961
1024	1023	2.0	8031.686916852261	3.876737904373309
2007	2018	2.0	16016.240670424258	2.065802492588924
2014	2015	5.0	9110.116952791856	12.47352596317457
2009	2010	3.0	21986.36583667375	5.80410999866666
1006	1008	2.0	12633.006388708422	15.269806383491153
1024	1013	4.0	11007.293968865539	17.109125456795983
2008	2007	3.0	12214.742917766569	5.6490141913360885
1011	1004	6.0	5300.0	7.2230245551941366
2012	2013	3.0	14798.502247342312	3.0479591029459003
1019	1017	2.0	9903.142113814814	7.3284612293986315
2020	2022	5.0	7000.0	7.713130000305228
1022	1021	2.0	8647.539689761263	4.242407971265583
1017	1016	2.0	11706.717365180572	9.531559405529833
1001	1003	4.0	8555.961918063553	4.010717793061827
2019	2015	3.0	19071.166868627733	4.322845318615411
2009	2005	5.0	16699.0476884424	10.832141914558537
2010	2017	8.0	8100.0	16.308017150740422
1007	2012	8.0	499.99999999999994	8.000925925925927
1	1002	5.0	300.0	5.00000972
2010	2011	5.0	18002.659781472623	12.877854585219097
1002	1006	5.0	6016.295052879635	6.625879252283175
2016	2017	2.0	11639.497674548642	9.360059481877332
2013	2012	3.0	12300.0	3.0228886641039363
2018	2007	2.0	16072.723914118373	2.066735656836304
1018	1016	3.0	15707.595295132734	3.1826249321882165
1017	1019	2.0	9993.282634819428	7.525129309349594
2014	2023	4.0	8444.067531242528	9.185694922947768
1015	1010	6.0	22839.709680026055	13.347271370352173
1022	1023	4.0	9595.532212964616	12.138558770708917
2017	2019	2.0	9949.78169871297	7.429551712055701
1024	1021	3.0	10407.039931046633	12.266931971301325
2003	2012	4.0	12178.924978533527	4.044001331325375
1021	2	4.0	300.0	4.000007776
2010	2016	4.0	11095.972870869999	20.37138042705476
1005	1006	4.0	8789.447090825915	9.97420749149131
2020	2019	4.0	8642.98413708699	9.345894363152295
1016	1017	2.0	11796.857886185186	9.766221325148509
2018	2020	4.0	19111.657694711474	4.2668231020318625
1003	1012	4.0	10160.053927257672	4.021311501465228
2024	2021	3.0	10327.758393787963	11.987757981006926
1020	1019	4.0	9298.56186498783	11.16190652501987
2024	2023	2.0	7872.241606212037	3.732088985462517
2004	2011	6.0	5200.0	7.133300480179894
1012	1013	3.0	12392.706031134463	3.0235865592424545
2023	2014	4.0	8385.392698072032	9.043056056201891
1008	1006	2.0	12672.382976037188	15.43602739673119
1009	1010	3.0	21906.849677855134	5.763764019477113
1006	1005	4.0	8816.421057973635	10.047882850464813
1022	1015	3.0	18482.81723566204	9.185125924866064
2023	2024	2.0	7989.945196294757	3.8380263948723483
1008	1016	5.0	8445.5315669023	10.886285421697242
2019	2017	2.0	9966.570981964434	7.466291924084462
2003	2004	4.0	14426.702596244608	4.303225943253932
1020	1022	5.0	7000.0	7.713130000305228
2015	2010	6.0	23043.186218698742	13.612615272902476
2013	2	5.0	1200.0	5.00248832
2001	2003	4.0	9369.35354798982	4.0154123372820045
1013	1012	3.0	12361.273152101106	3.023348168201494
1	2001	4.0	1200.0	4.001990656
2017	2016	2.0	11656.286957800108	9.402617244379055
1019	1015	3.0	18656.747829661195	4.211556762994782
2024	2013	4.0	11301.49775265769	18.56785033163073
1009	1005	5.0	15787.670951220483	9.659437902591236
1010	1017	8.0	8100.0	16.308017150740422
