Origin 	 dest 	 numPaths 	 lpath cost 	 spath cost 	 minCost 	 diff between lPath and sPath
1	2016	2	42.861693328197035	42.861693323197905	42.861693323197905	4.999129998850549E-9
1	2	1	20.11185174755328	20.11185174755328	20.11185174755328	0.0
2001	2016	2	38.85970267219704	38.85970266719791	38.85970266719791	4.999129998850549E-9
2001	2017	1	42.820151216795445	42.820151216795445	42.820151216795445	0.0
2001	2018	1	35.67792794509595	35.67792794509595	35.67792794509595	0.0
2001	2019	1	44.91044900638118	44.91044900638118	44.91044900638118	0.0
2001	2020	1	39.944751047127816	39.944751047127816	39.944751047127816	0.0
2001	2021	1	41.146658637530834	41.146658637530834	41.146658637530834	0.0
2001	2022	1	45.34441565976689	45.34441565976689	45.34441565976689	0.0
2001	2023	1	32.890989641986415	32.890989641986415	32.890989641986415	0.0
2001	2024	1	29.158900656523898	29.158900656523898	29.158900656523898	0.0
2001	2002	1	6.00093520629002	6.00093520629002	6.00093520629002	0.0
2001	2003	1	4.0154123372820045	4.0154123372820045	4.0154123372820045	0.0
2001	2004	1	8.318638280535936	8.318638280535936	8.318638280535936	0.0
2001	2005	1	10.664507377986716	10.664507377986716	10.664507377986716	0.0
2001	2006	1	12.634760110120308	12.634760110120308	12.634760110120308	0.0
2001	2007	1	33.61212545250703	33.61212545250703	33.61212545250703	0.0
2001	2008	1	27.963111261170937	27.963111261170937	27.963111261170937	0.0
2001	2009	1	20.70802406738836	20.70802406738836	20.70802406738836	0.0
2001	2010	1	26.512134066055026	26.512134066055026	26.512134066055026	0.0
2001	2011	1	15.45193876071583	15.45193876071583	15.45193876071583	0.0
2001	2012	1	8.05941366860738	8.05941366860738	8.05941366860738	0.0
2001	2013	1	11.10737277155328	11.10737277155328	11.10737277155328	0.0
2001	2014	1	29.333220604255253	29.333220604255253	29.333220604255253	0.0
2001	2015	1	40.63000646111914	40.63000646111914	40.63000646111914	0.0
2002	2016	2	32.858767465907015	32.858767460907885	32.858767460907885	4.999129998850549E-9
2002	2017	2	42.21882694778435	42.21882694278521	42.21882694278521	4.9991371042779065E-9
2002	2019	1	43.28971020399008	43.28971020399008	43.28971020399008	0.0
2002	2020	1	33.94381584083779	33.94381584083779	33.94381584083779	0.0
2002	2022	1	41.65694584114302	41.65694584114302	41.65694584114302	0.0
2002	2001	1	6.001034827748702	6.001034827748702	6.001034827748702	0.0
2002	2003	1	10.016447165030707	10.016447165030707	10.016447165030707	0.0
2002	2004	1	14.31967310828464	14.31967310828464	14.31967310828464	0.0
2002	2005	1	16.66554220573542	16.66554220573542	16.66554220573542	0.0
2002	2006	1	6.633824903830287	6.633824903830287	6.633824903830287	0.0
2002	2007	1	27.611190246217006	27.611190246217006	27.611190246217006	0.0
2002	2008	1	21.962176054880914	21.962176054880914	21.962176054880914	0.0
2002	2009	2	26.70905892464094	26.709058895137066	26.709058895137066	2.9503873122393998E-8
2002	2010	2	32.5131689233076	32.51316889380373	32.51316889380373	2.9503873122393998E-8
2002	2011	1	21.452973588464534	21.452973588464534	21.452973588464534	0.0
2002	2012	1	14.06044849635608	14.06044849635608	14.06044849635608	0.0
2002	2013	1	17.10840759930198	17.10840759930198	17.10840759930198	0.0
2002	2014	1	35.33425543200396	35.33425543200396	35.33425543200396	0.0
2002	2015	2	46.631041318371715	46.63104128886784	46.63104128886784	2.9503873122393998E-8
2003	2016	5	42.868102146797824	42.868102128193044	42.868102128193044	1.8604779938868887E-8
2003	2017	1	38.80473887951344	38.80473887951344	38.80473887951344	0.0
2003	2022	1	41.32900332248488	41.32900332248488	41.32900332248488	0.0
2003	2023	1	28.875577304704407	28.875577304704407	28.875577304704407	0.0
2003	2001	1	4.008399460995137	4.008399460995137	4.008399460995137	0.0
2003	2002	1	10.009334667285156	10.009334667285156	10.009334667285156	0.0
2003	2004	1	4.303225943253932	4.303225943253932	4.303225943253932	0.0
2003	2005	1	6.649095040704713	6.649095040704713	6.649095040704713	0.0
2003	2006	2	16.64315957474132	16.643159571115444	16.643159571115444	3.6258747115880396E-9
2003	2007	3	37.620524927107816	37.620524913502166	37.620524913502166	1.3605649940018338E-8
2003	2008	3	31.971510735771723	31.971510722166073	31.971510722166073	1.3605649940018338E-8
2003	2009	1	16.692611730106357	16.692611730106357	16.692611730106357	0.0
2003	2010	1	22.49672172877302	22.49672172877302	22.49672172877302	0.0
2003	2011	1	11.436526423433826	11.436526423433826	11.436526423433826	0.0
2003	2012	1	4.044001331325375	4.044001331325375	4.044001331325375	0.0
2003	2013	1	7.091960434271275	7.091960434271275	7.091960434271275	0.0
2003	2014	1	25.317808266973245	25.317808266973245	25.317808266973245	0.0
2003	2015	1	36.614594123837136	36.614594123837136	36.614594123837136	0.0
2004	2016	4	38.56487620354389	38.56487618856498	38.56487618856498	1.4978908779994526E-8
2004	2017	1	34.50151293625951	34.50151293625951	34.50151293625951	0.0
2004	2018	2	35.38310147644281	35.383101466463025	35.383101466463025	9.979785886571335E-9
2004	2019	1	36.59181072584524	36.59181072584524	36.59181072584524	0.0
2004	2020	2	39.649924578474675	39.64992456849489	39.64992456849489	9.979785886571335E-9
2004	2021	1	41.489046517696224	41.489046517696224	41.489046517696224	0.0
2004	2022	1	41.47696319150745	41.47696319150745	41.47696319150745	0.0
2004	2023	1	30.200277246667085	30.200277246667085	30.200277246667085	0.0
2004	2024	1	29.50128853668929	29.50128853668929	29.50128853668929	0.0
2004	2001	1	8.366199678442538	8.366199678442538	8.366199678442538	0.0
2004	2002	1	14.367134884732558	14.367134884732558	14.367134884732558	0.0
2004	2003	1	4.3578002174474	4.3578002174474	4.3578002174474	0.0
2004	2005	1	2.3458690974507808	2.3458690974507808	2.3458690974507808	0.0
2004	2006	1	12.339933631487385	12.339933631487385	12.339933631487385	0.0
2004	2007	2	33.31729898385389	33.3172989738741	33.3172989738741	9.979785886571335E-9
2004	2008	2	27.66828479251779	27.668284782538013	27.668284782538013	9.979778781143978E-9
2004	2009	1	12.389385786852426	12.389385786852426	12.389385786852426	0.0
2004	2010	1	18.19349578551909	18.19349578551909	18.19349578551909	0.0
2004	2011	1	7.133300480179894	7.133300480179894	7.133300480179894	0.0
2004	2012	1	8.401801548772774	8.401801548772774	8.401801548772774	0.0
2004	2013	1	11.449760651718673	11.449760651718673	11.449760651718673	0.0
2004	2014	1	21.014582323719317	21.014582323719317	21.014582323719317	0.0
2004	2015	1	32.3113681805832	32.3113681805832	32.3113681805832	0.0
2005	2016	4	36.21900710609311	36.21900709111421	36.21900709111421	1.497890167456717E-8
2005	2017	1	32.15564383880873	32.15564383880873	32.15564383880873	0.0
2005	2019	1	34.24594162839446	34.24594162839446	34.24594162839446	0.0
2005	2020	2	37.304055481023894	37.304055471044116	37.304055471044116	9.979778781143978E-9
2005	2021	1	43.34746891600739	43.34746891600739	43.34746891600739	0.0
2005	2022	1	39.131094094056664	39.131094094056664	39.131094094056664	0.0
2005	2023	1	32.594221290334794	32.594221290334794	32.594221290334794	0.0
2005	2001	1	10.76014372211025	10.76014372211025	10.76014372211025	0.0
2005	2002	2	16.76107894549771	16.76107892840027	16.76107892840027	1.7097441684654768E-8
2005	2003	1	6.751744261115113	6.751744261115113	6.751744261115113	0.0
2005	2004	1	2.3939440436677133	2.3939440436677133	2.3939440436677133	0.0
2005	2006	1	9.994064534036605	9.994064534036605	9.994064534036605	0.0
2005	2007	2	30.971429886403104	30.971429876423326	30.971429876423326	9.979778781143978E-9
2005	2008	2	25.32241569506701	25.322415685087233	25.322415685087233	9.979778781143978E-9
2005	2009	1	10.043516689401645	10.043516689401645	10.043516689401645	0.0
2005	2010	1	15.84762668806831	15.84762668806831	15.84762668806831	0.0
2005	2011	1	9.527244523847607	9.527244523847607	9.527244523847607	0.0
2005	2012	1	10.795745592440488	10.795745592440488	10.795745592440488	0.0
2005	2013	1	13.84370469538639	13.84370469538639	13.84370469538639	0.0
2005	2014	1	23.408526367387026	23.408526367387026	23.408526367387026	0.0
2005	2015	1	29.96549908313242	29.96549908313242	29.96549908313242	0.0
2006	2016	2	26.224942562076727	26.2249425570776	26.2249425570776	4.99912644613687E-9
2006	2017	2	35.58500204395406	35.58500203895493	35.58500203895493	4.999129998850549E-9
2006	2018	1	23.04316783497564	23.04316783497564	23.04316783497564	0.0
2006	2019	1	36.655885300159795	36.655885300159795	36.655885300159795	0.0
2006	2020	1	27.309990937007505	27.309990937007505	27.309990937007505	0.0
2006	2021	1	35.59802367021876	35.59802367021876	35.59802367021876	0.0
2006	2022	1	35.02312093731273	35.02312093731273	35.02312093731273	0.0
2006	2023	1	42.6259386217438	42.6259386217438	42.6259386217438	0.0
2006	2024	2	41.926949911766016	41.926949895733706	41.926949895733706	1.6032309702040948E-8
2006	2001	1	12.768049239209809	12.768049239209809	12.768049239209809	0.0
2006	2002	1	6.7670144114611075	6.7670144114611075	6.7670144114611075	0.0
2006	2003	2	16.78346159252412	16.783461576491813	16.783461576491813	1.603230614932727E-8
2006	2004	1	12.425661375076718	12.425661375076718	12.425661375076718	0.0
2006	2005	1	10.031717331409006	10.031717331409006	10.031717331409006	0.0
2006	2007	1	20.97736534238672	20.97736534238672	20.97736534238672	0.0
2006	2008	1	15.328351151050628	15.328351151050628	15.328351151050628	0.0
2006	2009	1	20.07523402081065	20.07523402081065	20.07523402081065	0.0
2006	2010	1	25.879344019477315	25.879344019477315	25.879344019477315	0.0
2006	2011	1	19.558961855256612	19.558961855256612	19.558961855256612	0.0
2006	2012	2	20.827462923849495	20.82746290781719	20.82746290781719	1.603230614932727E-8
2006	2013	2	23.875422026795395	23.87542201076309	23.87542201076309	1.603230614932727E-8
2006	2014	1	33.44024369879603	33.44024369879603	33.44024369879603	0.0
2006	2015	1	39.99721641454143	39.99721641454143	39.99721641454143	0.0
2007	2016	1	5.247577214690883	5.247577214690883	5.247577214690883	0.0
2007	2017	1	14.607636696568214	14.607636696568214	14.607636696568214	0.0
2007	2018	1	2.065802492588924	2.065802492588924	2.065802492588924	0.0
2007	2019	1	15.678519957773076	15.678519957773076	15.678519957773076	0.0
2007	2020	1	6.332625594620787	6.332625594620787	6.332625594620787	0.0
2007	2021	1	14.62065832783204	14.62065832783204	14.62065832783204	0.0
2007	2022	1	14.045755594926014	14.045755594926014	14.045755594926014	0.0
2007	2023	1	26.70711950343763	26.70711950343763	26.70711950343763	0.0
2007	2024	1	26.90367379619356	26.90367379619356	26.90367379619356	0.0
2007	2001	1	34.3641513099662	34.3641513099662	34.3641513099662	0.0
2007	2002	1	28.363116482217503	28.363116482217503	28.363116482217503	0.0
2007	2003	3	38.37956367659466	38.379563647248204	38.379563647248204	2.9346452379286347E-8
2007	2004	2	34.02176345914726	34.021763445833116	34.021763445833116	1.33141426772454E-8
2007	2005	2	31.627819415479543	31.6278194021654	31.6278194021654	1.33141426772454E-8
2007	2006	1	21.596102070756395	21.596102070756395	21.596102070756395	0.0
2007	2008	1	5.698353242819788	5.698353242819788	5.698353242819788	0.0
2007	2009	1	20.795677500920988	20.795677500920988	20.795677500920988	0.0
2007	2010	1	25.076805385215632	25.076805385215632	25.076805385215632	0.0
2007	2011	1	37.95465997043469	37.95465997043469	37.95465997043469	0.0
2007	2012	3	42.42356500792003	42.42356497857358	42.42356497857358	2.9346452379286347E-8
2007	2013	4	45.47152412782429	45.47152408151948	45.47152408151948	4.6304805323416076E-8
2007	2014	1	32.642629283163146	32.642629283163146	32.642629283163146	0.0
2007	2015	1	20.00136527638849	20.00136527638849	20.00136527638849	0.0
2008	2016	2	10.8965914110261	10.896591406026975	10.896591406026975	4.999124669780031E-9
2008	2017	2	20.25665089290343	20.256650887904307	20.256650887904307	4.999122893423191E-9
2008	2018	1	7.714816683925017	7.714816683925017	7.714816683925017	0.0
2008	2019	1	21.32753414910917	21.32753414910917	21.32753414910917	0.0
2008	2020	1	11.98163978595688	11.98163978595688	11.98163978595688	0.0
2008	2021	1	20.269672519168132	20.269672519168132	20.269672519168132	0.0
2008	2022	1	19.694769786262107	19.694769786262107	19.694769786262107	0.0
2008	2023	1	32.356133694773725	32.356133694773725	32.356133694773725	0.0
2008	2024	1	32.55268798752965	32.55268798752965	32.55268798752965	0.0
2008	2001	1	28.66579806714642	28.66579806714642	28.66579806714642	0.0
2008	2002	1	22.664763239397715	22.664763239397715	22.664763239397715	0.0
2008	2003	2	32.68121042046073	32.68121040442843	32.68121040442843	1.603230259661359E-8
2008	2004	2	28.32341021632747	28.323410203013328	28.323410203013328	1.33141426772454E-8
2008	2005	2	25.929466172659758	25.929466159345615	25.929466159345615	1.33141426772454E-8
2008	2006	1	15.897748827936608	15.897748827936608	15.897748827936608	0.0
2008	2007	1	5.649014191336093	5.649014191336093	5.649014191336093	0.0
2008	2009	1	15.097324258101201	15.097324258101201	15.097324258101201	0.0
2008	2010	1	20.901434256767864	20.901434256767864	20.901434256767864	0.0
2008	2011	1	33.779288841986926	33.779288841986926	33.779288841986926	0.0
2008	2012	2	36.725211751786105	36.7252117357538	36.7252117357538	1.603230259661359E-8
2008	2013	2	39.77317085473201	39.773170838699706	39.773170838699706	1.603230259661359E-8
2008	2014	1	38.29164347449924	38.29164347449924	38.29164347449924	0.0
2008	2015	1	25.650379467724584	25.650379467724584	25.650379467724584	0.0
2009	2016	3	26.1754904257214	26.17549041169234	26.17549041169234	1.4029058803544103E-8
2009	2017	1	22.112127149407083	22.112127149407083	22.112127149407083	0.0
2009	2018	1	22.99371568959038	22.99371568959038	22.99371568959038	0.0
2009	2019	1	24.202424938992817	24.202424938992817	24.202424938992817	0.0
2009	2020	1	27.260538791622245	27.260538791622245	27.260538791622245	0.0
2009	2021	1	33.303952226605745	33.303952226605745	33.303952226605745	0.0
2009	2022	1	29.087577404655022	29.087577404655022	29.087577404655022	0.0
2009	2023	2	41.7489413234532	41.74894131316664	41.74894131316664	1.0286562712735758E-8
2009	2024	1	42.727374494915566	42.727374494915566	42.727374494915566	0.0
2009	2001	1	21.592285636668805	21.592285636668805	21.592285636668805	0.0
2009	2002	2	27.593220860056267	27.593220842958825	27.593220842958825	1.7097441684654768E-8
2009	2003	1	17.58388617567367	17.58388617567367	17.58388617567367	0.0
2009	2004	1	13.226085958226268	13.226085958226268	13.226085958226268	0.0
2009	2005	1	10.832141914558555	10.832141914558555	10.832141914558555	0.0
2009	2006	1	20.82620644859516	20.82620644859516	20.82620644859516	0.0
2009	2007	1	20.92791319700146	20.92791319700146	20.92791319700146	0.0
2009	2008	1	15.278899005665366	15.278899005665366	15.278899005665366	0.0
2009	2010	1	5.8041099986666636	5.8041099986666636	5.8041099986666636	0.0
2009	2011	1	18.681964583885726	18.681964583885726	18.681964583885726	0.0
2009	2012	1	21.627887506999045	21.627887506999045	21.627887506999045	0.0
2009	2013	1	24.675846609944944	24.675846609944944	24.675846609944944	0.0
2009	2014	1	32.563246400505435	32.563246400505435	32.563246400505435	0.0
2009	2015	1	19.921982393730776	19.921982393730776	19.921982393730776	0.0
2010	2016	1	20.371380427054735	20.371380427054735	20.371380427054735	0.0
2010	2017	1	16.30801715074042	16.30801715074042	16.30801715074042	0.0
2010	2018	1	23.54827421830014	23.54827421830014	23.54827421830014	0.0
2010	2019	1	18.398314940326152	18.398314940326152	18.398314940326152	0.0
2010	2020	2	27.815097352216853	27.815097320332	27.815097320332	3.188485209193459E-8
2010	2021	1	27.499842227939084	27.499842227939084	27.499842227939084	0.0
2010	2022	1	23.283467405988358	23.283467405988358	23.283467405988358	0.0
2010	2023	2	35.944831324786534	35.94483131449998	35.94483131449998	1.02865556073084E-8
2010	2024	1	39.7828576963006	39.7828576963006	39.7828576963006	0.0
2010	2001	1	27.802364352094052	27.802364352094052	27.802364352094052	0.0
2010	2002	2	33.80329957548151	33.80329955838407	33.80329955838407	1.7097441684654768E-8
2010	2003	1	23.793964891098916	23.793964891098916	23.793964891098916	0.0
2010	2004	1	19.436164673651515	19.436164673651515	19.436164673651515	0.0
2010	2005	1	17.042220629983802	17.042220629983802	17.042220629983802	0.0
2010	2006	1	27.036285164020406	27.036285164020406	27.036285164020406	0.0
2010	2007	1	25.615009875136444	25.615009875136444	25.615009875136444	0.0
2010	2008	1	21.488977721090613	21.488977721090613	21.488977721090613	0.0
2010	2009	1	6.210078715425248	6.210078715425248	6.210078715425248	0.0
2010	2011	1	12.877854585219062	12.877854585219062	12.877854585219062	0.0
2010	2012	2	27.837966222424292	27.83796621598784	27.83796621598784	6.4364513718828675E-9
2010	2013	1	30.88592531893374	30.88592531893374	30.88592531893374	0.0
2010	2014	2	26.75913642875848	26.75913640183877	26.75913640183877	2.6919710904849126E-8
2010	2015	1	14.117872395064111	14.117872395064111	14.117872395064111	0.0
2011	2016	1	32.60831581216317	32.60831581216317	32.60831581216317	0.0
2011	2017	1	28.544952535848854	28.544952535848854	28.544952535848854	0.0
2011	2018	1	35.785209603408575	35.785209603408575	35.785209603408575	0.0
2011	2019	2	30.63525035197602	30.635250325434587	30.635250325434587	2.6541432163185164E-8
2011	2020	2	40.05203273732529	40.05203270544044	40.05203270544044	3.188485209193459E-8
2011	2021	1	38.89276114236647	38.89276114236647	38.89276114236647	0.0
2011	2022	3	35.52040281763823	35.52040279109679	35.52040279109679	2.6541435715898842E-8
2011	2023	1	23.066976766487187	23.066976766487187	23.066976766487187	0.0
2011	2024	1	26.905003161359534	26.905003161359534	26.905003161359534	0.0
2011	2001	1	15.589224233636674	15.589224233636674	15.589224233636674	0.0
2011	2002	1	21.590159439926694	21.590159439926694	21.590159439926694	0.0
2011	2003	1	11.580824772641536	11.580824772641536	11.580824772641536	0.0
2011	2004	1	7.2230245551941366	7.2230245551941366	7.2230245551941366	0.0
2011	2005	1	9.568893652644917	9.568893652644917	9.568893652644917	0.0
2011	2006	1	19.56295818668152	19.56295818668152	19.56295818668152	0.0
2011	2007	1	37.851945260244875	37.851945260244875	37.851945260244875	0.0
2011	2008	1	33.725913106199044	33.725913106199044	33.725913106199044	0.0
2011	2009	1	18.447014100533682	18.447014100533682	18.447014100533682	0.0
2011	2010	1	12.236935385108435	12.236935385108435	12.236935385108435	0.0
2011	2012	1	14.960111630768777	14.960111630768777	14.960111630768777	0.0
2011	2013	1	18.00807073371468	18.00807073371468	18.00807073371468	0.0
2011	2014	1	13.881281843539421	13.881281843539421	13.881281843539421	0.0
2011	2015	2	26.35480780671398	26.354807780172546	26.354807780172546	2.6541432163185164E-8
2012	2016	5	46.89018128244189	46.89018126883624	46.89018126883624	1.3605649940018338E-8
2012	2017	2	42.82681802015664	42.826817992789145	42.826817992789145	2.7367491384211462E-8
2012	2018	3	43.70840656033993	43.70840654673428	43.70840654673428	1.3605649940018338E-8
2012	2019	3	44.91711580974236	44.91711578237488	44.91711578237488	2.7367484278784104E-8
2012	2020	1	41.2827061596568	41.2827061596568	41.2827061596568	0.0
2012	2021	1	33.08724496892345	33.08724496892345	33.08724496892345	0.0
2012	2022	1	37.285001991159504	37.285001991159504	37.285001991159504	0.0
2012	2023	1	24.83157597337903	24.83157597337903	24.83157597337903	0.0
2012	2024	1	21.099486987916517	21.099486987916517	21.099486987916517	0.0
2012	2001	1	8.030478601638329	8.030478601638329	8.030478601638329	0.0
2012	2002	1	14.031413807928349	14.031413807928349	14.031413807928349	0.0
2012	2003	1	4.022079140643192	4.022079140643192	4.022079140643192	0.0
2012	2004	1	8.325305083897124	8.325305083897124	8.325305083897124	0.0
2012	2005	1	10.671174181347904	10.671174181347904	10.671174181347904	0.0
2012	2006	2	20.66523871538451	20.665238711758636	20.665238711758636	3.6258747115880396E-9
2012	2007	3	41.64260406775101	41.64260405414536	41.64260405414536	1.3605649940018338E-8
2012	2008	3	35.993589876414916	35.993589862809266	35.993589862809266	1.3605649940018338E-8
2012	2009	1	20.71469087074955	20.71469087074955	20.71469087074955	0.0
2012	2010	2	26.518800869416214	26.518800842048726	26.518800842048726	2.7367487831497783E-8
2012	2011	1	14.28186545694029	14.28186545694029	14.28186545694029	0.0
2012	2013	1	3.0479591029459003	3.0479591029459003	3.0479591029459003	0.0
2012	2014	1	28.16314730047971	28.16314730047971	28.16314730047971	0.0
2012	2015	2	40.63667326448032	40.63667326365427	40.63667323711284	8.260556683126197E-10
2013	2016	1	45.68687384571553	45.68687384571553	45.68687384571553	0.0
2013	2017	2	45.84970668426057	45.849706656893076	45.849706656893076	2.7367491384211462E-8
2013	2018	1	42.505099123613576	42.505099123613576	42.505099123613576	0.0
2013	2019	4	47.58064143507162	47.58064140233487	47.58064140233487	3.2736750199546805E-8
2013	2020	1	38.234747056710894	38.234747056710894	38.234747056710894	0.0
2013	2021	1	30.03928586597755	30.03928586597755	30.03928586597755	0.0
2013	2022	2	34.2370429065675	34.23704288821361	34.23704288821361	1.8353894404299353E-8
2013	2023	1	21.783616870433132	21.783616870433132	21.783616870433132	0.0
2013	2024	1	18.051527884970618	18.051527884970618	18.051527884970618	0.0
2013	2001	1	11.053367265742265	11.053367265742265	11.053367265742265	0.0
2013	2002	1	17.054302472032283	17.054302472032283	17.054302472032283	0.0
2013	2003	1	7.044967804747128	7.044967804747128	7.044967804747128	0.0
2013	2004	1	11.34819374800106	11.34819374800106	11.34819374800106	0.0
2013	2005	1	13.69406284545184	13.69406284545184	13.69406284545184	0.0
2013	2006	2	23.688127379488446	23.68812737586257	23.68812737586257	3.6258747115880396E-9
2013	2007	1	44.571834780449876	44.571834780449876	44.571834780449876	0.0
2013	2008	3	39.016478540518854	39.0164785269132	39.0164785269132	1.3605657045445696E-8
2013	2009	1	23.737579534853488	23.737579534853488	23.737579534853488	0.0
2013	2010	2	29.541689533520152	29.54168950615266	29.54168950615266	2.7367491384211462E-8
2013	2011	1	17.304754121044226	17.304754121044226	17.304754121044226	0.0
2013	2012	1	3.0228886641039363	3.0228886641039363	3.0228886641039363	0.0
2013	2014	1	30.826672926635023	30.826672926635023	30.826672926635023	0.0
2013	2015	1	43.30019887542672	43.30019887542672	43.30019885707283	0.0
2014	2016	2	33.62287770933194	33.62287767690011	33.62287767690011	3.2431827889922715E-8
2014	2017	1	24.220260432521062	24.220260432521062	24.220260432521062	0.0
2014	2018	1	30.44110298722998	30.44110298722998	30.44110298722998	0.0
2014	2019	1	16.753968508436596	16.753968508436596	16.753968508436596	0.0
2014	2020	1	26.170750920327297	26.170750920327297	26.170750920327297	0.0
2014	2021	1	25.011479298827048	25.011479298827048	25.011479298827048	0.0
2014	2022	2	21.6391209740988	21.639120959082135	21.639120959082135	1.5016667020972818E-8
2014	2023	1	9.185694922947768	9.185694922947768	9.185694922947768	0.0
2014	2024	1	13.023721317820115	13.023721317820115	13.023721317820115	0.0
2014	2001	1	29.438430095903897	29.438430095903897	29.438430095903897	0.0
2014	2002	1	35.43936530219392	35.43936530219392	35.43936530219392	0.0
2014	2003	1	25.43003063490876	25.43003063490876	25.43003063490876	0.0
2014	2004	1	21.072230417461363	21.072230417461363	21.072230417461363	0.0
2014	2005	1	23.418099514912143	23.418099514912143	23.418099514912143	0.0
2014	2006	1	33.412164048948746	33.412164048948746	33.412164048948746	0.0
2014	2007	1	32.50783864406628	32.50783864406628	32.50783864406628	0.0
2014	2008	1	38.206191886886074	38.206191886886074	38.206191886886074	0.0
2014	2009	1	32.296219951502266	32.296219951502266	32.296219951502266	0.0
2014	2010	1	26.08614123607702	26.08614123607702	26.08614123607702	0.0
2014	2011	1	13.849205862267224	13.849205862267224	13.849205862267224	0.0
2014	2012	1	28.809317493036	28.809317493036	28.809317493036	0.0
2014	2013	1	31.591571649450845	31.591571649450845	31.591571649450845	0.0
2014	2015	1	12.473525963174556	12.473525963174556	12.473525963174556	0.0
2015	2016	2	21.149351746157382	21.149351713725554	21.149351713725554	3.2431827889922715E-8
2015	2017	1	11.746734469346507	11.746734469346507	11.746734469346507	0.0
2015	2018	1	17.967577024055423	17.967577024055423	17.967577024055423	0.0
2015	2019	1	4.28044254526204	4.28044254526204	4.28044254526204	0.0
2015	2020	1	13.697224957152741	13.697224957152741	13.697224957152741	0.0
2015	2021	1	13.381969832874972	13.381969832874972	13.381969832874972	0.0
2015	2022	1	9.165595010924246	9.165595010924246	9.165595010924246	0.0
2015	2023	2	21.826958929722426	21.826958919435864	21.826958919435864	1.0286562712735758E-8
2015	2024	1	25.66498530123649	25.66498530123649	25.66498530123649	0.0
2015	2001	1	41.41497962499651	41.41497962499651	41.41497962499651	0.0
2015	2002	2	47.41591484838398	47.41591483128653	47.41591483128653	1.7097448790082126E-8
2015	2003	1	37.406580164001376	37.406580164001376	37.406580164001376	0.0
2015	2004	1	33.04877994655398	33.04877994655398	33.04877994655398	0.0
2015	2005	1	30.654835902886266	30.654835902886266	30.654835902886266	0.0
2015	2006	1	40.64890043692287	40.64890043692287	40.64890043692287	0.0
2015	2007	1	20.034312680891727	20.034312680891727	20.034312680891727	0.0
2015	2008	1	25.732665923711515	25.732665923711515	25.732665923711515	0.0
2015	2009	1	19.82269398832771	19.82269398832771	19.82269398832771	0.0
2015	2010	1	13.612615272902463	13.612615272902463	13.612615272902463	0.0
2015	2011	2	26.49046986904188	26.490469858121525	26.490469858121525	1.0920356174892731E-8
2015	2012	3	41.45058149981066	41.4505814888903	41.4505814888903	1.092035972760641E-8
2015	2013	1	44.23283563286722	44.23283563286722	44.23283563286722	0.0
2015	2014	1	12.641264006774659	12.641264006774659	12.641264006774659	0.0
2016	2017	1	9.360059481877332	9.360059481877332	9.360059481877332	0.0
2016	2018	1	3.176893791245406	3.176893791245406	3.176893791245406	0.0
2016	2019	1	16.789611193933037	16.789611193933037	16.789611193933037	0.0
2016	2020	1	7.443716893277268	7.443716893277268	7.443716893277268	0.0
2016	2021	1	15.731749626488522	15.731749626488522	15.731749626488522	0.0
2016	2022	1	15.156846893582497	15.156846893582497	15.156846893582497	0.0
2016	2023	1	27.818210802094114	27.818210802094114	27.818210802094114	0.0
2016	2024	1	28.01476509485004	28.01476509485004	28.01476509485004	0.0
2016	2001	1	39.60778073396437	39.60778073396437	39.60778073396437	0.0
2016	2002	1	33.606745906215664	33.606745906215664	33.606745906215664	0.0
2016	2003	2	43.62319307124638	43.62319306162367	43.62319306162367	9.622709740142454E-9
2016	2004	3	39.265392883145424	39.26539284417627	39.26539284417627	3.8969155014001444E-8
2016	2005	3	36.87144883947771	36.87144880050855	36.87144880050855	3.8969155014001444E-8
2016	2006	1	26.83973149475456	26.83973149475456	26.83973149475456	0.0
2016	2007	1	5.24362944808171	5.24362944808171	5.24362944808171	0.0
2016	2008	1	10.941982666817953	10.941982666817953	10.941982666817953	0.0
2016	2009	2	26.039306924919153	26.039306885949998	26.039306885949998	3.8969155014001444E-8
2016	2010	1	19.82922817052475	19.82922817052475	19.82922817052475	0.0
2016	2011	1	32.70708275574381	32.70708275574381	32.70708275574381	0.0
2016	2012	2	47.66719440257175	47.66719438651259	47.66719438651259	1.6059161112025322E-8
2016	2013	1	46.58261542648077	46.58261542648077	46.58261542648077	0.0
2016	2014	1	33.75372051932311	33.75372051932311	33.75372051932311	0.0
2016	2015	1	21.11245651254845	21.11245651254845	21.11245651254845	0.0
2017	2016	1	9.402617244379048	9.402617244379048	9.402617244379048	0.0
2017	2018	1	12.579511035624453	12.579511035624453	12.579511035624453	0.0
2017	2019	1	7.429551712055705	7.429551712055705	7.429551712055705	0.0
2017	2020	2	16.846334137656314	16.846334123946406	16.846334123946406	1.3709907875636418E-8
2017	2021	3	25.134366870867566	25.13436685715766	25.13436685715766	1.3709907875636418E-8
2017	2022	1	20.917992041595365	20.917992041595365	20.917992041595365	0.0
2017	2023	2	33.57935596039354	33.57935595010699	33.57935595010699	1.02865556073084E-8
2017	2024	3	37.417382339229086	37.41738232551918	37.41738232551918	1.3709907875636418E-8
2017	2001	1	44.11038150283448	44.11038150283448	44.11038150283448	0.0
2017	2002	1	43.009363150594716	43.009363150594716	43.009363150594716	0.0
2017	2003	1	40.10198204183934	40.10198204183934	40.10198204183934	0.0
2017	2004	1	35.744181824391944	35.744181824391944	35.744181824391944	0.0
2017	2005	1	33.35023778072423	33.35023778072423	33.35023778072423	0.0
2017	2006	1	36.24234873913361	36.24234873913361	36.24234873913361	0.0
2017	2007	1	14.646246692460757	14.646246692460757	14.646246692460757	0.0
2017	2008	2	20.344599935280545	20.344599911197	20.344599911197	2.4083544047925898E-8
2017	2009	1	22.51809586616567	22.51809586616567	22.51809586616567	0.0
2017	2010	1	16.308017150740422	16.308017150740422	16.308017150740422	0.0
2017	2011	1	29.185871735959484	29.185871735959484	29.185871735959484	0.0
2017	2012	2	44.14598337316472	44.14598336672826	44.14598336672826	6.436458477310225E-9
2017	2013	2	47.19394247611062	47.19394246967416	47.19394246967416	6.436458477310225E-9
2017	2014	1	24.393661037445778	24.393661037445778	24.393661037445778	0.0
2017	2015	1	11.75239703067112	11.75239703067112	11.75239703067112	0.0
2018	2016	1	3.1817747221019586	3.1817747221019586	3.1817747221019586	0.0
2018	2017	1	12.541834203979292	12.541834203979292	12.541834203979292	0.0
2018	2019	1	13.612717465184152	13.612717465184152	13.612717465184152	0.0
2018	2020	1	4.2668231020318625	4.2668231020318625	4.2668231020318625	0.0
2018	2021	1	12.554855835243115	12.554855835243115	12.554855835243115	0.0
2018	2022	1	11.979953102337092	11.979953102337092	11.979953102337092	0.0
2018	2023	1	24.64131701084871	24.64131701084871	24.64131701084871	0.0
2018	2001	1	36.43088696680251	36.43088696680251	36.43088696680251	0.0
2018	2004	2	36.088499115983566	36.088499102669424	36.088499102669424	1.33141426772454E-8
2018	2006	1	23.662837727592702	23.662837727592702	23.662837727592702	0.0
2018	2007	1	2.066735656836304	2.066735656836304	2.066735656836304	0.0
2018	2008	1	7.765088899656092	7.765088899656092	7.765088899656092	0.0
2018	2009	1	22.862413157757295	22.862413157757295	22.862413157757295	0.0
2018	2010	1	23.01100289262671	23.01100289262671	23.01100289262671	0.0
2018	2011	1	35.888857477845775	35.888857477845775	35.888857477845775	0.0
2018	2012	3	44.49030066475634	44.490300635409895	44.490300635409895	2.934644527385899E-8
2018	2013	1	43.405721635235366	43.405721635235366	43.405721635235366	0.0
2018	2014	1	30.576826790574227	30.576826790574227	30.576826790574227	0.0
2018	2015	1	17.93556278379957	17.93556278379957	17.93556278379957	0.0
2019	2016	2	16.86890920089534	16.868909168463514	16.868909168463514	3.2431827889922715E-8
2019	2017	1	7.466291924084467	7.466291924084467	7.466291924084467	0.0
2019	2018	1	13.687134478793382	13.687134478793382	13.687134478793382	0.0
2019	2	2	53.55816927148263	53.5581692650942	53.5581692650942	6.3884328938002E-9
2019	2020	1	9.4167824118907	9.4167824118907	9.4167824118907	0.0
2019	2021	2	17.704815151490386	17.704815145101954	17.704815145101954	6.3884328938002E-9
2019	2022	1	13.48844032953966	13.48844032953966	13.48844032953966	0.0
2019	2023	2	26.14980424833784	26.149804238051278	26.149804238051278	1.0286562712735758E-8
2019	2024	2	29.987830619851906	29.987830613463473	29.987830613463473	6.3884328938002E-9
2019	2001	1	45.73782494361193	45.73782494361193	45.73782494361193	0.0
2019	2002	1	44.11698661784719	44.11698661784719	44.11698661784719	0.0
2019	2004	1	37.3716252651694	37.3716252651694	37.3716252651694	0.0
2019	2005	1	34.97768122150168	34.97768122150168	34.97768122150168	0.0
2019	2006	1	37.349972206386084	37.349972206386084	37.349972206386084	0.0
2019	2007	1	15.753870135629686	15.753870135629686	15.753870135629686	0.0
2019	2008	1	21.452223378449474	21.452223378449474	21.452223378449474	0.0
2019	2009	1	24.145539306943125	24.145539306943125	24.145539306943125	0.0
2019	2010	1	17.935460591517877	17.935460591517877	17.935460591517877	0.0
2019	2011	2	30.813315187657295	30.81331517673694	30.81331517673694	1.0920356174892731E-8
2019	2012	3	45.773426818426074	45.773426807505714	45.773426807505714	1.092035972760641E-8
2019	2013	2	48.555680951482636	48.5556809450942	48.5556809450942	6.3884328938002E-9
2019	2014	1	16.964109325390073	16.964109325390073	16.964109325390073	0.0
2019	2015	1	4.322845318615414	4.322845318615414	4.322845318615414	0.0
2020	2016	1	7.45212678900464	7.45212678900464	7.45212678900464	0.0
2020	2017	2	16.812186287236756	16.812186270881973	16.812186270881973	1.635478241723831E-8
2020	2018	1	4.2703520669026815	4.2703520669026815	4.2703520669026815	0.0
2020	2019	1	9.34589436315229	9.34589436315229	9.34589436315229	0.0
2020	2021	1	8.288032733211253	8.288032733211253	8.288032733211253	0.0
2020	2022	1	7.713130000305228	7.713130000305228	7.713130000305228	0.0
2020	2023	1	20.374493908816845	20.374493908816845	20.374493908816845	0.0
2020	2024	1	20.571048201572772	20.571048201572772	20.571048201572772	0.0
2020	2001	1	40.70123903370519	40.70123903370519	40.70123903370519	0.0
2020	2002	1	34.70020420595649	34.70020420595649	34.70020420595649	0.0
2020	2004	2	40.35885118288625	40.358851169572105	40.358851169572105	1.33141426772454E-8
2020	2005	2	37.96490713921853	37.96490712590439	37.96490712590439	1.33141426772454E-8
2020	2006	1	27.933189794495384	27.933189794495384	27.933189794495384	0.0
2020	2007	1	6.3370877237389855	6.3370877237389855	6.3370877237389855	0.0
2020	2008	1	12.035440966558774	12.035440966558774	12.035440966558774	0.0
2020	2009	1	27.132765224659977	27.132765224659977	27.132765224659977	0.0
2020	2010	2	27.28135495952939	27.281354954670167	27.281354954670167	4.859224134179385E-9
2020	2011	3	40.159209550809585	40.15920953988923	40.15920953988923	1.0920352622179053E-8
2020	2012	1	42.16178719730744	42.16178719730744	42.16178719730744	0.0
2020	2013	1	39.1388985332035	39.1388985332035	39.1388985332035	0.0
2020	2014	1	26.310003688542363	26.310003688542363	26.310003688542363	0.0
2020	2015	1	13.668739681767704	13.668739681767704	13.668739681767704	0.0
2021	2016	1	15.647587979737985	15.647587979737985	15.647587979737985	0.0
2021	2017	2	25.007647461615317	25.00764746044178	25.00764746044178	1.1735359350950603E-9
2021	2018	1	12.465813257636027	12.465813257636027	12.465813257636027	0.0
2021	2019	1	17.541355536357315	17.541355536357315	17.541355536357315	0.0
2021	2020	1	8.195461190733345	8.195461190733345	8.195461190733345	0.0
2021	2022	1	4.197757022236056	4.197757022236056	4.197757022236056	0.0
2021	2023	1	16.015104453824033	16.015104453824033	16.015104453824033	0.0
2021	2024	1	12.28301546836152	12.28301546836152	12.28301546836152	0.0
2021	2001	1	41.904233065734516	41.904233065734516	41.904233065734516	0.0
2021	2004	1	42.199059547993315	42.199059547993315	42.199059547993315	0.0
2021	2005	1	43.915748893981544	43.915748893981544	43.915748893981544	0.0
2021	2006	1	36.12865098522873	36.12865098522873	36.12865098522873	0.0
2021	2007	1	14.532548914472331	14.532548914472331	14.532548914472331	0.0
2021	2008	1	20.23090215729212	20.23090215729212	20.23090215729212	0.0
2021	2009	1	33.08360697942299	33.08360697942299	33.08360697942299	0.0
2021	2010	1	26.87352826399774	26.87352826399774	26.87352826399774	0.0
2021	2011	1	38.90736637229315	38.90736637229315	38.90736637229315	0.0
2021	2012	1	33.87375446409619	33.87375446409619	33.87375446409619	0.0
2021	2013	1	30.85086579999225	30.85086579999225	30.85086579999225	0.0
2021	2014	1	25.058160510025925	25.058160510025925	25.058160510025925	0.0
2021	2015	1	13.260912991095276	13.260912991095276	13.260912991095276	0.0
2022	2016	1	15.165256789309868	15.165256789309868	15.165256789309868	0.0
2022	2017	1	20.809890438205727	20.809890438205727	20.809890438205727	0.0
2022	2018	1	11.983482067207909	11.983482067207909	11.983482067207909	0.0
2022	2019	1	13.343598514121261	13.343598514121261	13.343598514121261	0.0
2022	2020	1	7.713130000305228	7.713130000305228	7.713130000305228	0.0
2022	2021	1	4.216374821950726	4.216374821950726	4.216374821950726	0.0
2022	2023	1	12.661363908511618	12.661363908511618	12.661363908511618	0.0
2022	2024	2	16.499390303383965	16.499390290312245	16.499390290312245	1.3071719706658769E-8
2022	2001	2	46.120607900756966	46.12060788768524	46.12060788768524	1.3071726812086126E-8
2022	2002	1	42.413334206261716	42.413334206261716	42.413334206261716	0.0
2022	2003	2	42.11220843976183	42.1122084266901	42.1122084266901	1.3071726812086126E-8
2022	2004	1	42.1119359154132	42.1119359154132	42.1119359154132	0.0
2022	2005	1	39.71799187174548	39.71799187174548	39.71799187174548	0.0
2022	2006	1	35.64631979480061	35.64631979480061	35.64631979480061	0.0
2022	2007	1	14.050217724044213	14.050217724044213	14.050217724044213	0.0
2022	2008	1	19.748570966864	19.748570966864	19.748570966864	0.0
2022	2009	1	28.88584995718693	28.88584995718693	28.88584995718693	0.0
2022	2010	1	22.675771241761684	22.675771241761684	22.675771241761684	0.0
2022	2011	2	35.55362582698075	35.553625826980735	35.553625826980735	1.4210854715202004E-14
2022	2012	2	38.09012929911864	38.09012928604691	38.09012928604691	1.3071726812086126E-8
2022	2013	2	35.0672406350147	35.06724062194297	35.06724062194297	1.3071726812086126E-8
2022	2014	1	21.70441996471351	21.70441996471351	21.70441996471351	0.0
2022	2015	1	9.06315596885922	9.06315596885922	9.06315596885922	0.0
2023	2016	1	27.61868282544424	27.61868282544424	27.61868282544424	0.0
2023	2017	2	33.26331648872296	33.263316474340094	33.263316474340094	1.4382862900674809E-8
2023	2018	1	24.43690810334228	24.43690810334228	24.43690810334228	0.0
2023	2019	2	25.797024564638487	25.797024550255628	25.797024550255628	1.438285934796113E-8
2023	2020	1	20.166556036439598	20.166556036439598	20.166556036439598	0.0
2023	2021	1	15.82578437587928	15.82578437587928	15.82578437587928	0.0
2023	2022	1	12.453426036134369	12.453426036134369	12.453426036134369	0.0
2023	2024	1	3.8380263948723474	3.8380263948723474	3.8380263948723474	0.0
2023	2001	1	33.45924399224534	33.45924399224534	33.45924399224534	0.0
2023	2003	1	29.450844531250205	29.450844531250205	29.450844531250205	0.0
2023	2004	1	30.115286473663254	30.115286473663254	30.115286473663254	0.0
2023	2005	1	32.461155571114034	32.461155571114034	32.461155571114034	0.0
2023	2006	1	42.45522010515064	42.45522010515064	42.45522010515064	0.0
2023	2007	1	26.503643760178583	26.503643760178583	26.503643760178583	0.0
2023	2008	1	32.20199700299837	32.20199700299837	32.20199700299837	0.0
2023	2009	2	41.33927600770416	41.3392759933213	41.3392759933213	1.4382855795247451E-8
2023	2010	3	35.129197303577556	35.129197277896054	35.129197277896054	2.568150136994518E-8
2023	2011	1	22.892261918469117	22.892261918469117	22.892261918469117	0.0
2023	2012	1	25.428765390607012	25.428765390607012	25.428765390607012	0.0
2023	2013	1	22.405876726503077	22.405876726503077	22.405876726503077	0.0
2023	2014	1	9.043056056201891	9.043056056201891	9.043056056201891	0.0
2023	2015	2	21.516582019376447	21.516582004993587	21.516582004993587	1.438285934796113E-8
2024	2016	1	27.635345960744917	27.635345960744917	27.635345960744917	0.0
2024	2017	2	36.99540544262225	36.99540544144872	36.99540544144872	1.1735323823813815E-9
2024	2019	1	29.52911351736425	29.52911351736425	29.52911351736425	0.0
2024	2020	1	20.183219171740276	20.183219171740276	20.183219171740276	0.0
2024	2021	1	11.987757981006933	11.987757981006933	11.987757981006933	0.0
2024	2022	1	16.18551500324299	16.18551500324299	16.18551500324299	0.0
2024	2023	1	3.732088985462515	3.732088985462515	3.732088985462515	0.0
2024	2001	1	29.621217597372997	29.621217597372997	29.621217597372997	0.0
2024	2004	1	29.916044079631792	29.916044079631792	29.916044079631792	0.0
2024	2006	2	42.25597771111918	42.2559777074933	42.2559777074933	3.6258782643017184E-9
2024	2007	1	26.520306895479262	26.520306895479262	26.520306895479262	0.0
2024	2008	1	32.21866013829905	32.21866013829905	32.21866013829905	0.0
2024	2009	1	42.30542986648422	42.30542986648422	42.30542986648422	0.0
2024	2010	1	38.86128624500468	38.86128624500468	38.86128624500468	0.0
2024	2011	1	26.624350903931628	26.624350903931628	26.624350903931628	0.0
2024	2012	1	21.590738995734668	21.590738995734668	21.590738995734668	0.0
2024	2013	1	18.56785033163073	18.56785033163073	18.56785033163073	0.0
2024	2014	1	12.775145041664405	12.775145041664405	12.775145041664405	0.0
2024	2015	1	25.24867097210221	25.24867097210221	25.24867097210221	0.0
