source 	 destination 	 fft 	 flow 	 cost(min)
285	286	0.579924242	1725.4328991653397	0.5808309757507942
307	306	0.5	1632.4914313737856	0.5006264549797098
278	100	0.5	0.0	0.5
254	255	2.0	407.0999999999998	2.00000969059905
152	151	0.621643949	4436.200000000001	0.6350823455967742
245	244	1.046881454	6769.699999999998	1.0971500112344283
316	317	0.859848485	1015.5352769234737	0.8600098161416201
338	337	2.0	102.09999999999997	2.0000000383397416
409	410	0.220075758	1040.1999999999998	0.22012121029574844
273	292	2.0	166.70000000000005	2.000000272451131
121	120	0.545229244	6372.680316499055	0.5954206019788825
302	27	0.149068323	5421.831435237094	0.14983494007698125
354	370	2.0	648.8651477464829	2.0000625408826433
90	89	0.272614622	5309.152068304455	0.28470419825283183
388	405	2.0	185.0	2.000000413269285
378	379	2.0	540.2999999999992	2.0000300667222426
303	42	1.0	0.0	1.0
408	211	0.5	1867.80803772923	0.5869561299405675
25	269	0.149068323	5571.031823911182	0.14992287206164137
317	311	0.720075758	1242.1352769234736	0.7203781497888088
273	26	0.149068323	525.2000000000002	0.14906839049837448
29	308	0.149068323	7365.047931695555	0.15167866105380604
183	182	0.392606361	4514.767100834643	0.4017109430013367
343	329	1.0	1089.0183298705354	1.0002481172610873
407	53	1.059848485	0.0	1.059848485
324	129	0.5	397.19999999999993	0.5001778312995704
400	399	0.5	7125.700000000012	0.7274030894116279
266	24	0.149068323	5011.459037807226	0.1496278888269355
313	314	0.779924242	0.0	0.779924242
217	216	0.588806278	713.1	0.5888097589308745
180	179	1.908302354	1448.8880724084183	1.9087717591047824
338	10	1.0	777.7000000000003	1.0000645304384006
248	247	0.392606361	4877.502098549373	0.39768641598213156
281	267	1.640151515	2215.1000000000004	1.6471173556856042
109	289	0.5	0.0	0.5
211	210	0.774266832	6683.908037729229	0.8605197491761662
257	258	2.0	125.20000000000003	2.0000000866889076
58	145	0.333333333	4669.299999999999	0.33695582202354835
32	332	0.149068323	3698.5367408517345	0.14923432533369674
259	267	1.920075758	32.2	1.9200757583641315
231	56	0.333333333	2540.8000000000006	0.3336509340204426
350	126	0.5	840.7037115723683	0.503568971681722
54	230	0.333333333	0.0	0.333333333
177	360	0.5	0.0	0.5
406	38	0.149068323	4103.500785294754	0.1493198661689099
87	86	1.090458488	9662.499999999993	1.6210110772685768
84	83	0.229037588	3810.2133846332426	0.2317320075935483
286	302	0.420075758	1725.4328991653397	0.4207325625273559
290	94	0.5	2240.1754674568842	0.6799282643143365
258	68	0.5	55.300000000000026	0.5000000668146608
124	123	0.8614209	6235.380316499055	0.9341031676419027
350	351	0.859848485	142.79628842763213	0.8598485480675309
239	238	0.229037588	4261.800000000002	0.230765017146194
284	106	0.5	0.0	0.5
344	343	2.0	919.2999999999954	2.000251985328835
214	7	1.090458488	4983.599999999986	1.1058366016885113
270	269	1.0	5530.800000000001	1.165069956353054
282	281	0.579924242	2215.1000000000004	0.5823872216958069
208	207	0.283560512	4868.900000000001	0.2924551943836666
330	319	0.859848485	1725.8520683044535	0.8611941979123734
384	385	2.0	43.1	2.0000000012174617
341	342	1.0	1174.4999999999995	1.0003356821933593
403	404	1.0	1129.5000000000023	1.0002871184896556
372	373	2.0	966.6505563488075	2.000308052144422
65	64	0.349029327	6268.06472307653	0.37910096483097055
251	250	0.054522924	2352.2999999999997	0.05456108952089005
396	215	0.5	2923.691791079887	1.0220325659560237
96	95	1.243081371	2040.7999999999995	1.2442849167783159
303	43	1.540151515	0.0	1.540151515
387	371	2.0	177.2	2.000000347857271
303	289	1.220075758	887.1999999999999	1.2202091068118466
256	266	1.920075758	199.19999999999982	1.9200762913249736
99	283	0.5	1328.6056852693052	0.5222615638112815
45	340	1.0	0.0	1.0
93	92	0.349029327	2364.208366622232	0.3496379749909583
322	18	1.0	1692.599999999995	1.0014478833232208
50	373	1.0	0.0	1.0
273	272	0.279924242	4036.000000000002	0.2930269589972638
236	235	0.119991739	8547.700000000003	0.13463607395465949
212	408	0.5	1760.4999999999995	0.5686302151869003
316	315	1.0	28.610420216504636	1.0000000001181988
242	241	0.621643949	4576.700000000003	0.6278794695434803
157	349	0.5	457.59999999999997	0.5003132674746587
381	382	0.5	314.5000000000001	0.5000008629165992
285	284	0.279924242	2215.1000000000004	0.281113100258507
36	394	0.149068323	5122.05307567913	0.14967894260210982
77	141	0.333333333	1761.613384633242	0.3335125100672012
205	204	0.272614622	4868.900000000001	0.28116595539522715
277	228	0.5	0.0	0.5
45	341	1.0	0.0	1.0
347	245	0.5	1784.8999999999999	0.5725148246537877
276	296	2.0	648.3000000000001	2.0000623232800248
40	268	1.320075758	0.0	1.320075758
380	19	1.0	415.1719999999998	1.000005241172389
9	379	1.0	1144.1244524834167	1.0003022799139565
405	414	2.0	324.4	2.000003907235585
274	41	1.0	0.0	1.0
6	213	1.090458488	6576.6	1.1370960748889005
291	110	0.5	0.0	0.5
99	98	0.272614622	2040.7999999999995	0.27287856624779394
34	385	0.149068323	2646.439683500945	0.1491118383464044
257	14	1.0	36.99999999999998	1.0000000003306155
103	59	0.333333333	0.0	0.333333333
378	51	1.0	0.0	1.0
93	195	0.333333333	0.0	0.333333333
375	376	0.720075758	760.8784023854391	0.7201183330765147
279	278	0.5	0.0	0.5
202	201	0.817843866	3500.7999999999997	0.8247003406605742
359	360	0.5	2219.4999999999873	0.5021404585470938
378	361	2.0	4684.600000000005	2.1699167809009197
328	329	1.0	353.88167012946434	1.0000027666135058
109	108	0.272614622	2368.6866153667584	0.2730936278786489
288	287	0.720075758	887.1999999999999	0.7201544590528971
140	139	0.272614622	5925.119069902555	0.29136883086268917
402	37	0.149068323	6027.619683500953	0.15023937940563348
195	194	0.741429162	9080.63527692347	1.0228108739357231
226	225	0.937835605	1704.9367408517344	0.9380167728027554
52	402	1.0	0.0	1.0
47	333	0.940151515	0.0	0.940151515
414	405	2.0	375.1000000000001	2.0000069844863355
203	359	0.5	1765.6784023854395	0.5694412711491786
297	298	0.5	425.20000000000016	0.5000028830969555
402	385	2.0	343.5000000000001	2.0000049119414456
171	170	0.065468815	2343.8724596542716	0.0655791038626273
20	397	1.0	503.59999999999997	1.000011346426534
304	305	0.920075758	5199.982718246794	1.0387475250251583
223	222	0.425237505	0.0	0.425237505
116	294	0.5	2329.3999999999937	0.7103524271662858
133	132	0.468814539	7711.9114953232465	0.5613717995609219
363	358	1.720075758	140.37215396336953	1.7200758758114907
78	77	0.272614622	4493.013384633243	0.27881561539492083
256	78	0.5	2226.1000000000004	0.6754486058439063
168	167	0.272614622	5350.300000000005	0.2850833731246808
370	386	2.0	0.0	2.0
393	394	0.140151515	3492.5000000000045	0.14382992111277504
292	305	1.859848485	166.70000000000005	1.8598487383589117
356	357	2.0	1145.4494436511784	2.0006073652185514
174	173	0.229037588	3690.6806685743704	0.23140947456416414
294	295	0.279924242	3320.59999999999	0.28592799732579033
387	388	2.0	793.6999999999999	2.0001400140882377
406	389	2.0	1441.4999999999995	2.0015233679080953
263	264	2.0	248.99999999999963	2.000001356262031
137	136	0.632383313	4472.2445634574315	0.6465036107297485
81	80	0.272614622	2796.513384633243	0.27354525410007535
130	129	0.272614622	5916.580316499056	0.2912609567549449
291	290	0.5	217.30000000000013	0.5000001966641183
330	339	0.640151515	0.0	0.640151515
307	308	0.5	6254.274401445091	0.634956544786444
161	160	0.272614622	2940.2	0.27375177241015203
267	281	1.640151515	396.8272138960354	1.6401586897369107
18	348	1.0	983.5000000000005	1.0001650492962095
167	166	1.090458488	6522.200000000003	1.2005989411736255
127	126	0.272614622	6313.7803164990555	0.2967952895827655
30	341	0.149068323	2482.73117882419	0.14910202946729187
333	321	0.720075758	0.0	0.720075758
79	256	0.5	567.3	0.5007399840813751
381	160	0.5	0.0	0.5
238	61	0.333333333	0.0	0.333333333
164	163	0.272614622	1722.0000000000002	0.27274841796240396
21	412	1.0	1347.0	1.000580746502072
259	80	0.5	37.7	0.5000000144323364
40	269	1.320075758	0.0	1.320075758
300	301	0.5	343.40000000000003	0.5000012265560173
270	271	0.579924242	1652.8916333777681	0.580687840398206
390	391	0.720075758	803.6919622707738	0.7201287551981389
385	34	0.149068323	667.3727193672062	0.14906849898199767
384	367	2.279924242	0.0	2.279924242
295	308	0.720075758	3320.59999999999	0.7355197889855872
322	323	2.0	1885.2999999999995	2.004457261206272
260	261	0.5	0.0	0.5
305	321	3.279924242	0.0	3.279924242
300	280	0.420075758	0.0	0.420075758
353	354	1.0	142.79628842763213	1.0000000733472605
279	280	0.420075758	0.0	0.420075758
72	71	0.272614622	6819.2000000000035	0.3055182761360961
177	176	0.272614622	1534.3880724084183	0.27269896543314526
25	268	0.149068323	6851.600000000006	0.1510233936097842
403	386	2.0	0.0	2.0
334	335	0.279924242	1120.3479316955468	0.28000203999374756
220	219	0.50165221	1801.2367408517348	0.5017729377589246
55	59	0.333333333	1785.0	0.3334106994817899
115	114	0.229037588	5296.708568626216	0.23909977415072362
232	231	0.316191656	5000.568821175816	0.32071176867951223
289	303	1.220075758	543.4000000000001	1.2200945244252892
201	200	0.272614622	3331.7999999999997	0.2744897292576297
30	340	0.149068323	2718.799999999995	0.14911679640071834
154	323	0.5	294.09999999999997	0.5000534504469374
312	320	2.720075758	225.90000000000015	2.72007700757447
146	145	0.119991739	5545.800000000003	0.12632707181204536
223	346	0.5	237.50078529475257	0.5000227316752403
90	293	0.5	235.10000000000005	0.5000218263823833
263	16	1.0	241.50000000000003	1.000000600046297
327	315	1.079924242	784.1647230765286	1.0799962761961097
158	157	0.8614209	3747.2	0.8709008090644637
310	313	0.279924242	155.9	0.27992427117031987
198	197	0.152622883	5733.078776601712	0.16182594957335203
103	61	0.333333333	3234.586615366758	0.3341675424525886
143	142	0.937835605	8283.900000000005	1.184341540294796
47	332	0.920075758	0.0	0.920075758
385	402	2.0	2190.5196835009447	2.0081233442001323
357	373	2.0	1242.3807852947527	2.0008405530323943
325	326	0.859848485	0.0	0.859848485
288	289	0.5	1409.3	0.500347936533137
319	320	1.0	230.30000000000004	1.0000004962402325
393	170	0.5	2680.1360687027504	0.8686367399141615
368	369	1.420075758	187.00371157236822	1.4200760643575858
44	308	1.0	0.0	1.0
416	23	1.0	387.9000000000008	1.000003993883
147	57	0.333333333	2332.1	0.33355875102580584
69	68	0.272614622	4726.400000000001	0.28020795269047644
323	153	0.5	1560.3999999999996	0.5423560068176682
331	332	1.920075758	2317.7846725472814	1.9298509867802556
112	111	0.697852127	3381.7866153667587	0.7029467198713528
220	363	0.5	0.0	0.5
399	400	0.5	935.1000000000021	0.5000674401382779
351	367	2.0	0.0	2.0
266	265	1.0	3728.000000000001	1.034073742298814
192	191	0.894258571	7373.6352769234745	1.041812573188863
155	154	0.316191656	3289.6	0.3182583874598795
11	309	1.0	485.8000000000021	1.0000098253099972
19	364	1.0	723.5000000000001	1.0000483359614525
107	284	0.5	0.0	0.5
106	105	0.392606361	3234.586615366758	0.395005159372706
101	278	0.5	0.0	0.5
21	413	1.0	1294.8000000000006	1.00049582335842
282	283	0.359848485	396.8272138960354	0.35985005913396506
186	185	0.392606361	7210.678248744518	0.45184745548764627
329	343	1.0	1043.6548754189278	1.000209287767227
389	50	1.0	0.0	1.0
409	167	0.5	1171.9	0.513475145399571
413	21	1.0	1111.899999999998	1.0002696367852957
355	343	2.0	660.3183298705352	2.000067074837278
127	350	0.5	0.0	0.5
229	228	0.468814539	3815.80000000001	0.471086833972826
189	188	0.774266832	5891.78661536675	0.8263431135840599
149	148	0.272614622	5736.400000000003	0.28909124208262293
309	11	1.0	36.99999999999995	1.0000000003306155
365	366	0.5	61.80000000000001	0.5000000012865898
308	29	0.149068323	9733.474401445079	0.15703112668007554
332	345	0.720075758	2223.1367408517344	0.7231785960929856
299	315	1.920075758	670.7688211758094	1.9201443267218234
343	355	2.0	795.1	2.0001410045832344
402	403	1.0	1129.5000000000023	1.0002871184896556
159	158	0.272614622	2940.2	0.27375177241015203
371	372	2.0	813.0152782048726	2.0001541491176638
393	392	0.420075758	2285.1007634130724	0.42209628780479624
64	189	0.333333333	38.50000000000003	0.33333333304087737
386	370	2.0	0.0	2.0
97	96	0.272614622	2040.7999999999995	0.27287856624779394
331	330	0.420075758	836.8	0.4201120934485316
10	338	1.0	102.09999999999997	1.0000000191698708
266	39	1.459848485	0.0	1.459848485
267	259	1.920075758	23.999999999999975	1.9200757581123775
221	220	1.166873193	1801.2367408517348	1.1671540130237772
333	32	0.149068323	1142.7999999999997	0.14906983612696637
176	175	0.817843866	3690.6806685743704	0.8263133617464775
308	295	0.720075758	6022.756500321766	0.8872139231368694
111	110	0.272614622	2368.6866153667584	0.2730936278786489
173	172	0.50165221	3690.6806685743704	0.50684726181299
366	124	0.5	0.0	0.5
367	384	2.279924242	0.0	2.279924242
354	355	1.0	249.08431027599593	1.0000006790499307
235	234	1.090458488	10223.900000000001	1.3628519821272886
283	282	0.359848485	2215.1000000000004	0.3613767872297279
238	237	0.229037588	2476.8	0.22923464494191517
242	317	0.5	1273.6999999999998	0.5188035495221097
16	263	1.0	248.99999999999963	1.0000006781310156
410	409	0.220075758	368.3000000000001	0.22007647232409816
39	267	1.459848485	0.0	1.459848485
94	93	0.697852127	4280.975467456885	0.7109347743879565
390	389	2.0	84.74471936720565	2.0000000181968747
100	99	0.392606361	3369.4056852693066	0.395430797546528
375	390	2.0	0.0	2.0
377	174	0.5	0.0	0.5
374	375	0.579924242	1228.9505563488087	0.5801576013064386
384	401	2.0	134.09999999999997	2.0000001140936114
321	305	3.279924242	0.0	3.279924242
306	307	0.5	3188.3953730188623	0.5091153826615509
328	327	1.0	647.4170961854533	1.000030992233389
357	358	2.0	313.4494436511786	2.0000034057771607
241	240	0.937835605	4623.800000000002	0.9476360117466889
356	344	2.0	0.0	2.0
114	113	0.316191656	5296.708568626216	0.3300827353191621
404	403	1.0	3102.7000000000075	1.0163484040418274
340	351	1.720075758	0.0	1.720075758
361	378	2.0	5501.981805279133	2.3233127375976013
35	373	0.149068323	2557.7000000000016	0.14910628882645732
117	116	1.090458488	7074.899999999995	1.2429520937433507
22	414	1.0	375.1000000000001	1.0000034922431678
353	341	2.0	1798.7647230765283	2.003693547276426
334	333	0.420075758	1142.7999999999997	0.4202021515076058
305	292	1.859848485	235.2	1.8598494890215966
224	223	0.970466749	237.50078529475257	0.9704668195930718
37	402	0.149068323	1808.4000000000017	0.14907781095110123
360	361	0.5	2219.4999999999873	0.5021404585470938
103	237	0.333333333	0.0	0.333333333
50	389	1.0	0.0	1.0
165	164	1.090458488	2586.800000000002	1.0931838350869518
361	48	1.0	0.0	1.0
91	90	0.229037588	5544.252068304456	0.2411168361547971
227	226	0.392606361	1704.9367408517344	0.3926822033239542
325	324	0.579924242	964.799999999995	0.5800128834113859
138	236	0.333333333	6070.9000000000015	0.34368504743751227
298	299	1.140151515	360.20000000000005	1.1401549007401397
351	350	0.859848485	0.0	0.859848485
355	371	2.0	345.93156663251864	2.0000050525077704
387	386	1.0	614.424719367206	1.000025141485747
108	107	0.621643949	3234.586615366758	0.6254421515799723
320	332	0.720075758	456.2000000000002	0.720081259935994
95	290	0.5	0.0	0.5
105	104	0.272614622	3234.586615366758	0.27428027894443613
170	169	0.349029327	5024.008528357024	0.36144083824221107
274	293	1.420075758	1387.399999999997	1.4210039428897332
348	18	1.0	457.59999999999997	1.0000077349993743
52	401	1.0	0.0	1.0
46	329	1.0	204.0	1.0000003055180613
153	152	0.697852127	4555.900000000001	0.7146332651074204
296	310	1.579924242	155.9	1.579924406640601
372	388	2.0	0.0	2.0
397	20	1.0	6087.100000000008	1.2421909806447977
27	303	0.149068323	5613.531435237093	0.14994924829449657
162	161	0.621643949	3193.9	0.6252546226912195
333	358	2.079924242	0.0	2.079924242
330	417	0.149068323	2094.2999999999997	0.14908538971810584
373	35	0.149068323	1920.7807852947521	0.14908039851480126
292	273	2.0	235.2	2.000001079681065
358	333	2.079924242	0.0	2.079924242
301	302	0.5	343.40000000000003	0.5000012265560173
46	330	1.0	236.7000000000001	1.000000553744278
140	265	0.5	2024.994314730696	0.6201341489115011
318	319	1.0	0.0	1.0
342	341	1.0	1336.472483598038	1.000562802873372
229	277	0.5	64.96882117580938	0.5000001272890925
407	38	0.149068323	5778.5992147052475	0.15005752444299908
156	155	0.621643949	3289.6	0.6257072159517442
340	45	1.0	0.0	1.0
182	181	0.152622883	4514.767100834643	0.15616222339686614
336	335	0.5	973.8	0.5000793168220009
179	178	0.272614622	1448.8880724084183	0.2726816798721118
8	411	1.0	722.0999999999999	1.0000479629182888
102	101	0.774266832	3369.4056852693066	0.7798369596247667
7	253	1.090458488	7137.1	1.1551455588519777
315	316	2.579924242	0.0	2.579924242
22	415	1.0	1149.2999999999997	1.0003077866980834
320	312	2.720075758	638.6	2.720155559834756
399	398	0.579924242	6087.100000000008	0.7203766628696711
349	156	0.5	0.0	0.5
319	318	0.859848485	0.0	0.859848485
274	26	0.149068323	3055.200000000001	0.14914561828908426
184	92	0.333333333	2456.4916333777687	0.33401082032640006
381	380	2.0	415.1719999999998	2.000010482344778
302	311	1.140151515	733.9000000000001	1.1402098630490307
233	232	1.090458488	12173.800000000007	1.6380226412299261
295	294	0.279924242	6022.756500321766	0.3448979946439669
147	146	0.763320942	3760.800000000001	0.7718438814609855
357	356	2.0	223.46546424553773	2.000000879807929
209	392	0.5	2568.90803772923	0.8111468963585475
17	276	1.0	648.3000000000001	1.0000311616400124
271	270	0.579924242	5530.800000000001	0.6756523113150179
298	134	0.5	470.5803164990548	0.5003503533487537
185	184	0.741429162	7210.678248744518	0.8533047692368843
402	52	1.0	0.0	1.0
27	302	0.149068323	3490.5000000000027	0.1492000106397055
188	187	0.894258571	5891.78661536675	0.9544053566140258
238	55	0.333333333	1785.0	0.3334106994817899
317	329	1.079924242	1215.186715418928	1.0803396564148982
404	405	2.0	2147.200000000002	2.0074995673450844
184	112	0.333333333	2156.1866153667575	0.33373548052612007
369	370	1.0	2141.2389884958275	1.0037083164707181
268	25	0.149068323	5489.3318239111895	0.1498738356796231
269	261	1.859848485	1486.3647230765284	1.8614498684745253
366	367	0.859848485	187.00371157236822	0.8598486704979247
360	359	0.5	453.59999999999985	0.5000037340352
311	302	1.140151515	3352.9985360717496	1.165573663056594
123	122	0.272614622	6235.380316499055	0.29561644250296215
14	257	1.0	125.20000000000003	1.0000000433444538
384	383	0.420075758	161.47199999999978	0.4200758083770506
378	377	0.5	160.4531820834171	0.5000000584627933
325	340	0.359848485	1439.4311788241907	0.3601210057154046
298	297	0.5	894.0000000000001	0.5000563425241198
150	149	0.349029327	6025.700000000006	0.37471276843268986
60	230	0.333333333	1421.0000000000057	0.33336440550580704
230	229	0.119991739	3880.7688211758195	0.12061395855867178
341	327	1.0	1122.3647230765287	1.0002799318096187
88	1	1.090458488	8328.000000000004	1.2103789311293132
315	299	1.920075758	784.1647230765286	1.920203832829991
13	262	1.0	36.99999999999996	1.0000000003306155
307	180	0.5	0.0	0.5
401	37	0.149068323	1769.7000000000023	0.14907702447842835
337	44	3.0	0.0	3.0
410	411	2.0	36.999999999999936	2.000000000661231
407	408	1.079924242	3411.608037729229	1.1057317473338155
283	284	0.5	1725.4328991653397	0.500781769139075
371	355	2.0	657.6303083531307	2.0000659892962953
67	66	0.272614622	4781.700000000002	0.28056961351469006
354	353	1.0	41.1	1.0000000005033656
64	63	0.545229244	6229.56472307653	0.5910614988829658
396	394	0.579924242	318.0	0.5799252881548269
251	391	0.5	1891.0	0.5913560594290195
10	362	1.0	47.19999999999919	1.0000000008755565
144	143	0.272614622	8259.500000000007	0.3434296529650988
58	137	0.333333333	2503.9311788241907	0.333632896929098
113	183	0.333333333	0.0	0.333333333
3	74	1.090458488	7669.000000000008	1.176693833900672
375	374	0.579924242	536.0077178378793	0.5799326864555775
301	300	0.5	541.4999999999999	0.500007583681199
387	404	2.0	265.80000000000007	2.000001761027435
329	317	1.079924242	87.8	1.0799242533210724
280	300	0.420075758	0.0	0.420075758
215	214	1.090458488	4983.599999999986	1.1058366016885113
141	140	0.937835605	7950.113384633251	1.146948724381908
406	415	2.0	1119.1999999999991	2.00055357570443
385	49	1.0	0.0	1.0
401	384	2.0	0.0	2.0
120	119	0.272614622	3035.0	0.2739056783586253
274	275	2.0	501.5999999999995	2.000022334504747
149	297	0.5	289.29999999999995	0.5000500454936583
351	352	0.720075758	142.79628842763213	0.7200758108155842
336	337	0.5	793.347931695547	0.5000349414561235
144	264	0.5	1955.5999999999995	0.6044940007658053
360	176	0.5	2156.2925961659525	0.6544550135202458
280	279	0.420075758	0.0	0.420075758
218	217	0.283560512	2128.9367408517346	0.28369368555747027
203	202	0.272614622	3500.7999999999997	0.27490011355352467
390	407	2.579924242	2705.353945496496	2.604303447227449
395	9	1.0	292.49999999999983	1.0000012912778502
359	202	0.5	0.0	0.5
366	365	0.5	1032.3279999999995	0.5001001744696543
332	320	0.720075758	638.6	0.7200968836493437
168	409	0.5	1089.5452692087533	0.5100682122013261
212	211	0.272614622	4816.1	0.28080101147829967
283	98	0.5	0.0	0.5
142	72	0.333333333	5338.700000000003	0.3484474258653505
330	46	1.0	204.0	1.0000003055180613
261	269	1.859848485	1011.7	1.8601922018199175
48	361	1.0	0.0	1.0
286	285	0.579924242	2215.1000000000004	0.5823872216958069
276	17	1.0	1184.0	1.000346675403185
126	125	0.8614209	7154.484028071425	0.9873975199654118
206	205	0.229037588	4868.900000000001	0.23622200371716826
376	204	0.5	397.57840238543923	0.5001785099300822
372	371	2.0	359.60981638725576	2.0000059002765616
342	343	1.0	933.499999669041	1.0001339594970418
265	266	1.0	3983.894314730697	1.044437278702944
348	349	2.0	983.5000000000005	2.000330098592419
394	36	0.149068323	3529.900000000004	0.14920605791753583
132	131	0.316191656	7447.972551133477	0.37049967335800216
209	208	0.065468815	1975.0999999999997	0.06552442489940913
32	333	0.149068323	1120.3479316955468	0.1490697206747238
417	330	0.149068323	2102.000000000001	0.14908564209885383
294	115	0.5	551.2085686262143	0.5006595308025027
313	310	0.279924242	1759.8000000000002	0.2803978401356475
5	165	1.090458488	2586.800000000002	1.0915747901668154
129	128	0.316191656	6313.7803164990555	0.34423756663417043
369	368	1.420075758	238.42799999999986	1.4200765675743816
289	288	0.5	887.1999999999999	0.5000546477589495
345	346	0.640151515	2223.1367408517344	0.642909956016736
26	274	0.149068323	1371.9999999999984	0.14907146648136257
335	200	0.5	241.5	0.5000243018750362
69	258	0.5	10.999999999999998	0.5000000001046024
328	342	1.0	733.8372916800593	1.000051158208842
33	337	0.149068323	7252.200000000005	0.1515223172132579
329	418	0.149068323	2253.2999999999997	0.149091193228889
135	134	0.272614622	7241.331178824191	0.3144538883012509
15	254	1.0	407.0999999999998	1.000004845299525
205	376	0.5	0.0	0.5
271	272	0.5	1652.8916333777681	0.500658360474441
187	272	0.5	168.79999999999998	0.5000058004409796
135	298	0.5	465.49999999999994	0.500335467138525
228	227	1.090458488	3815.80000000001	1.095743826090502
299	300	1.0	360.20000000000005	1.000002969552814
404	387	2.0	277.09999999999997	2.000002080138818
355	354	1.0	119.14546424553777	1.000000035548909
364	365	2.0	723.5000000000001	2.000096671922905
361	362	2.0	381.6999999999893	2.000007489190112
383	382	0.579924242	161.47199999999978	0.5799243115466766
200	199	1.908302354	3573.2999999999997	1.9256678173917654
138	137	0.130937629	1968.3133846332412	0.13104732801517194
44	337	3.0	0.0	3.0
4	233	1.090458488	12173.800000000007	1.6380226412299261
73	72	0.468814539	1480.5	0.46894025657404526
374	247	0.5	107.29790145062442	0.500000946969857
83	261	0.5	1011.7	0.5074847662693678
332	32	0.149068323	3013.184672547281	0.14914145331476708
107	106	0.272614622	3234.586615366758	0.27428027894443613
101	100	0.272614622	3369.4056852693066	0.2745758299119999
70	69	1.406650145	4737.400000000001	1.4461966029763806
231	230	0.294506402	2459.7688211758145	0.29475288849568254
407	390	2.579924242	803.6919622707738	2.580114123071148
54	56	0.333333333	655.9	0.3333347434265993
327	326	1.579924242	0.0	1.579924242
324	323	0.5	1692.599999999995	0.5007239416616104
321	320	1.640151515	0.0	1.640151515
333	334	0.420075758	1120.3479316955468	0.42019250762825977
367	368	0.720075758	187.00371157236822	0.7200759133442974
197	196	0.392606361	5733.078776601712	0.4162802846370242
308	44	1.0	0.0	1.0
28	304	0.149068323	5234.2827182467945	0.14973424467344862
303	319	2.140151515	1929.3007852947521	2.145382223342257
104	103	0.774266832	3234.586615366758	0.7789975500961386
132	314	0.5	263.9389441897701	0.500034672498925
296	276	2.0	1184.0	2.00069335080637
118	5	1.090458488	4644.199999999999	1.1020562452704585
330	331	0.420075758	2317.7846725472814	0.42221439061508315
333	47	0.940151515	0.0	0.940151515
194	193	0.392606361	9080.63527692347	0.5416054234013715
412	402	2.0	1347.0	2.001161493004144
24	266	0.149068323	7406.900000000007	0.15173850196043173
49	369	1.0	0.0	1.0
373	357	2.0	1920.4999999999998	2.004799582503006
341	45	1.0	0.0	1.0
79	78	0.272614622	2266.9133846332425	0.27301645918810685
411	410	2.0	722.0999999999999	2.0000959258365776
277	299	0.720075758	673.2688211758094	0.7201018584756373
199	306	0.5	0.0	0.5
358	359	0.720075758	453.8215976145482	0.7200811460926062
347	357	0.279924242	1387.8007852947526	0.28010741659763816
110	109	1.243081371	2368.6866153667584	1.2452655652298603
369	49	1.0	0.0	1.0
272	186	0.5	1487.6916333777685	0.5349963640264166
41	273	1.0	0.0	1.0
327	328	1.0	338.2	1.0000023078662323
191	190	0.774266832	7373.6352769234745	0.9020220177243448
253	252	1.090458488	7137.1	1.1551455588519777
26	273	0.149068323	4502.300000000003	0.1494328520665882
268	267	1.0	5442.300000000003	1.1547555139620005
324	325	0.579924242	1025.3922346344207	0.5800373380872343
179	336	0.5	0.0	0.5
265	264	0.5	116.99999999999996	0.5000000165283565
288	96	0.5	0.0	0.5
35	389	0.149068323	1727.6807852947527	0.14907622702776388
225	224	0.621643949	0.0	0.621643949
361	33	0.149068323	6523.400000000003	0.15067485907247985
389	390	2.0	0.0	2.0
386	387	1.0	628.1	1.000027455628726
414	22	1.0	324.4	1.0000019536177924
396	410	2.0	20.999999999999936	2.000000000068616
113	112	0.349029327	1225.6000000000008	0.34907328300380797
261	82	0.5	0.0	0.5
370	354	2.0	879.7049685703428	2.000211297517639
279	104	0.5	0.0	0.5
28	303	0.149068323	3519.0000000000023	0.14920436453126887
82	81	1.755679471	2798.513384633243	1.761690046514614
113	195	0.333333333	4071.108568626215	0.33844415499901814
290	269	2.5	217.30000000000013	2.5000009833205916
76	75	1.090458488	5676.600000000003	1.1536594344696764
392	393	0.420075758	4138.900000000004	0.441821967798977
130	324	0.5	1531.3922346344202	0.539293164388586
201	335	0.5	169.0	0.5000058279801168
273	262	2.0	592.8000000000002	2.0000435691407743
268	287	1.720075758	1409.3	1.7212727123919431
398	399	0.579924242	503.59999999999997	0.5799308220678072
291	304	1.279924242	1204.7000000000003	1.2803998138345591
271	192	0.5	446.0	0.5002826901510059
222	221	0.316191656	1801.2367408517348	0.31626775077095604
256	255	0.5	1558.6999999999998	0.5005206386027387
219	218	0.774266832	2128.9367408517346	0.7746304646783352
415	406	2.0	1149.2999999999997	2.000615573396167
304	28	0.149068323	2850.2000000000007	0.14912686880572903
269	40	1.320075758	0.0	1.320075758
373	50	1.0	0.0	1.0
340	30	0.149068323	1439.4311788241907	0.1490721315360106
299	298	1.140151515	834.0803164990549	1.140248859244296
355	356	2.0	799.8847221260729	2.0001444294716886
259	258	0.5	25.99999999999998	0.5000000000403069
262	13	1.0	592.8000000000002	1.0000217845703872
85	84	0.349029327	3810.2133846332426	0.3531353406268628
394	51	1.0	0.0	1.0
352	353	1.420075758	142.79628842763213	1.4200758621586667
337	48	1.0	0.0	1.0
311	317	0.720075758	733.9000000000001	0.7201126083791654
339	344	0.420075758	919.2999999999954	0.42012868446400764
383	384	0.420075758	177.19999999999996	0.4200758310632034
43	304	1.540151515	0.0	1.540151515
159	365	0.5	0.0	0.5
398	397	2.0	6087.100000000008	2.4843819612895954
164	399	0.5	864.8000000000023	0.5039960780926449
395	394	2.0	1093.3755475165826	2.000504224151087
299	277	0.720075758	830.1647230765286	0.7201360905259436
250	249	0.359768691	4492.2	0.36311819824389036
343	342	1.0	1173.4548754189234	1.0003344889648789
349	350	0.5	983.5000000000005	0.5000825246481048
405	404	2.0	3948.800000000006	2.085784093728761
41	274	1.0	0.0	1.0
302	286	0.420075758	2215.1000000000004	0.4218598497618593
142	76	0.333333333	2945.2	0.33473324000076504
410	396	2.0	1377.9999999999998	2.0012721639533324
93	183	0.333333333	1916.767100834652	0.3335844738758715
60	102	0.333333333	172.7056852693047	0.3333333397799502
289	108	0.5	865.8999999999999	0.5040164484894512
29	337	0.149068323	9213.47440144508	0.15546107973581078
408	407	1.079924242	2550.045269208753	1.0879799009431923
371	370	1.0	463.92981638725576	1.0000081719435963
400	119	0.5	1609.199999999997	0.5479083637771996
265	139	0.5	3707.800000000001	1.8503192017080428
266	256	1.920075758	3072.4	1.950257590874926
268	40	1.320075758	0.0	1.320075758
377	376	0.5	160.4531820834171	0.5000000584627933
367	366	0.859848485	238.42799999999986	0.859848975193077
266	277	3.579924242	608.3000000000001	3.5800107111762856
120	400	0.5	3337.680316499056	1.3866458653114486
401	400	0.140151515	6097.7196835009545	0.17433244218603008
361	360	0.5	2609.892596165951	0.5040923876516402
51	378	1.0	0.0	1.0
247	246	1.166873193	4984.7999999999965	1.1833447948889155
345	332	0.720075758	239.2	0.7200761738523034
53	407	1.059848485	0.0	1.059848485
374	373	1.420075758	663.1098163872549	1.4201241941440033
401	52	1.0	0.0	1.0
48	337	1.0	0.0	1.0
388	372	2.0	0.0	2.0
341	353	2.0	1164.2999999999997	2.0006483444615624
244	243	0.392606361	5850.400000000002	0.4031216398663933
232	58	0.333333333	7173.2311788241905	0.3535104576108347
380	381	2.0	314.5000000000001	2.0000034516663967
284	283	0.5	2215.1000000000004	0.5021235357288331
339	243	0.5	0.0	0.5
336	178	0.5	85.49999999999994	0.5000003817998047
75	3	1.090458488	5676.600000000003	1.1163455956739794
337	29	0.149068323	7562.147931695554	0.1519695059711514
317	241	0.5	47.1	0.5000000351604862
337	336	0.5	973.8	0.5000793168220009
313	325	1.720075758	419.83894418977013	1.720085185459594
306	305	0.720075758	1249.1	0.7203849891556279
377	378	0.5	363.29999999999995	0.5000015365539576
344	356	2.0	499.1999996690409	2.0000219101081345
408	409	0.5	2177.2999999999997	0.5019822540524954
392	391	0.420075758	2285.1007634130724	0.42209628780479624
346	222	0.5	1801.2367408517348	0.5752063360070472
329	46	1.0	236.7000000000001	1.000000553744278
315	314	1.720075758	0.0	1.720075758
275	274	2.0	488.1999999999985	2.0000200418273115
319	330	0.859848485	1699.0007852947524	0.8611123842862182
330	224	0.5	237.50078529475257	0.5000227316752403
358	357	2.0	78.04546424553777	2.0000000130899167
318	317	1.140151515	0.0	1.140151515
260	66	0.5	1486.3647230765284	0.5348716743548421
43	303	1.540151515	0.0	1.540151515
392	207	0.5	0.0	0.5
342	328	1.0	1014.4169470529382	1.0001868022933889
61	136	0.333333333	3234.586615366758	0.3341675424525886
227	311	0.5	2110.8632591482765	0.6418442208904371
267	24	0.149068323	7651.000000000007	0.15210827868118373
138	60	0.333333333	1593.7056852693104	0.3333824953295625
369	353	2.0	1798.7647230765283	2.003693547276426
272	271	0.5	3823.8000000000015	0.5188567524426914
352	351	0.720075758	0.0	0.720075758
37	401	0.149068323	6097.7196835009545	0.15029481372118494
418	329	0.149068323	1536.8	0.14907327138921556
234	4	1.090458488	10223.900000000001	1.3628519821272886
389	388	2.0	661.124719367206	2.0000674030886856
386	385	1.0	614.424719367206	1.000025141485747
382	122	0.5	137.30000000000018	0.500002538945578
346	345	0.640151515	239.2	0.6401518846951036
111	291	0.5	1013.1000000000001	0.5075262823060556
302	42	1.0	0.0	1.0
316	328	1.079924242	603.8225478655128	1.0799495668461383
181	307	0.5	3065.8790284262254	1.1312353354150293
349	348	2.0	457.59999999999997	2.0000154699987487
405	406	2.0	2007.8000000000027	2.0057336082321875
39	266	1.459848485	0.0	1.459848485
309	308	2.0	485.8000000000021	2.0000196506199943
128	127	0.621643949	6313.7803164990555	0.6767831985946408
66	65	0.229037588	6268.06472307653	0.24877098821371627
358	363	1.720075758	375.5545357544621	1.7200817940918682
407	416	2.0	387.9000000000008	2.000007987766
406	53	1.079924242	0.0	1.079924242
273	41	1.0	0.0	1.0
378	36	0.149068323	5368.081805279133	0.1498049895435259
152	310	0.5	119.69999999999999	0.5000014667221296
278	279	0.5	0.0	0.5
19	380	1.0	314.5000000000001	1.0000017258331984
252	251	0.523337464	4243.3	0.5272164480712735
323	324	0.5	619.0000000000001	0.5000129493753706
9	395	1.0	1093.3755475165826	1.0002521120755434
362	361	2.0	47.19999999999919	2.000000001751113
145	144	0.894258571	10215.1	1.43775272194621
80	79	1.406650145	2834.2133846332435	1.4117162892019097
255	70	0.5	62.8	0.5000001111244995
326	327	1.579924242	0.0	1.579924242
300	299	1.0	515.5803164990549	1.000012465265552
264	265	0.5	2055.699999999999	0.5015751617878609
57	54	0.333333333	655.9	0.3333347434265993
166	6	1.090458488	6522.200000000003	1.1355720176199169
372	356	2.0	313.4494436511786	2.0000034057771607
83	82	0.272614622	2798.513384633243	0.2735479192213804
63	62	1.090458488	13602.199999999997	3.1740234017048032
254	15	1.0	3703.300000000001	1.0331796499934705
131	130	0.8614209	7447.972551133477	1.0093756619363676
315	327	1.079924242	699.379241392314	1.0799698205453743
391	249	0.5	619.7020985493713	0.5010536663493715
225	330	0.5	1704.9367408517344	0.5603676572517293
49	385	1.0	0.0	1.0
187	186	0.272614622	5722.98661536675	0.28893767309808277
59	146	0.333333333	1785.0	0.3334106994817899
394	396	0.579924242	1884.6917910798868	0.5812150119289666
404	413	2.0	1111.899999999998	2.0005392735705914
317	316	1.0	606.5132845810723	1.0000238713780503
297	296	0.420075758	894.0000000000001	0.4201230942570545
343	344	2.0	499.1999996690409	2.0000219101081345
337	338	2.0	777.7000000000003	2.000129060876801
38	406	0.149068323	5480.300000000005	0.1498685473762735
303	27	0.149068323	3486.2000000000025	0.1491993629258087
312	304	0.279924242	638.6	0.27993245444336246
264	143	0.5	24.4	0.5000000025323897
77	76	0.468814539	2731.4	0.47027101578017366
42	303	1.0	0.0	1.0
207	206	0.50165221	4868.900000000001	0.5173879591123955
369	34	0.149068323	2296.466964133739	0.14909299675529844
320	321	1.720075758	0.0	1.720075758
204	203	0.817843866	5266.478402385439	0.8529605018462249
86	189	0.333333333	5853.286615366749	0.35517265644602247
351	340	1.720075758	0.0	1.720075758
314	313	0.279924242	263.9389441897701	0.2799244816462464
294	293	0.5	5586.947931695551	0.5859378965976794
402	412	2.0	948.0	2.000284957154092
161	381	0.5	253.70000000000002	0.5000295973693303
269	290	2.5	2431.7754674568846	2.5154223345484468
311	226	0.5	0.0	0.5
134	133	0.349029327	7711.9114953232465	0.41793759599577496
56	102	0.333333333	3196.7000000000016	0.3341291395151448
36	378	0.149068323	3744.0287296000033	0.14924264457245393
356	355	2.0	223.46546424553773	2.000000879807929
368	367	0.720075758	238.42799999999986	0.7200761685097092
122	121	0.621643949	6372.680316499055	0.6788697018792149
196	195	0.392606361	5009.526708297259	0.40640719686020144
267	268	1.0	4602.13182391119	1.079132053820216
272	273	2.279924242	546.2	2.279960038735219
2	87	1.090458488	9662.499999999993	1.3077728285644092
240	299	0.5	362.00000000000017	0.5001226889713077
382	381	0.5	161.47199999999978	0.5000000599618636
148	147	0.229037588	6092.900000000006	0.2466558975436224
217	169	0.333333333	1415.8367408517345	0.3334080970346966
370	369	1.0	1112.7949641337384	1.0002705059525192
213	212	1.090458488	6576.6	1.20431978411548
332	47	0.920075758	0.0	0.920075758
123	382	0.5	0.0	0.5
373	372	2.0	359.60981638725576	2.0000059002765616
210	250	0.333333333	2139.9	0.33372346711912676
34	369	0.149068323	3969.6999999999884	0.14928862842590196
341	30	0.149068323	3503.5999999999963	0.14920199871477946
308	307	0.5	1632.4914313737856	0.5006264549797098
281	282	0.579924242	396.8272138960354	0.5799267788411555
210	209	0.349029327	4544.00803772923	0.35733509042476
33	361	0.149068323	8065.674401445088	0.15282286692253647
346	347	1.079924242	1387.8007852947526	1.0806309142306532
385	384	2.0	161.47199999999978	2.0000002398474543
365	364	2.0	887.0279999999997	2.0002184215735523
284	285	0.279924242	1725.4328991653397	0.28036191426734913
269	270	1.0	1652.8916333777681	1.001316720948882
303	28	0.149068323	5099.082718246794	0.14966806252759451
399	163	0.5	1471.8999999999994	0.5335339308287461
199	198	0.272614622	3573.2999999999997	0.2750954024845379
12	275	1.0	488.1999999999985	1.0000100209136558
125	124	0.272614622	6235.380316499055	0.29561644250296215
193	192	0.272614622	6927.6352769234745	0.30766159222511397
38	407	0.149068323	3603.900000000003	0.1492179759807721
119	118	1.090458488	4644.199999999999	1.1187733250860803
172	393	0.5	0.0	0.5
304	43	1.540151515	0.0	1.540151515
353	352	1.420075758	0.0	1.420075758
258	259	0.5	69.89999999999999	0.5000000021056924
325	313	1.720075758	1759.8000000000002	1.7229859192148378
248	374	0.5	234.39999999999998	0.5000215675926504
136	135	0.152622883	7706.831178824191	0.18267563926274186
379	9	1.0	540.2999999999992	1.0000150333611213
363	375	0.279924242	375.5545357544621	0.2799252243104785
316	300	1.920075758	0.0	1.920075758
415	22	1.0	1119.1999999999991	1.000276787852215
216	215	0.392606361	2059.9082089200992	0.392767971668335
139	138	1.090458488	9632.919069902557	1.6145438830032286
376	375	0.720075758	160.4531820834171	0.7200758421952804
389	406	2.0	1675.6007852947528	2.002781175765158
386	403	2.0	0.0	2.0
344	339	0.420075758	0.0	0.420075758
405	388	2.0	75.09999999999998	2.0000000112229226
255	256	0.5	344.2999999999998	0.5000012394651349
53	406	1.079924242	0.0	1.079924242
379	378	2.0	1144.1244524834167	2.000604559827913
359	358	0.720075758	453.59999999999985	0.7200811355764541
310	151	0.5	1589.5	0.5456050957601385
328	316	1.079924242	998.7352769234737	1.0801137864491397
42	302	1.0	0.0	1.0
335	336	0.5	878.8479316955469	0.5000526188271993
73	141	0.333333333	6188.500000000006	0.36062195460631313
105	279	0.5	0.0	0.5
334	321	0.779924242	0.0	0.779924242
269	25	0.149068323	6759.800000000005	0.15092070192611365
367	351	2.0	0.0	2.0
314	131	0.5	0.0	0.5
354	342	2.0	773.4169470529382	2.0001262411527883
350	349	0.5	0.0	0.5
375	219	0.5	327.70000000000005	0.5000823904753483
97	288	0.5	0.0	0.5
388	387	2.0	736.224719367206	2.000103654412885
275	12	1.0	501.5999999999995	1.0000111672523735
326	325	0.859848485	0.0	0.859848485
397	398	2.0	503.59999999999997	2.000022692853068
171	216	0.333333333	1346.8082089200989	0.33339454873063346
23	416	1.0	1522.5000000000011	1.000947862681671
116	115	0.272614622	4745.500000000002	0.2803314412912725
302	301	0.5	541.4999999999999	0.500007583681199
376	377	0.5	363.29999999999995	0.5000015365539576
71	70	0.272614622	4674.6	0.2798805022893743
314	315	1.640151515	0.0	1.640151515
319	303	2.140151515	1725.8520683044535	2.1435009766533177
305	304	0.920075758	1415.7999999999997	0.9207279079117876
240	239	0.468814539	4261.800000000002	0.47235039486496877
243	242	0.937835605	5850.400000000002	0.9629539013319528
178	177	0.817843866	1534.3880724084183	0.8180968962994359
293	274	1.420075758	3084.0000000000005	1.4427370783894016
390	375	2.0	0.0	2.0
337	33	0.149068323	8047.474401445086	0.15278909330009768
24	267	0.149068323	4984.359037807225	0.14961588300323347
68	67	1.755679471	4781.700000000002	1.8069108216585152
365	158	0.5	807.0000000000002	0.5030301587505787
347	346	1.079924242	967.6000000000001	1.0800912329551533
252	208	0.333333333	2893.8000000000006	0.3346380432293238
125	366	0.5	919.103711572368	0.505098346199306
391	390	0.720075758	2790.098664863702	0.7277736649142277
237	236	0.250722842	2476.8	0.25093855627181116
71	255	0.5	2144.5999999999995	0.6511320069534456
218	392	0.5	0.0	0.5
196	92	0.333333333	723.5520683044533	0.33333843240112476
261	260	0.5	1486.3647230765284	0.500430514498208
287	288	0.720075758	1409.3	0.7205768393256691
18	322	1.0	1885.2999999999995	1.002228630603136
181	180	0.272614622	1448.8880724084183	0.2726816798721118
310	296	1.579924242	290.0	1.579926213262563
151	150	0.229037588	6025.700000000006	0.2458913966121415
353	369	2.0	1205.3999999999996	2.0007448536734596
74	73	1.090458488	7669.000000000008	1.3009940004528124
373	374	1.420075758	1228.9505563488087	1.4206471910769036
154	153	0.272614622	2995.5	0.27383976762936957
175	377	0.5	0.0	0.5
293	294	0.5	1106.5999999999972	0.5001322662033932
196	112	0.333333333	0.0	0.333333333
287	268	1.720075758	887.1999999999999	1.720263754570796
157	156	0.272614622	3289.6	0.27439651979843704
356	372	2.0	467.0847217951136	2.0000167930222315
190	63	0.333333333	7372.6352769234745	0.38830400144134913
400	401	0.140151515	1635.6000000000024	0.14032845353373835
184	183	0.392606361	2597.9999999999905	0.39360469345986493
57	235	0.333333333	1676.2	0.3333934923744087
394	393	0.140151515	4318.836832115824	0.14875315381455276
321	333	0.720075758	0.0	0.720075758
290	291	0.5	191.60000000000016	0.5000001188688998
293	89	0.5	3018.847931695548	1.0933844900362235
370	371	1.0	1261.5340199254845	1.0004467988909942
264	263	2.0	241.50000000000003	2.000001200092594
327	341	1.0	1346.7963375777667	1.0005803953530965
406	405	2.0	3648.8000000000056	2.0625383548448375
413	404	2.0	1294.8000000000006	2.00099164671684
258	257	2.0	36.99999999999998	2.000000000661231
246	245	0.621643949	4984.7999999999965	0.630419085583827
172	171	0.283560512	3690.6806685743704	0.28649703160978696
357	347	0.279924242	2752.5000000000005	0.28275867399204563
300	316	1.920075758	42.719683500945045	1.9200757591280975
411	8	1.0	36.999999999999936	1.0000000003306155
332	331	1.920075758	836.8	1.9202418395044738
339	330	0.640151515	0.0	0.640151515
317	318	1.140151515	0.0	1.140151515
86	85	0.545229244	3809.2133846332426	0.5516366408245188
321	334	0.279924242	0.0	0.279924242
193	271	0.5	2153.0	0.6535137788443144
297	148	0.5	356.5	0.5001154009488602
51	394	1.0	0.0	1.0
81	259	0.5	1.9999999999999996	0.5000000000001144
67	260	0.5	0.0	0.5
391	392	0.420075758	1569.9919622707746	0.4205259870936034
160	159	0.8614209	2940.2	0.86501412299942
304	291	1.279924242	217.30000000000013	1.2799247454303453
277	266	3.579924242	830.1647230765286	3.580224190817617
342	354	2.0	570.8196838319043	2.000037457775129
296	297	0.420075758	492.4000000000001	0.42008011428230957
394	395	2.0	292.49999999999983	2.0000025825557004
320	319	2.579924242	0.0	2.579924242
262	273	2.0	36.99999999999996	2.000000000661231
412	21	1.0	948.0	1.000142478577046
163	162	0.545229244	3193.9	0.5483960807240783
246	347	0.5	0.0	0.5
98	97	0.621643949	2040.7999999999995	0.622245821868413
340	325	0.359848485	2718.799999999995	0.36331701091259705
364	19	1.0	887.0279999999997	1.0001092107867762
409	408	0.5	1423.0452692087536	0.5003617104763387
335	334	0.279924242	1142.7999999999997	0.28000846634795745
375	363	0.279924242	140.37215396336953	0.27992426117258123
403	402	1.0	3102.7000000000075	1.0163484040418274
255	254	2.0	3703.300000000001	2.066359299986941
323	322	2.0	1692.599999999995	2.0028957666464415
416	407	2.0	1522.5000000000011	2.001895725363342
175	174	0.272614622	3690.6806685743704	0.2754377872488258
95	94	0.272614622	2040.7999999999995	0.27287856624779394
388	389	2.0	608.6999999999999	2.000048435013201
389	35	0.149068323	1525.8999999999994	0.1490731324867921
305	306	0.720075758	4964.782718246793	0.7972540913964173
306	198	0.5	2159.7787766017127	0.6554562974485834
382	383	0.579924242	177.19999999999996	0.5799243428654322
308	309	2.0	36.99999999999995	2.000000000661231
190	85	0.333333333	0.9999999999999997	0.333333333
92	91	0.316191656	5544.252068304456	0.3328673357897306
89	88	1.090458488	8328.000000000004	1.3832330073586745
267	39	1.459848485	0.0	1.459848485
371	387	2.0	209.70000000000005	2.0000006822443335
249	248	0.894258571	5111.902098549373	0.9082195040262762
299	239	0.5	0.0	0.5
1	117	1.090458488	7074.899999999995	1.1529198689124764
169	168	0.774266832	6439.8452692087585	0.8485950394706375
304	312	0.279924242	225.90000000000015	0.27992437059428094
244	339	0.5	919.2999999999954	0.5051027029089077
329	328	1.0	777.4318399999999	1.0000644414810431
362	10	1.0	381.6999999999893	1.000003744595056
385	386	1.0	628.1	1.000027455628726
62	2	1.090458488	13602.199999999997	1.943886676653488
