iteration 	 master_max 	 master_avg 	subnet_0_max 	 subnet_0_avg 	subnet_1_max 	 subnet_1_avg 	full_max 	 full_avg
0	0.21572296144945113	5.66139987669316E-4	0.5034015655356967	0.005596902671702102	1.0570920004639035	0.01991926806430445	1.8820317945044316	0.059498251673422785
1	1.573159483713141	0.011086384005715367	0.4169461920766544	0.0018270501232754807	0.26187164725181233	0.002258537406698683	1.6894149374720548	0.011772514312053872
2	0.47314179226624375	0.0031455139238848397	0.16731641008503928	9.197901438034674E-4	0.012484887805163325	6.669630948808047E-4	0.6990281752033489	0.01127591490732868
3	0.2924692817926555	0.00303664287124379	0.054555303610641204	2.875727535299702E-4	0.006123235493813439	4.1551413155479036E-4	0.4021032218680247	0.007594845258713333
4	0.09068730776350264	0.0010628243628176993	0.02389884294841771	1.6930832377557657E-4	0.00368939241599886	2.3644959286958672E-4	0.5496770457668774	0.006715906513792676
5	0.19271105435613656	0.0016101612957167585	0.02646211794531972	1.3824753465937345E-4	0.0015785247211006492	1.0264233638931867E-4	0.32563376529596866	0.006948371921292319
6	0.03445796629255682	7.040353288590534E-4	0.08963054507894874	3.040597522849295E-4	9.350479994836292E-4	8.387970947256739E-5	0.39454223238248787	0.00471883439921854
7	0.02791945055518852	2.504050956619497E-4	0.011158743890138823	8.02270407066614E-5	9.743126877133079E-4	8.542760735337307E-5	0.3210031797810018	0.004282530323216742
8	0.017387854490763743	2.9633005875013413E-4	0.008491528583716601	9.847387982251597E-5	9.797478330266784E-4	9.709746879571786E-5	0.274463760026574	0.0036870487295349867
9	0.015185130969651794	1.1946050489283784E-4	0.002125178264634542	3.027607069511584E-5	9.885420824886637E-4	7.626221311412502E-5	0.24259263179650503	0.0030317535892335477
10	0.011781026102408276	1.734881232935903E-4	0.0013184907709948845	2.6874345050790756E-5	9.733746089644058E-4	9.63292949096081E-5	0.22193312417968514	0.003307829834659162
11	0.001587829711539257	7.617886247780233E-5	9.968568113607468E-4	2.3814303954944953E-5	9.350479994836292E-4	8.600396423552238E-5	0.2021183440726304	0.0035305127043249126
12	0.006197088851727983	8.552975441463623E-5	9.989179430611728E-4	2.5815297703298925E-5	9.980812176060283E-4	9.370413365361152E-5	0.1980931135855819	0.003992426261408733
13	0.0038917821843149625	1.00348789286284E-4	9.877161910072374E-4	2.3539428790754117E-5	9.98561064463388E-4	8.374500541526863E-5	0.17087708053588635	0.004098584250032962
14	0.006238755871567747	1.0232868505240349E-4	9.89385876808413E-4	2.7687093283772817E-5	9.700567266026638E-4	9.540435377468316E-5	0.13176948270946198	0.003808576405223034
15	0.004083247525812794	9.574377585284709E-5	0.0032346050081422106	4.620956318637713E-5	9.383202962141013E-4	6.0510930884666003E-5	0.17674887584271204	0.005972581698179167
16	0.006572583318803282	8.606171509893795E-5	9.963047464438546E-4	2.4730843221127327E-5	9.949651947209759E-4	7.482787349911231E-5	0.18126850668661376	0.004169831177655375
17	0.0023082710277613216	7.278183724961067E-5	0.003365305176648903	4.991790659728438E-5	9.59736663164179E-4	5.944855393051012E-5	0.23314705341325492	0.0062599118753017356
18	0.0052655484838677324	7.0313872317388E-5	9.811693581855963E-4	1.4539430052017642E-5	9.986521236093893E-4	8.354749383138799E-5	0.22240980658861886	0.004422926917590312
19	0.006041128004696361	7.502233883947734E-5	0.0043170790461264374	4.263936169523312E-5	9.790951375840962E-4	7.706936585190451E-5	0.27268470870344075	0.006287294051372572
20	0.008775619507819243	8.274821799062085E-5	9.94401795306743E-4	1.8205223004512405E-5	9.959019438685601E-4	7.214718041641145E-5	0.22940024104201484	0.004245434296840381
21	0.0046170949136836725	8.767103583985807E-5	0.008144265976635978	4.237655524343084E-5	9.541188957182811E-4	5.7890743721069176E-5	0.352654434169434	0.007111808460367089
22	0.002555996420863238	6.070303223605224E-5	9.845827174856936E-4	2.1078592577081263E-5	9.432083223295251E-4	7.482777862208877E-5	0.237311373528712	0.00443457989627515
23	0.004637606271257866	1.048397371871518E-4	0.008838038004142845	4.139976224069464E-5	9.659347908694826E-4	5.9950315238524995E-5	0.3773018348623687	0.007603452627869254
24	0.0015364771439205782	5.715850231502395E-5	9.452450781530786E-4	2.266405815983759E-5	9.98052204367994E-4	7.469105202044037E-5	0.24571425005868264	0.005586209164210114
25	0.005289623124394183	1.0196519682669512E-4	0.009304946685363191	4.437881389005615E-5	8.983287340278423E-4	7.330100765957596E-5	0.3753116010356372	0.007603850082240607
26	0.0016530689495191098	5.978801300374228E-5	0.001797098057508606	2.8850963955858525E-5	9.83091643146139E-4	7.808386050325455E-5	0.2516994188268651	0.006013033656323998
27	0.006563140989687355	9.525695285764798E-5	0.009572576796893273	4.022686667101089E-5	9.71538744098055E-4	8.445327417455425E-5	0.3846546018107304	0.007004905252795161
28	0.0029589603485149496	6.729832326133895E-5	0.001941126386430625	2.7761253164929545E-5	9.298684758229925E-4	7.95080684478195E-5	0.2536276995689839	0.006081341153462884
29	0.011313943251595404	9.589833065020341E-5	0.009528563008634805	4.033828100353919E-5	8.836439140011976E-4	6.252741653224738E-5	0.41205668488319347	0.006679101606496782
30	0.0013209305454058295	6.14067923822179E-5	0.0019741026538770967	2.8394213095093233E-5	9.38062291810482E-4	8.229054670864553E-5	0.25639643093096964	0.005943794198729961
31	0.0075234703842141926	8.853172674547783E-5	0.009505436202497108	4.386889082435441E-5	9.006452077411353E-4	7.537086400817937E-5	0.3931489254190268	0.006298252102149645
32	0.0016857411935475852	6.922652622435758E-5	0.0019692391159829015	4.448784287171168E-5	0.001001725259532904	9.007685823100591E-5	0.2600329060769546	0.005725553785877761
33	0.0046910672049218505	8.005635951796907E-5	0.009559218731512331	4.0631520582095495E-5	9.039606966574354E-4	7.556473607432814E-5	0.39596602598755126	0.005755764388880416
34	0.0027357783311998674	8.939291227862756E-5	0.0018644679438839518	4.365266187436567E-5	9.564944113886753E-4	8.461162524690187E-5	0.2633462956908552	0.006811265174302859
35	0.006556428579592932	8.76351165845618E-5	0.0095240663748406	3.889798396110662E-5	9.082039032382028E-4	7.941871132964223E-5	0.39594877809689777	0.006120063025227172
36	0.0026773201022063375	8.605740127709317E-5	0.002135654604598969	4.960363035124488E-5	0.0010100625352897907	8.590930112044187E-5	0.26281787396204237	0.006112500104806045
37	0.009200063410395032	9.901112395786777E-5	0.0020889845424338915	2.3042364489753176E-5	9.091932712479434E-4	8.160876221970509E-5	0.40213356652159504	0.005626495929686972
38	0.002743448125112735	8.774727755844126E-5	0.005003602789619421	4.8338030071723605E-5	0.0010477029483668687	8.48842826756533E-5	0.2685583624480241	0.007651233312591915
39	0.0025454998096172687	7.252393445038981E-5	0.0013346677180923194	2.5978362440913844E-5	9.811775532480027E-4	6.426727139826077E-5	0.38998355366273785	0.006048194041915069
40	0.008299934959136834	1.3619172010362657E-4	0.003855524376751518	5.093020052966282E-5	9.898206538423437E-4	9.140279729078055E-5	0.3543409380058904	0.006671073247091981
41	0.002249932087622142	8.361600125146427E-5	0.001674801524748304	2.4692168403755584E-5	9.029854665563164E-4	6.796590567728633E-5	0.43379351836703606	0.006050354894565933
42	0.0026314192718661644	8.94383827576124E-5	0.0019660669389445218	5.743538474756248E-5	9.833126294349626E-4	8.727379362887978E-5	0.3785375181002735	0.007435003203055879
43	0.0032400082748171855	7.348666126650497E-5	0.0014473530495315856	2.6213258904837563E-5	9.409792007311069E-4	8.240523658537856E-5	0.4406308787837929	0.007244460218858445
44	0.0023501312293454646	7.965780043474309E-5	0.0015118843199743992	5.7157215045075485E-5	9.952118519631625E-4	1.009388433461408E-4	0.2913712407330955	0.006736998134659119
45	0.00189847891792283	7.23866181651618E-5	0.001656157313190576	2.404673264422607E-5	9.691988576188137E-4	8.32613837644429E-5	0.4352449012915045	0.006732371019298357
46	0.002811838498935515	7.899583143442102E-5	0.0015319768326449434	5.9088459147444824E-5	9.77733249602153E-4	8.719807284307984E-5	0.2899575329681916	0.0056409070058591575
47	0.0026267505165762373	7.778233822283251E-5	0.0014033811361624515	2.6439173287858633E-5	9.693947990978558E-4	8.102176181364175E-5	0.4330908372106954	0.0066646781349990036
48	0.0014658905827609203	7.013859499532891E-5	0.002116427364109441	6.271436184639688E-5	0.0010045935569200637	8.40629189891368E-5	0.3811598016885611	0.006674276054350532
49	0.004571710503498139	7.896728727611893E-5	0.0014005183521632603	2.658848490988388E-5	8.961913645659791E-4	7.306730119231925E-5	0.4364036922279979	0.005610150070271441
50	0.0024930814024450854	8.040480592992602E-5	0.001959908842957603	5.856633477341794E-5	9.674951636098328E-4	8.904774886294655E-5	0.38128678475473166	0.007103812625812092
51	0.00206232786658056	7.771383085632456E-5	0.0016556626787771478	2.1388339611531587E-5	9.871840330291093E-4	7.563008710681389E-5	0.4334001296913961	0.0054725985525452174
52	0.002030118573754791	7.84988365426149E-5	0.0019166091153213216	5.823586695883735E-5	9.935080167613464E-4	8.915923900222965E-5	0.37986958193733855	0.007003840826877953
53	0.0030131188869546577	7.248744551046742E-5	0.0013154907881585132	2.165063008782911E-5	8.992346823966102E-4	7.241311220406201E-5	0.4253368705734637	0.004842148508194421
54	0.002947159179825576	8.387024889633058E-5	0.001935024350421699	5.806251313383618E-5	9.847641632880766E-4	8.81648040945254E-5	0.3775394237280558	0.007163122803040437
55	0.0037738076867057657	7.449143100669236E-5	0.002957904240036058	3.360870010984553E-5	8.980471095512144E-4	7.997614357588926E-5	0.4207352742392203	0.004561542575039031
56	0.0019406476334129508	7.709780290095977E-5	0.001916159164171205	6.118827410839398E-5	9.98401732290155E-4	7.912498065748471E-5	0.37653292022729445	0.007546740356174272
57	0.0036623716896997394	7.63453903364809E-5	0.002807419375107756	4.022465014614405E-5	9.332042088203707E-4	8.208594079378555E-5	0.4190072609221147	0.0057303212835021645
58	0.0054062665041954006	9.319703390803229E-5	0.0018918620620489435	6.0139676370287884E-5	0.0010056274556209388	8.075581001515636E-5	0.3742650221894941	0.007034677390100604
59	0.0014906172409503426	7.4345238536788E-5	0.0014206038438953073	2.8272505508380807E-5	9.011115717605378E-4	8.080935347156455E-5	0.41572749658105934	0.005015789163473391
60	0.0040603208764586896	1.0063513081754793E-4	0.0018510612298161533	6.0201275323070205E-5	0.0010108715273862146	8.091012357196844E-5	0.37365452878294647	0.0066911208231067165
61	0.002056119971378223	6.498974025835392E-5	0.0027779166409924727	3.886516595506448E-5	9.021117225742614E-4	7.913392171591766E-5	0.4122942435869774	0.00535801620057695
62	0.003299949272175695	8.487676754853843E-5	0.0018814344890962786	5.956732989428018E-5	0.0010052578149783997	8.131753408875675E-5	0.3731918266525085	0.007595766091666844
63	0.006154107815131482	9.140016614987574E-5	0.002787479533617798	3.905010064382312E-5	9.521553738132127E-4	8.241902468523534E-5	0.41049266251391714	0.0051851195829387565
64	0.004570940080999009	9.968078204306828E-5	0.0018992882868804628	5.948527925211256E-5	0.0010026701886403089	7.802994842868798E-5	0.3716368376651573	0.006959413993638862
65	0.005089635891657451	9.726752377349967E-5	0.00273904626018151	3.83302489082523E-5	9.01769892738713E-4	7.853999930874167E-5	0.4108602001545911	0.004965841026263657
66	0.002525994348522076	8.510480520613745E-5	0.0018505646766371342	5.612659314287017E-5	9.963043297913643E-4	8.304064641736677E-5	0.37278835346303296	0.006660893936795766
67	0.002360189543995972	6.775230497050791E-5	0.0027012764151237434	3.7463698570140275E-5	9.016884402583969E-4	7.956225548459699E-5	0.41149648265628613	0.0049760546954525885
68	0.0018908340091829956	7.78995258658027E-5	0.001901076000669022	5.928105688399E-5	9.95800979804784E-4	8.08451255254103E-5	0.3733827729118744	0.006669991823288595
69	0.0024769778520017383	7.582018779427385E-5	0.0027028791355867554	3.766128355284286E-5	9.028597150653184E-4	8.015084010093502E-5	0.41101662738605427	0.005154808186710837
70	0.0020100250333072722	7.67336567154934E-5	0.0018318072578384914	5.936922370566866E-5	9.9384779559486E-4	8.212232839719728E-5	0.37303247643536963	0.006935357011527247
71	0.0027312029217441136	9.8577339033222E-5	0.002684738460702718	3.760922254968827E-5	9.02608485848333E-4	8.027597713331858E-5	0.4137134541930223	0.00539428335496494
72	0.0017854365732183908	7.907043771937516E-5	0.001801978828158468	5.778034260939451E-5	9.973283508033504E-4	8.082170744785285E-5	0.37345786443966134	0.007306973968760811
73	0.0024518176495753607	6.70899815926195E-5	0.0027282512124919833	3.536135526839944E-5	9.035196755622366E-4	7.91269660801177E-5	0.4106957050076936	0.00542834341000446
74	0.004096964253784918	9.66129203439699E-5	0.0018404654021626499	6.045454281476318E-5	9.961018938930977E-4	8.298462840180796E-5	0.3719765470668719	0.007115601718061098
75	0.001901922949052448	6.622428450472632E-5	0.002682892222255262	3.738623626835836E-5	9.037901268111881E-4	7.89879287471308E-5	0.4118428786810462	0.005161873384127701
76	0.00452447321398175	1.0882938389002853E-4	0.0017627202783376816	6.061402305886037E-5	0.0010068916391272609	7.846194404149383E-5	0.3707465214794894	0.007367958528563937
77	0.0018447135942309956	6.598911677852838E-5	0.0026785275728915536	3.543593562977745E-5	9.192547121479322E-4	8.100194410477285E-5	0.4123112740826613	0.0055571892298998775
78	0.003745341163591931	9.208276035396419E-5	0.001956369444055639	5.627195130520099E-5	9.9997229055937E-4	8.101561241240929E-5	0.3718422418273697	0.007412208362389505
79	0.0021584338200639763	7.567424421595316E-5	0.0026435867169762872	3.279197292880255E-5	9.01605654787474E-4	7.965254846779786E-5	0.41303343249400726	0.005805992839804174
80	0.004147746863671031	9.479841871278017E-5	0.001958860851956956	5.623930848416749E-5	9.950523884691975E-4	7.718377966785261E-5	0.3719758242894571	0.0074171212966769465
81	0.0020182426647572527	6.886962671780301E-5	0.001391652143750477	2.6085575505207267E-5	9.018259866628853E-4	7.95382834305144E-5	0.412920850015027	0.005332541529540275
82	0.002895246452357725	8.308789671253215E-5	0.0018700564830407274	5.1315733108555394E-5	9.841908006382738E-4	8.036480946053229E-5	0.3727043422879781	0.006990563936334753
83	0.001876384756307914	6.730037688857107E-5	0.0013967487332209316	2.6864829006628575E-5	9.042279722901725E-4	7.970394267493077E-5	0.41192485962600855	0.005033131997339255
84	0.003214908884624279	8.843950498364123E-5	0.001959572181235103	5.697555004638895E-5	0.0010035952825715455	8.139385205266895E-5	0.3725133588844294	0.006531640753603644
85	0.0025099668618793203	6.646548710961754E-5	0.0014244637125120363	2.5809498205794385E-5	9.057855295910855E-4	8.036599779957499E-5	0.41154258609575933	0.005138601116103606
86	0.0033494193389387306	9.363508980283886E-5	0.001778045058935973	5.719625865568676E-5	9.97045533001284E-4	8.093552412490415E-5	0.3723817459409169	0.007255765717763629
87	0.0024403594353437086	7.322761693314066E-5	0.0014736916858080207	2.414902976585587E-5	9.057771815221827E-4	6.117092047832578E-5	0.4127044372032991	0.005371015462704414
88	0.002529530916664413	7.983162178528125E-5	0.0018353411008273923	5.798803429392454E-5	0.0010051506151596001	7.664771048503032E-5	0.3726764189387275	0.007616995542362449
89	0.002341161276717685	6.814359224925866E-5	0.001424758810395943	2.3911483222303946E-5	9.035589218697737E-4	6.0233633818344676E-5	0.4140580877197557	0.005179866055489129
90	0.002505132015471645	9.169961332095043E-5	0.00179280422526773	5.3309545627374913E-5	0.0010145873021345508	8.025747833318761E-5	0.37411372215560945	0.006445296886330236
91	0.002426468326568454	7.049498399807645E-5	0.0014324951873110336	2.7096443749560015E-5	9.031635526710602E-4	6.18400932305706E-5	0.4194880578482696	0.005495825497623816
92	0.0026122462188631346	7.92317261525058E-5	0.0015587070256888325	6.233353491499277E-5	0.0010090343609432395	8.163900903678409E-5	0.37510100047725103	0.007169403016037392
93	0.0024233841136585	7.749718861929383E-5	0.0016379076326806796	2.6020923037551674E-5	9.025989410815782E-4	6.031743568213924E-5	0.4240661203942011	0.005000973927099406
94	0.003144722015520074	8.573466253749689E-5	0.0016864410956394238	5.994249878122992E-5	0.0010093069634491414	8.047040751714378E-5	0.3759908799504288	0.006207461049002594
95	0.0023966387835514524	6.706873042275866E-5	0.0016262715681314432	2.621660015376107E-5	9.019658836528777E-4	6.222420809756058E-5	0.42637070127424437	0.005613699807886819
96	0.0036923923809197845	1.0091195921555883E-4	0.0016247563412559174	6.351139040729666E-5	0.0010059887864564132	7.961152729230691E-5	0.37617881204462833	0.006530542882791352
97	0.002422500170087716	6.443860490538522E-5	0.0016235385091292187	2.3157604157979045E-5	9.011307400221824E-4	6.12871330224626E-5	0.4295446871763957	0.005683666573053392
98	0.00264232322240332	9.16979703550535E-5	0.001939623143327296	5.8352780716031116E-5	0.0010006194706475569	7.938318295823334E-5	0.3788986223585695	0.006583357470591883
99	0.002395887968809518	7.450854526641161E-5	0.0014367349705892707	2.3996562582427064E-5	9.005366562497841E-4	6.13257667567774E-5	0.43240482533371605	0.0055728957938894885
100	0.002613345253108079	8.13011754571001E-5	0.0018535383737265931	5.939910686991117E-5	0.0010122260435379005	7.914069981940512E-5	0.38014985938174917	0.006815646467417842
101	0.0035687785701377095	7.293897115063094E-5	0.0016307504406203321	2.444087522926619E-5	8.988897001849239E-4	6.243380037472332E-5	0.4324852768540808	0.005547753970959833
102	0.002675261821435626	7.262626162126773E-5	0.001892899392441194	5.939255845551094E-5	0.0010154777780249091	7.489693836837323E-5	0.3810863193855667	0.0060341414021275845
103	0.002329573832369647	8.431480430468257E-5	0.001445547980489792	2.6548145975039E-5	8.964677517173669E-4	6.152409085754703E-5	0.43621586371240184	0.005376924153842351
104	0.0022852599385068117	7.558613989891501E-5	0.00193332612757402	5.720723743699659E-5	0.001022495487052133	7.906691276240631E-5	0.3824012669488255	0.006735962481079291
105	0.0024444788246533733	7.301047779986764E-5	0.0025527902452928686	3.1688445598326974E-5	8.971867595004568E-4	6.127435435581505E-5	0.4388120746863535	0.005209239338831203
106	0.002591710935153202	8.964672963067187E-5	0.0019752099460514927	5.852887937226979E-5	0.001027038615839082	7.897732836128242E-5	0.3835200253444526	0.0065856657545051165
107	0.0035739575927813405	6.815589739712766E-5	0.0014132126051595861	2.296557022434157E-5	9.352374748026193E-4	6.449422020669223E-5	0.4377206610756943	0.005504278488131235
108	0.0024831606238091553	7.126499856813686E-5	0.0020643978374152994	5.688189201074683E-5	0.0010125936301648153	7.248670135815822E-5	0.38390917676521497	0.006220342349850978
109	0.0022791674841116105	6.689663076891028E-5	0.0025079659376956442	3.105139804582751E-5	8.978058183313209E-4	5.9103993066872536E-5	0.4408012301692352	0.0049314271777072625
110	0.0025391911692196345	7.840158274846604E-5	0.0020771265350560952	5.421165571074038E-5	0.001026039993303307	7.458687657852535E-5	0.38408394880269725	0.006695409910276864
111	0.00235268490145657	7.026493360410901E-5	0.00255131868880909	3.3060498069395926E-5	8.977151874134393E-4	6.050769297447338E-5	0.4387727283997762	0.006145895415917798
112	0.0026849195845990437	7.744800304613163E-5	0.001483392440650988	5.705820237424227E-5	9.724903950854014E-4	7.108457309211939E-5	0.383731644877507	0.005853104301208722
113	0.0036221794318933576	7.563662520466521E-5	0.002713558809888994	3.673592117616456E-5	9.442750103758613E-4	6.148679630136022E-5	0.4373181645857329	0.006128060243277018
114	0.0014995313227146312	6.449294017126424E-5	0.0020031955591885975	5.816051282729195E-5	0.001019217859709265	7.628877376601479E-5	0.383559127577044	0.006027808128264761
115	0.002439360955754921	8.494029989982898E-5	0.00255843108149989	3.389143619908517E-5	8.958886621019957E-4	6.139404568799358E-5	0.4435390535184034	0.0047543871528519825
116	0.0030402335660468793	8.42626965352422E-5	0.0021740578076556716	5.496470177924404E-5	9.923321842615351E-4	7.465536872555237E-5	0.3836715171045775	0.006267214872509069
117	0.003559394968899454	7.202315671681076E-5	0.0026941678150009807	3.546897691158199E-5	9.375848404236109E-4	6.07440501729171E-5	0.4383142689252537	0.005116529660301282
118	0.0017597408222691513	7.144625911215424E-5	0.0020948647055210046	6.054202052609857E-5	0.001020791292716261	7.525012001627541E-5	0.38337223320809954	0.006454493724623057
119	0.0035936923249835218	6.63697120849403E-5	0.0026789768147494897	3.321595700511071E-5	9.093722119857262E-4	6.105848627266616E-5	0.43819793350036207	0.005453532130313762
120	0.0016883838838523957	7.142349580503808E-5	0.0020925027372982186	5.846572579335924E-5	0.0010186499764035517	7.609892708802616E-5	0.3834804661366036	0.0052400671565251905
121	0.0036069992154104114	8.234954511339548E-5	0.002544029939764769	3.406499878514141E-5	9.241555285051106E-4	6.176633534732622E-5	0.43898355912388354	0.005122348702657104
122	0.001358189621690542	5.767455298298795E-5	0.0020308522515435357	5.506321377273671E-5	0.0010215959050707824	7.180091199539321E-5	0.38403779966720464	0.005511118961969594
123	0.0023310982814948034	7.437330351544966E-5	0.0025320493906324515	3.169147861329107E-5	9.196867568803668E-4	6.078022108730463E-5	0.4421389334264205	0.004668853310837726
124	0.0023812450854805434	8.039368008993523E-5	0.002083022913543786	5.49372918643006E-5	0.0010160595732786604	7.482735818942466E-5	0.29139876472768833	0.005904667114619233
125	0.002084620429073425	6.856763342802497E-5	0.002613349874430071	3.542874806100133E-5	9.331220104282778E-4	6.0150634059584654E-5	0.44118082028969496	0.00425480891748992
126	0.0028531018082276205	8.956919366312052E-5	0.0021542286765257046	5.8327222400008036E-5	0.0010195602156981565	7.510201136291981E-5	0.3839068886961101	0.006106353124259744
127	0.0024611885943457423	6.94613679552947E-5	0.002625520926965663	3.7744839802063526E-5	9.357845281172672E-4	6.073585871614527E-5	0.4407987457139271	0.0041475367479990085
128	0.002908038346724595	9.057962676924932E-5	0.0018925925176755953	5.537791810254426E-5	0.0010312177799702837	7.581283543752157E-5	0.3837217858485502	0.005945515907798284
129	0.002509619983914746	7.65356270839045E-5	0.002614590465991995	3.3982521194653775E-5	9.283864996376678E-4	6.256686502793357E-5	0.4405918194800087	0.0041535826732314275
130	0.003005660977461133	8.783945106576407E-5	0.0017654994973472782	5.982049749045987E-5	0.001026985865488328	7.546258232733027E-5	0.3837554782552388	0.005941486459788577
131	0.0020420107942946686	6.331835463273539E-5	0.002742335791124262	3.6502878381570954E-5	9.912331449406508E-4	6.476224646764851E-5	0.44199102920714495	0.0042583270120193015
132	0.002377527609027652	7.996698093142811E-5	0.002200146053024099	5.2967298867947E-5	9.970350136576656E-4	7.011033423462071E-5	0.29181709817895296	0.005482091805392796
133	0.0035489491233846593	6.401790742997476E-5	0.0025755094703310277	3.3267432675606564E-5	9.896585669260105E-4	6.472313819976998E-5	0.4420176850990636	0.005530317133138349
134	0.0014447955449075067	5.532999781429679E-5	0.002057300798831818	5.528198666102591E-5	0.0010133289763540887	7.473871388267331E-5	0.29183157945649896	0.005459423133619399
135	0.002009942148951893	7.817441263267E-5	0.002634389379009505	3.291502336332867E-5	9.678317264594227E-4	6.257837020078062E-5	0.4433351015990503	0.004477399504313085
136	0.002479846850707901	7.965970176457002E-5	0.0020234235338456585	5.913521582915292E-5	0.001010912532895425	6.980958657932753E-5	0.29192961905290815	0.005618475784660257
137	0.00225326597669806	7.575477100405039E-5	0.0026119659316634625	3.7018601821795405E-5	9.315780779459715E-4	6.070662155715856E-5	0.4430036425963273	0.004242822162042256
138	0.0018659684870314663	7.303320782350186E-5	0.0018765796985356076	5.76227280878316E-5	0.0010259852184093532	6.978168940853878E-5	0.29168536851631544	0.005600277622852008
139	0.003475937344489921	6.126302762196122E-5	0.002613377711119469	3.3569792456989525E-5	9.333555904236235E-4	6.140813339555685E-5	0.441322268223054	0.005818876199298464
140	0.0016327895610857013	6.914499262157703E-5	0.0020886122669949714	5.740460783441578E-5	0.0010159924166694978	7.042715676869481E-5	0.292103781191031	0.004970699171310632
141	0.003624291259786361	7.589118454296385E-5	0.0026402513417131956	3.3964766138189106E-5	9.294261160608386E-4	6.019374730628051E-5	0.44270948020540146	0.00538564857838601
142	0.0018082185737888778	5.890900882186793E-5	0.0020575339383288593	5.537359106664436E-5	9.751122155865488E-4	6.96773419896232E-5	0.29260066132959395	0.005473817694912054
143	0.0035957970559366004	7.195398564289095E-5	0.002628233367147459	3.244141083227219E-5	9.332926040013234E-4	6.149487074317752E-5	0.4421857160390914	0.004723669225291946
144	0.0024965302836328362	8.914244754604663E-5	0.002081659814159309	5.4719560755022334E-5	9.767954258421696E-4	6.942666369567918E-5	0.29243807167414104	0.005966647866962103
145	0.0026337823290329965	7.238759415807731E-5	0.0026050743026573286	3.292327498104792E-5	9.528508861755824E-4	6.214676662567887E-5	0.4426622840295309	0.004719464165416302
146	0.0021169773072173825	7.911502484461925E-5	0.002055341696781454	5.3435919896301675E-5	9.818133578143318E-4	6.908772543986874E-5	0.2922952404572712	0.006097227215773087
147	0.002336331949727821	6.9544163551285E-5	0.0026727761255607163	3.434454190557526E-5	9.287005152707195E-4	6.134485967367811E-5	0.4421797920985071	0.00489772023928539
148	0.001897448216709563	6.831682345116632E-5	0.002159623786294418	5.6402595022743215E-5	9.828232805677573E-4	6.970404810693126E-5	0.292096306589265	0.005499428319717438
149	0.002504769326284517	6.656539300097607E-5	0.002584041218527844	3.277207108719788E-5	9.477105052546619E-4	6.198782763214747E-5	0.4425826130305879	0.004810541631299238
150	0.0021391458065629365	7.12284644405646E-5	0.002151650432001162	5.7283567569538955E-5	9.839618991618337E-4	6.985861200352232E-5	0.29277873072288685	0.006264117495379878
151	0.0027927826600215866	8.704152148760487E-5	0.0026265710610644533	3.364751831340405E-5	8.918765659782224E-4	5.8010108659885785E-5	0.4455430049026461	0.005222621310328266
152	0.0017298738891469156	6.075060446902728E-5	0.002059703588084716	5.27273431275915E-5	9.756240267178029E-4	7.002389187883926E-5	0.29242192080187124	0.005764200803259452
153	0.0020773598068188903	7.421307477238681E-5	0.0026597694580487996	3.479211845124969E-5	9.498495711328658E-4	6.160970555587746E-5	0.4442070671464151	0.0044785176378453655
154	0.002341192712105311	7.42184407137323E-5	0.0015578837339464968	5.606907410265565E-5	9.736843972651954E-4	7.133314137361621E-5	0.29266525886497163	0.006244105833580808
155	0.002345473794036934	6.890805168837314E-5	0.002699728007547364	3.535934638977888E-5	9.545272003990135E-4	6.163934682280184E-5	0.4425323598874442	0.004768600142205038
156	0.002155268883356598	7.13160119048551E-5	0.0020970566060984908	5.7943421547314556E-5	0.0010250976694496927	7.271259079021828E-5	0.2928228392507606	0.005765429213604245
157	0.00516284118759458	7.858609020794299E-5	0.0026821594816315297	3.3836360220382195E-5	9.523317763395767E-4	6.0700842009649855E-5	0.44356543028351325	0.004523580057812116
158	0.0017106706998930576	7.844100846702434E-5	0.0021170357900803793	5.477127806764587E-5	0.00102553716375553	7.093596866024197E-5	0.2924502951341914	0.006484407163872425
159	0.006296708951873953	9.33639428868983E-5	0.0026251266665724415	3.187689378135079E-5	9.505689631161829E-4	6.16169315162809E-5	0.44296192498671516	0.005007036446739655
160	0.001968086244360734	6.292106669480725E-5	0.0020836853516357223	5.47180242172147E-5	0.0010244643957806332	7.399921995265295E-5	0.29270066931589156	0.006009263416228888
161	0.002791108254999841	7.280472564182406E-5	0.0026644853312625116	3.447431810909152E-5	9.708938982067039E-4	6.15591796666425E-5	0.44256329978515296	0.0047366681758749625
162	0.001967372658498334	6.631041729096474E-5	0.0021488953734429828	5.42713309529631E-5	9.917897716960056E-4	7.078773800019222E-5	0.29306093817552537	0.006182151617393549
163	0.0039010084632629116	6.921596458147494E-5	0.002678125098366735	3.412783734602237E-5	9.464858669758769E-4	6.170906273612535E-5	0.4435477895472104	0.004630362141867386
164	0.0018071541667232793	7.391738809825243E-5	0.002313203282097831	5.431134976340219E-5	0.0010239978786739101	7.326361808165634E-5	0.2928171873502379	0.006494255353413358
165	0.003726599821943566	7.045231568109239E-5	0.0026747948403986754	3.465571269915263E-5	9.515010641010235E-4	5.908572795594714E-5	0.4431723219721846	0.005000202664932011
166	0.0029980721742077776	6.860925893144578E-5	0.0021835753836185745	5.6872288218625656E-5	9.966126281710785E-4	7.3344950051908E-5	0.2928837389240897	0.005679663063489328
167	0.004445783894958311	6.944551444511054E-5	0.0026478407758538935	3.403491008185441E-5	9.484349401818193E-4	5.833434853045236E-5	0.44390213868745576	0.0051949657852498315
168	0.0022177261925726555	6.550040852261106E-5	0.0015279332223592235	5.7182270063920136E-5	9.737449314028979E-4	7.265349016439559E-5	0.29283978926194365	0.005596359359567316
169	0.005353242253963941	7.538970523307722E-5	0.002683952264552758	3.408078390232705E-5	9.51559068718133E-4	6.170561503867688E-5	0.44328140194189203	0.004663480934072847
170	0.0017388605139423419	6.611794309829942E-5	0.002303076747400823	5.144001119056577E-5	9.987118697054598E-4	7.344973933461635E-5	0.29362704708621834	0.007499758487848448
171	0.0029548253508515643	9.727605936565472E-5	0.0026510032293494135	3.424103956484503E-5	9.433021839164724E-4	6.17055260102944E-5	0.44998732241973016	0.0048971245075690156
172	0.002721617048191405	8.383780375333544E-5	0.0022379627880049213	5.0135288676171556E-5	9.788700970876363E-4	7.047608808454318E-5	0.2939889426336322	0.006435847390337185
173	0.004789045280993776	7.161788789902723E-5	0.0026580929018074073	3.5125661378672166E-5	9.335949017090783E-4	5.934594101179152E-5	0.4462980761810762	0.005374472397488106
174	0.002545288945199786	8.000414394947422E-5	0.002165612945594475	5.764905623927485E-5	9.965775247806619E-4	7.327600946774837E-5	0.29441981564525577	0.005892018359096135
175	0.006454216664984358	8.051458185261686E-5	0.0026702408899250685	3.459619533566337E-5	9.40172878301837E-4	5.886654756987858E-5	0.4464955642654225	0.005386171286325124
176	0.002131010650074927	7.049828613356757E-5	0.0015316913642493546	5.59737046390334E-5	9.83865640358239E-4	6.781285454962589E-5	0.2941641205547114	0.005960729285603887
177	0.007561693126099556	7.366912843463455E-5	0.002682621033255117	3.4524883812500185E-5	9.609574800641951E-4	6.205521293716363E-5	0.4454458130050476	0.0051786752082536875
178	0.0021568755317318278	6.567775273311271E-5	0.002314291289259529	5.032282662241592E-5	9.731297299211406E-4	7.230047429950272E-5	0.29364848284156864	0.005275484916594552
179	0.007285397894206014	7.400272241270365E-5	0.0027032153686281646	3.526573977987273E-5	9.598935750005921E-4	5.9143752368329976E-5	0.44487169531479154	0.005337838075426434
180	0.002346594417293346	7.574930333692866E-5	0.0023012057694771215	5.017486003228863E-5	9.717342950139596E-4	7.329934825886622E-5	0.2932388589792403	0.0056692310066368086
181	0.0068400728815696255	7.426601257064766E-5	0.002714631675672763	3.4802644039901565E-5	9.600757680665595E-4	6.201797285367525E-5	0.44339295964195813	0.004933330998718382
182	0.0024130763624050644	7.14965645028535E-5	0.0021726548624894093	5.666137438638657E-5	0.0010193968981928592	7.261769562390993E-5	0.29309064620542813	0.0050980064364804754
183	0.006513977866040577	8.525232656111658E-5	0.0027124443290844624	3.465776076729531E-5	9.604640867593162E-4	5.962467804296573E-5	0.4431976634750221	0.0051539742016057126
184	0.0021744235625611452	6.435629717505514E-5	0.0021496125728219795	5.739050352730934E-5	0.0010075384295991086	7.294890554812423E-5	0.2930633637354738	0.005432562805146715
185	0.006848498430981564	7.506822610879132E-5	0.0027107674721715824	3.334402767345488E-5	9.555690589921895E-4	5.8507234413890155E-5	0.44342840130145333	0.005250790603411829
186	0.002003050432634268	6.672016862728661E-5	0.0021388842822904763	5.712129348908169E-5	0.001009620411726253	7.370026930272482E-5	0.29326650005989663	0.005599070473921407
187	0.0039008522695525016	6.460898725687239E-5	0.002717861819027334	3.4590886793200964E-5	9.331274580794968E-4	6.140717131838578E-5	0.4435810663899744	0.004683688236521969
188	0.0023617331893355242	7.227991497214173E-5	0.0021492112038608013	5.618154840759665E-5	0.0010296467583685853	7.263722390674136E-5	0.29270798727628033	0.005426405791982192
189	0.0028209835771697556	7.096273816466816E-5	0.002704030697888271	3.450967140491214E-5	9.686343218682225E-4	6.110283318777347E-5	0.4422894077767765	0.005106770364636192
190	0.0016505103706911939	7.189786777112496E-5	0.0021099099096559826	5.671826957132222E-5	9.915879567765629E-4	7.309283739168156E-5	0.29241875322043853	0.006078257966765065
191	0.0038484900814275136	6.52418196460094E-5	0.0027007716610452093	3.3169344124531165E-5	9.330742506001855E-4	6.048242811469145E-5	0.4421229342245603	0.005240770910913176
192	0.0020911843036302002	6.470854033326352E-5	0.00207895034015948	5.59687116514037E-5	0.0010144223661177065	7.28083643831238E-5	0.2921598059517194	0.005415586405882481
193	0.004399671703833263	7.232422921813119E-5	0.0027163744362059816	3.370145960523018E-5	9.584203121200119E-4	6.152968181756265E-5	0.4407762951350591	0.0050383120690809064
194	0.0020334837797761907	6.866010908531311E-5	0.002072733329917753	5.586840471435833E-5	0.0010279903489003317	7.293105443353588E-5	0.2914299206382296	0.005307759616719298
195	0.004440104247301235	6.808436661830389E-5	0.0027049637410918592	3.425459832430965E-5	9.671513968783074E-4	5.920349872879325E-5	0.43954233867540893	0.004534410805211462
196	0.0021737249895927846	6.238276032020794E-5	0.0020760453687689306	5.6086983865868345E-5	0.0010232594480452661	7.257256246061238E-5	0.2910509133179531	0.0054580811366420475
197	0.004587236906854031	6.816012501035208E-5	0.0025731660604719764	3.485578785729339E-5	9.71326433312214E-4	5.9981868285837395E-5	0.43868197631555716	0.0047760837942081545
198	0.00245621631216153	7.263323508390232E-5	0.0020422793729490962	5.491145056661835E-5	0.0010093239327648718	7.163724343409452E-5	0.2905689654698733	0.005224271495372248
199	0.00505782287028822	7.677891064928661E-5	0.002722890917851828	3.522061989263245E-5	9.374476948735833E-4	5.849652797817689E-5	0.4379163313484824	0.005282321622001162
200	0.0023734565207469416	6.64620947710374E-5	0.0020875325693499036	5.6265218591384845E-5	0.0010156048164411402	7.165792980496028E-5	0.2905160079042659	0.005492132472858086
