iteration 	 master_max 	 master_avg 	subnet_0_max 	 subnet_0_avg 	subnet_1_max 	 subnet_1_avg 	full_max 	 full_avg
0	0.0	0.0	0.0	0.0	0.0	0.0	0.0	NaN
1	17322.878491707448	3526.0873203942465	2590.099726114055	208.0681152611581	8139.614114947849	522.6165473172946	5156.392243981316	835.6776838069388
2	4631.418235864085	941.963663879693	10523.939902694872	918.2390723625873	1251.1696793622104	92.95266475471009	9008.533514110284	2052.4265293789144
3	5704.853496095875	1874.3286644920313	4607.644662266715	261.49263310488755	1087.790384108591	132.6163230851589	8601.340227254914	2065.1757209556076
4	9135.098425097083	2001.8821284211688	4909.791779145572	296.94721269724334	585.4357944063685	78.74877374325516	7305.768521013051	1820.737830799232
5	4135.732436128857	1185.3872763465556	1499.210465771287	96.85368611851118	1023.0535154458498	102.40403768928905	5472.229257964633	1543.1412105291972
6	3396.762623115414	935.7881538301067	730.8014666143708	50.785193967970564	220.3148195794438	20.940910690641342	4340.291117421854	1249.9541525138472
7	3233.4362695607456	849.7911277056686	385.671249443169	36.0556382146015	573.0977710987968	28.669598658613562	3440.1523735512837	1039.1839437801748
8	2555.911219726111	708.4365578750891	350.63211821427467	31.382135405707444	0.07900658727908194	0.004389254848837886	2750.3132367995986	818.4553687610539
9	2436.5588627675083	665.5242833771152	284.8687281987595	24.121064733300322	19.45490291094802	1.0808279394971123	1917.4973778282615	665.1517595673852
10	2244.400809633228	627.6696821001112	236.6378600491073	11.854888048994619	3.806390116395278	0.2239053009644281	1595.4500651752924	520.101645546371
11	2206.366205451991	579.7688539560893	128.98074386143116	5.163531223397243	0.0	0.0	1463.8090296481114	427.28485249721126
12	2496.510992217233	577.264400256866	120.31089768563766	4.696239527791432	0.0	0.0	1474.1764997890384	404.138892595063
13	2586.309037617795	565.2668306831524	101.76988189442886	4.738868519245618	0.04324713508299283	0.0027029459426870517	1476.0298502717214	359.7297011262296
14	2613.607450011729	555.3695220089535	96.31016943125769	3.741158951158146	0.0	0.0	1461.845217242309	348.0233713576744
15	2612.271984271113	540.7097952542268	95.40792911660219	4.045291074539066	0.0	0.0	1440.7479756269895	307.66794338068235
16	2616.30994099441	535.4459520655865	81.06098730567851	2.7868368490181035	0.0	0.0	1422.9640881499265	325.21092353326077
17	2634.1697960942065	534.8815255654199	3.920915936165997	0.1370437968744222	0.0	0.0	1382.0981517223468	259.724342010685
18	2611.107370414747	524.1252484932764	3.7955020843985636	0.1419965426217902	0.0	0.0	1349.7935740981666	286.53171222484946
19	2588.5935007495136	516.0165909061474	3.279968475620066	0.12237996822473463	0.0	0.0	1324.9276871816462	279.3399756530853
20	2567.3860722556265	511.74620886756867	2.625029848238981	0.09774183364778927	0.0	0.0	1317.9030872174783	275.76955172279264
21	2557.9107108941153	507.81154054207485	1.9222034840659674	0.07159924090541407	0.0	0.0	1316.3887124737867	272.2978887067203
22	2548.402298132757	506.22342753567085	1.420033357475063	0.05280292361812742	0.0	0.0	1308.9508239529591	268.94067858616745
23	2541.1649541969073	504.0887258065745	1.0339622881751183	0.03843587975486561	0.0	0.0	1305.128293566764	266.4647861855889
24	2543.813052511092	501.87694133500264	0.7055390757904689	0.0262553347639959	0.0	0.0	1303.4301143618293	264.8680274561933
25	2542.7137340972836	501.15290274990224	0.5246836023600352	0.019495330766016526	0.0	0.0	1297.984493039068	263.4949258081178
26	2540.123905777074	499.793694549618	0.3888986655951143	0.014462021779465581	0.0	0.0	1296.6766827376418	262.8216939842197
27	2540.5131686317404	499.30847225178246	0.287746724950793	0.010690035314731795	0.0	0.0	1293.8705242838726	262.06712342457564
28	2539.274760631605	498.56707596655	0.18370014509628874	0.0068319382824200215	0.0	0.0	1292.4745825934474	261.7414125681765
29	2539.5949392276234	498.1374439428566	0.1010826934949165	0.0037646056211013113	0.0	0.0	1290.9435561925839	261.40567585443284
30	2538.701281197907	497.7815923350371	0.03185513744993784	0.001195837621181197	0.0	0.0	1289.629093267869	261.1173423232924
31	2538.1182635284486	497.45533235930816	0.029658036981906832	0.0011114262875006342	0.0	0.0	1288.577990631115	260.88571688692844
32	2537.613640630565	497.19640330990103	0.08176039156384718	0.0030382712324326265	0.0	0.0	1287.6405842206777	260.68435048658074
33	2537.141450890541	496.96751895212293	0.12730205700945163	0.004722873887513349	0.0	0.0	1286.8459007396211	260.5159115179921
34	2536.749434770086	496.77286383339356	0.16751041384350174	0.006210411731823721	0.0	0.0	1286.1591815701267	260.38056260121766
35	2536.404288175693	496.6048765031175	0.20333215594735066	0.00753584683360697	0.0	0.0	1285.5599103573797	260.2659022353011
36	2536.093341603516	496.45941512778785	0.23546607221449278	0.00872497693704167	0.0	0.0	1285.0336039233548	260.1676342945949
37	2535.8096145558725	496.33304072025686	0.15713240628633685	0.0058259724887448185	0.0	0.0	1284.5063442061057	260.0529304676617
38	2535.473750393383	496.2679195396841	0.10870096866167955	0.004028637272516226	0.0	0.0	1283.9692004204148	259.984657513942
39	2535.3571238663853	496.12459637789914	0.09867771868971431	0.0036571924165024233	0.0	0.0	1283.8146857430283	259.9398969579931
40	2534.9979358038404	496.1180379044608	0.08200670619579853	0.0030388775440833887	0.0	0.0	1283.3700034553506	259.8852298419383
41	2534.8787795547196	495.9936548586333	0.0768441632963004	0.002847571845088297	0.0	0.0	1283.2617359182295	259.8521088906799
42	2534.5779805817883	495.9948129093055	0.063754952302574	0.0023623081106299644	0.0	0.0	1282.8976179825981	259.80913486259635
43	2534.477505994531	495.8920298782868	0.06109698836644384	0.0022637937333174537	0.0	0.0	1282.8197952151277	259.78416037301656
44	2534.22288772138	495.8967168106704	0.050436492629117424	0.0018686811652886322	0.0	0.0	1282.5199654591645	259.7498529037753
45	2534.1368678354515	495.8115237797478	0.049268197674791736	0.0018253604691117352	0.0	0.0	1282.4615841328107	259.73046853914076
46	2533.921756400702	495.8181209170495	0.04048097755203628	0.0014997392733609634	0.0	0.0	1282.2132889547777	259.7026809465937
47	2533.8476500876463	495.7464789570373	0.040204438774935625	0.0014894609061805134	0.0	0.0	1282.1677746118892	259.68724880712284
48	2533.6659136345893	495.75470349948006	0.032892284966848706	0.0012185438973228168	0.0	0.0	1281.9609388324448	259.664462459933
49	2533.601786552098	495.6930628671074	0.03314634788830517	0.001227919468152076	0.0	0.0	1281.924315656872	259.65191920434575
50	2533.447925647187	495.70163284937917	0.01608237058985651	5.957088497620728E-4	0.0	0.0	1281.7445526073072	259.63841803296384
51	2533.3857840702763	495.64725524718995	0.01533984987486292	5.682020810513993E-4	0.0	0.0	1281.7209127840392	259.63223395965025
52	2533.259338191087	495.6569331790251	0.012310269782574323	4.5597424165690737E-4	0.0	0.0	1281.7145878749745	259.62906006869076
53	2533.2051905473177	495.6098544708424	0.012287225462841889	4.55120548750977E-4	0.0	0.0	1281.7065362614053	259.6239630756957
54	2533.097893095057	468.46176900491827	0.00991122692926183	3.6710729036886706E-4	0.0	0.0	1281.7322616743086	227.69379255865604
55	2533.0510146814495	468.42240670143553	0.010072311085878027	3.73074153626118E-4	0.0	0.0	1281.7256720741038	227.69000832966196
56	2532.959187700132	468.4322778721192	0.008154127291845725	3.0202149279132427E-4	0.0	0.0	1281.7477122044284	227.6908166109365
57	2532.918331953409	468.3981764795566	0.008397997325118922	3.110547188256347E-4	0.0	0.0	1281.7422759720396	227.68763991211512
58	2531.839032486136	295.2645962316232	0.006820002850872697	2.623202798214007E-4	0.0	0.0	1271.3236061982323	157.43604884998305
59	1051.930201988388	163.88464974840974	0.007094549539488071	2.9562073514869763E-4	0.0	0.0	1271.292696785476	149.85798015361902
60	738.7356744589154	76.21096213600961	0.005777904957540159	2.4075567556162505E-4	0.0	0.0	1271.2288872923064	112.11535409932279
61	738.7494272343912	76.18491491013779	0.006056306414620849	2.523566228334791E-4	0.0	0.0	1271.201815301797	112.1119358365554
62	738.7673937451023	49.66219112382029	0.004945547978195464	2.150311549170703E-4	0.0	0.0	870.4214080573847	65.75564568416667
63	738.7797074106688	49.64062283347405	0.005214338041241717	2.2671846102061073E-4	0.0	0.0	870.4157692250632	65.753545761686
64	738.7879760644679	49.639591751824156	0.004799820831976831	2.0869472860534475E-4	0.0	0.0	870.3999751622974	65.75334138880146
65	738.8022577262494	49.64492605094157	0.003972614604435876	1.7272708269096572E-4	0.0	0.0	870.3572586978817	65.76043504780645
66	738.812324505863	49.6278099619057	0.004273918571925606	1.8582797828792724E-4	0.0	0.0	870.3516119603784	65.7589480286187
67	738.8255435398052	49.63802345991536	0.0035020263467231416	1.522656658784048E-4	0.0	0.0	870.3166553870518	65.76462088395168
68	738.8351181695523	49.62169108680583	0.0037541234673881263	1.6322694427712932E-4	0.0	0.0	870.3121296217635	65.76318133962658
69	738.8419211958392	49.62114595143291	0.0034878821236361546	1.5165065941487129E-4	0.0	0.0	870.3006516278774	65.76301658600286
70	738.8528100772014	49.62518884917532	0.002887778062131474	1.2555804478608934E-4	0.0	0.0	870.2686388990736	65.76840219124284
71	152.8552515520936	9.067920028333209	0.0031386700477469276	1.4266987354845511E-4	0.0	0.0	870.2638323438578	69.62067117292396
72	152.84741031640272	9.076155937356198	0.002579947861022447	1.1727242171973144E-4	0.0	0.0	870.2374368818807	69.62465104411693
73	152.82171164856607	9.06273894192193	0.0027898910384465125	1.2681563959014076E-4	0.0	0.0	870.2336136930065	69.62296953227157
74	152.82322602375746	9.06066506249487	0.002612416075407964	1.1874829833693276E-4	0.0	0.0	870.2250166039742	69.62229465266797
75	0.5536948288581698	0.08043032913548132	0.0021658922371443623	1.0313924289223884E-4	0.0	0.0	717.4261030078669	33.236393777230376
76	0.530863057273109	0.07034201820893315	0.002366782162198433	1.1270572420855951E-4	0.0	0.0	717.4147368748021	33.23526625971126
77	0.5217423141220934	0.07010554311984052	0.0022297480963970884	1.0618008875594245E-4	0.0	0.0	717.4071351687635	33.23507484434533
78	0.5053927794037918	0.07405638442321916	0.001816796122056985	8.651516859816053E-5	0.0	0.0	717.4268736959859	33.23956083777674
79	0.4819602712109372	0.06699126482608264	0.0019621897988599812	9.343885466047855E-5	0.0	0.0	717.4171343359894	33.238330042416344
80	0.46971103741998377	0.06327647006992976	0.001848112479365227	8.800646075949696E-5	0.0	0.0	717.4101459995637	33.23771069568259
81	0.4531047789137119	0.06414318257630924	0.0017472769166033686	8.320465003005697E-5	0.0	0.0	717.4049227564713	33.23736805313259
82	0.43831123909967573	0.06443823022874895	0.0015791574091963412	7.519877833452764E-5	0.0	0.0	717.4010939733678	33.23713547556597
83	0.424009251312782	0.06437713754253949	0.0014326054863431636	6.821997259416028E-5	0.0	0.0	717.3982017485528	33.23695264987389
84	0.41066887015404063	0.06413962198388035	0.001304923703401073	6.213977465157379E-5	0.0	0.0	717.3959741812109	33.23679761387582
85	0.39842960151918305	0.06381566524006388	0.0011925689002509898	5.678945518131481E-5	0.0	0.0	717.3942371726212	33.23666416388112
86	0.38727543616187177	0.0634518916106046	0.0010929604695775197	5.204612295205466E-5	0.0	0.0	717.3928726892652	33.236551099979415
87	0.37713010342167763	0.06307311894036616	0.0010041452146651864	4.7816764863333514E-5	0.0	0.0	717.391797004323	33.23645824740824
88	0.3678990337252799	0.06269282629159889	9.245843000371678E-4	4.4028100255388836E-5	0.0	0.0	717.3909486094115	33.23638518047107
89	0.35930393110038494	0.0627251590431328	6.752505153144739E-4	3.215493389469819E-5	0.0	0.0	717.4069120742607	33.23910653038809
90	0.34579682118464916	0.05984225025150636	8.261463531198387E-4	3.934052324066919E-5	0.0	0.0	717.4037208219679	33.23844473748158
91	0.34153961514448383	0.05782377874415445	8.039872122935776E-4	3.8285314374775226E-5	0.0	0.0	717.4011892036668	33.23799447212338
92	0.3360892519663139	0.05620075700524296	7.795253104632138E-4	3.712044937979423E-5	0.0	0.0	717.399161083713	33.23770071483835
93	0.32985571404742586	0.056196337551966735	7.571547823772562E-4	3.605517501896538E-5	0.0	0.0	717.3975256264299	33.23751806073421
94	0.32317826156395313	0.05646647665951576	7.365140900219558E-4	3.5072274936540215E-5	0.0	0.0	717.3962015516746	33.23741514760323
95	0.3177002591855853	0.05655342566882737	6.820833571055118E-4	3.2480310303012195E-5	0.0	0.0	717.3951830482415	33.23736796296042
96	0.3124452012116308	0.056548267626894244	6.319605838598363E-4	3.0093490280031737E-5	0.0	0.0	717.394394412666	33.237359910572735
97	0.3074564688868122	0.05648334660849841	5.865312050445937E-4	2.793016862395483E-5	0.0	0.0	717.393782237029	33.23742530174038
98	0.302553198395799	0.05617084582523191	5.392736159137712E-4	2.5679790034533178E-5	0.0	0.0	717.3935164829458	33.237614219524204
99	0.29766467059198476	0.05567245107398833	3.7918590487606707E-4	1.8056518154621482E-5	0.0	0.0	717.4051493726406	33.240002491580206
100	0.288998391653422	0.053682842486356463	4.92907462785297E-4	2.3471862504498814E-5	0.0	0.0	717.4033889720959	33.23997463587357
101	0.2868872243257101	0.05241975719691183	4.851810897434916E-4	2.3103937534769903E-5	0.0	0.0	717.4019232798997	33.23998706479512
102	0.2842031189593399	0.0514491193899822	4.746956960843818E-4	2.2604629819849854E-5	0.0	0.0	717.4006987995278	33.240038482112595
103	0.2810602552435739	0.051952636837977906	4.648748224553856E-4	2.2136966187247253E-5	0.0	0.0	717.3996744104379	33.24012149751157
104	0.278455027255859	0.052285351287299164	4.333882225182606E-4	2.0637595138764265E-5	0.0	0.0	717.3988608511052	33.240222382445694
105	0.27579239476335715	0.05251079495983646	4.0405871459370246E-4	1.9240943961747126E-5	0.0	0.0	717.3982103180845	33.240344139734766
106	0.27305247254025744	0.05257534995556412	3.748473061477853E-4	1.784991715579411E-5	0.0	0.0	717.3977719057623	33.240646404165574
107	0.2702683130787591	0.05223727142374557	2.5974792902161425E-4	1.2368970818074776E-5	0.0	0.0	717.4062705204279	33.24269656056788
108	0.26859391825109924	0.0508070577622064	3.4064696478708356E-4	1.622132155819686E-5	0.0	0.0	717.4050835253531	33.24266083275527
109	0.26545220434263683	0.04988222518780816	3.3734885232661327E-4	1.6064267862857052E-5	0.0	0.0	717.404053548608	33.242646050652375
110	0.2635704784174777	0.0493607865236676	3.3184170501954213E-4	1.5802021559284728E-5	0.0	0.0	717.4031583831937	33.24265407430268
111	0.2642413385501641	0.049742253449952756	3.265806267336302E-4	1.555149290055624E-5	0.0	0.0	717.4023801213144	33.242681746096515
112	0.2648022679713904	0.05003957935560166	3.215952822301915E-4	1.5314094500781938E-5	0.0	0.0	717.401703698458	33.24272627179815
113	0.2652670146976561	0.05026717245868895	3.16849226692284E-4	1.508809087658576E-5	0.0	0.0	717.4011163800569	33.24294594865259
114	0.2631896247007717	0.050189712311052403	2.1692774453185848E-4	1.0329907813197029E-5	0.0	0.0	717.4083988361506	33.24467276394674
115	0.2621441657033756	0.04884088547863641	2.863001147943578E-4	1.3633365303652075E-5	0.0	0.0	717.4073424958303	33.24462020590764
116	0.2592411732939581	0.04790390300912151	2.840730503521627E-4	1.3527314205843833E-5	0.0	0.0	717.4064117062778	33.244584667735865
117	0.2579113305764622	0.047553911730165765	2.799039004912629E-4	1.332878249946762E-5	0.0	0.0	717.4055904905977	33.24456825872708
118	0.25838585023802807	0.04790080512229622	2.758969637852715E-4	1.31379752679501E-5	0.0	0.0	717.4048657504325	33.24456867996185
119	0.2587728818316464	0.04817806713478845	2.7208723531657597E-4	1.295655895292146E-5	0.0	0.0	717.4042262635982	33.24461572687057
120	0.25784627236680535	0.04879428425200061	1.855265800259076E-4	8.834610177643754E-6	0.0	0.0	717.4104690444763	33.24619660811126
121	0.2567357327634454	0.047590729656040054	2.455721139540401E-4	1.1693929686257001E-5	0.0	0.0	717.4094989969104	33.24613232618997
122	0.2540311159546036	0.04673707871955912	2.4402694202763087E-4	1.162034982608399E-5	0.0	0.0	717.4086322642461	33.24608220218967
123	0.25214288698543896	0.04615600491010241	2.407711563137127E-4	1.1465311901236505E-5	0.0	0.0	717.4078569727673	33.24604839076863
124	0.25251941026544955	0.046397216525999596	2.3762577598063217E-4	1.1315531398484577E-5	0.0	0.0	717.4071632450124	33.24602916812856
125	0.25282353574675653	0.046589372145778185	7.411474825858022E-6	3.5292738991594366E-7	0.0	0.0	717.4065424844214	33.24600984887287
126	0.2530241985282373	0.0467466324144965	7.082409183567506E-6	3.3725759708756543E-7	0.0	0.0	717.4060046683774	33.24619725211108
127	0.250534104313374	0.04682811486876304	1.5037018397379143E-4	7.160492260587554E-6	0.0	0.0	717.4114811913244	33.247437204370186
128	0.24952169963307824	0.04578262544694667	6.603095471291454E-6	3.144331325681075E-7	0.0	0.0	717.4106661988454	33.24736634196772
129	0.24726036957736142	0.04507776694816101	6.381911134667462E-6	3.039005444331148E-7	0.0	0.0	717.4099280939027	33.24732004314051
130	0.24684832438833837	0.045043147269115735	6.304723910943721E-6	3.0022495964420245E-7	0.0	0.0	717.409260293698	33.24728655605239
131	0.24711048972449134	0.045240903378424235	6.231183533600415E-6	2.9672303759027617E-7	0.0	0.0	717.4086560000303	33.24726458906081
132	0.24731693422791068	0.045400775479681243	6.160762268336839E-6	2.933696426528816E-7	0.0	0.0	717.4081091982049	33.24737726261828
133	0.245368223974765	0.04561649018486946	4.108237362743239E-6	1.9563035669718721E-7	0.0	0.0	717.4128719178378	33.248477024394134
134	0.24444573425171257	0.04470709343540591	5.600832537311362E-6	2.667063204360905E-7	0.0	0.0	717.4121395937018	33.24841712511027
135	0.24234690835419315	0.044058525481194266	5.538835694096633E-6	2.637540918369398E-7	0.0	0.0	717.4114702941641	33.248368740074426
136	0.24176537987386837	0.043958968176141866	5.4781703511253E-6	2.6086526428939363E-7	0.0	0.0	717.4108583930507	33.24833092033573
137	0.2419787770727453	0.04414050337403452	5.420062962002703E-6	2.5809824643645353E-7	0.0	0.0	717.4102988686617	33.248302717510306
138	0.24214640315994984	0.044290442776532046	5.364253638617811E-6	2.554406575784794E-7	0.0	0.0	717.4097872237803	33.248396498921124
139	0.24032245646185402	0.044456114413883085	3.568475904103252E-6	1.6992742806516098E-7	0.0	0.0	717.4139573811074	33.24935266533858
140	0.23948228317840403	0.04365827223592689	4.873708121522213E-6	2.320813472405938E-7	0.0	0.0	717.4133092683062	33.24929670316958
141	0.237609997349864	0.04308332038815266	4.825301630262402E-6	2.2977627588986814E-7	0.0	0.0	717.412711359324	33.249249967884474
142	0.23715236205453039	0.043022985860513785	4.7775938583072275E-6	2.2750447688698236E-7	0.0	0.0	717.4121596169236	33.24921179506366
143	0.23732498103208854	0.04318525050554811	4.73172599413374E-6	2.2532029152530628E-7	0.0	0.0	717.4116503967548	33.24918149549994
144	0.2374605004570185	0.04332172604444651	4.687527280111681E-6	2.232155905192355E-7	0.0	0.0	717.41118039838	33.24927585933654
145	0.23561952951467902	0.0433923105452223	3.1120569019549293E-6	1.4819318885256074E-7	0.0	0.0	717.4148479924479	33.250097094985016
146	0.23486826862836097	0.04269338254828625	4.256585270923097E-6	2.0269454144757523E-7	0.0	0.0	717.414277154794	33.25004616616457
147	0.23320778799825348	0.04218550959823375	4.218724370730342E-6	2.0089164076168907E-7	0.0	0.0	717.4137461396656	33.25000258614212
148	0.23296628071011583	0.04219722200073406	4.181141093795304E-6	1.9910196293776174E-7	0.0	0.0	717.413252063144	33.24996589559832
149	0.23310649001450656	0.04234106842102747	4.1448738556937315E-6	1.97374952276299E-7	0.0	0.0	717.4127922956819	33.24993559676054
150	0.23321675369425066	0.042464024649707	1.2982377484149765E-7	6.18208519296916E-9	0.0	0.0	717.4123644318471	33.25003696800218
151	0.2313201542110619	0.04243376274922639	2.7199334908800665E-6	1.295206451296898E-7	0.0	0.0	717.4156005740717	33.250738050433874
152	0.23065179873174202	0.04182043331609364	1.1782958608819172E-7	5.610933685927324E-9	0.0	0.0	717.4150983627128	33.25069208411284
153	0.2291829159748886	0.041372483396585835	1.1677980182867032E-7	5.5609436209297634E-9	0.0	0.0	717.4146277051674	33.250652175910766
154	0.22917416527297974	0.0414622334197432	1.1584370440687053E-7	5.516367214871328E-9	0.0	0.0	717.4141865604079	33.250617795788074
155	0.2292889479817859	0.041589514231642255	1.1493534657347482E-7	5.473112079947722E-9	0.0	0.0	717.4137730337852	33.250603121420376
156	0.2286332230419248	0.04197399798309576	8.013284968910739E-8	3.815851000256641E-9	0.0	0.0	717.416755005885	33.251351624385144
157	0.22794123939502242	0.041385061398624856	1.098426309908973E-7	5.230602490818066E-9	0.0	0.0	717.4162616449116	33.25130330590161
158	0.2265046078659907	0.04095002052484631	1.0897042557189707E-7	5.189068222729734E-9	0.0	0.0	717.4157976395409	33.251260510715795
159	0.225619376990835	0.04071238540872102	1.0812709660967812E-7	5.1489107157803594E-9	0.0	0.0	717.4153611661618	33.25122289266831
160	0.2257354670427958	0.04084183935902885	1.0731037036748603E-7	5.110018313254321E-9	0.0	0.0	717.4149505363769	33.25119013168069
161	0.22582892896798512	0.04095527606751048	1.0651774573489092E-7	5.0722752981917955E-9	0.0	0.0	717.4145641857726	33.251227194801956
162	0.2246236124638017	0.04107803714573777	7.042649485811125E-8	3.3536432889983794E-9	0.0	0.0	717.4172140663966	33.251838599498484
163	0.22403355393134916	0.04056602621374594	9.661152944318019E-8	4.6005496978111855E-9	0.0	0.0	717.4167856888271	33.25179682237365
164	0.222781931226109	0.04018653353357493	9.592758942744695E-8	4.567980787279729E-9	0.0	0.0	717.4163802559017	33.2517593730064
165	0.22244970945303066	0.04014462680293107	9.526320354780182E-8	4.536343364439485E-9	0.0	0.0	717.4159964884614	33.25172600838849
166	0.222542375820467	0.04025553454430053	9.461632544116583E-8	4.505539645075866E-9	0.0	0.0	717.4156331927385	33.251696502106306
167	0.22261712210047335	0.04035381853985598	9.398854672326706E-8	4.475647112182439E-9	0.0	0.0	717.4152892539332	33.25176733516239
168	0.2211211589128652	0.04030616546146604	6.207665137480944E-8	2.956033047970171E-9	0.0	0.0	717.4176458614588	33.25227147875602
169	0.22061008832088191	0.039857984108451205	8.521806194039527E-8	4.0580036262499995E-9	0.0	0.0	717.4172714317735	33.25223505656628
170	0.21951093546613265	0.039524655452648716	8.46780494612176E-8	4.032288407935474E-9	0.0	0.0	717.4169150810801	33.252202051356946
171	0.219567641509002	0.039619175499296944	8.415281627094373E-8	4.007277641990403E-9	0.0	0.0	717.4165759029244	33.25217229078834
172	0.21964326714441995	0.039715665380946064	8.363940651179291E-8	3.9828298965749995E-9	0.0	0.0	717.4162530454114	33.25216988044585
173	0.21897761947184335	0.03994051913763741	5.815149961563293E-8	2.769121059437956E-9	0.0	0.0	717.4184422456876	33.25270434615186
174	0.21846435384259166	0.039512163707929204	7.983589966897853E-8	3.801710184753964E-9	0.0	0.0	717.4180791432658	33.25266752088931
175	0.21740146135334726	0.03919127666311084	7.935068424558267E-8	3.778604011694413E-9	0.0	0.0	717.4177326670131	33.252633843867244
176	0.21685574579851163	0.03905910056227313	7.887706487963442E-8	3.756051046907704E-9	0.0	0.0	717.4174020218092	33.2526031638683
177	0.21693224530872612	0.03915544275669092	7.841344995540567E-8	3.733974484107638E-9	0.0	0.0	717.4170864581463	33.252575338669175
178	0.2169954655919355	0.039242380901580276	7.796211320965085E-8	3.71248293482668E-9	0.0	0.0	717.4167852691492	33.25261591773569
179	0.2158840321212665	0.03925912572282897	1.6279948340525152E-6	7.752356623313972E-8	0.0	0.0	717.4187392259361	33.25304821435371
180	0.2154432672391522	0.03888422471103681	7.068933882692363E-8	3.3661596684656357E-9	0.0	0.0	717.4184225047381	33.25301633667761
181	0.21451373148693165	0.038603201585583946	7.025505510682706E-8	3.3454794913181796E-9	0.0	0.0	717.4181188469297	33.25298699843246
182	0.2144321500645674	0.03863612586170362	6.987852430029307E-8	3.327549114558115E-9	0.0	0.0	717.4178276962675	33.252960031533554
183	0.2144942786089814	0.038719187562822555	6.951177056180313E-8	3.3100846508204995E-9	0.0	0.0	717.4175485202832	33.2529481316436
184	0.2140022924504592	0.038935111461679384	1.5280968455044786E-6	7.276651712930158E-8	0.0	0.0	717.4193708979178	33.25340014788893
185	0.21356712648139364	0.03857794916547874	6.635286808887031E-8	3.1596603851843006E-9	0.0	0.0	717.4190657941558	33.25336852501544
186	0.21267372909778715	0.038308693304731634	6.596155799343251E-8	3.141028262884252E-9	0.0	0.0	717.4187726287007	33.25333922371595
187	0.2121416652953485	0.03817120709873123	6.562299859069753E-8	3.1249060482098555E-9	0.0	0.0	717.4184909172975	33.25331209695637
188	0.21220380778413528	0.038253063657155195	6.529126039822586E-8	3.1091083147181228E-9	0.0	0.0	717.4182201950906	33.25328705650324
189	0.21225623214968437	0.03832803227420456	6.496816240542103E-8	3.0937223576594467E-9	0.0	0.0	717.4179600199179	33.253316510277315
190	0.21133812172502076	0.038349961307691416	1.3553828921430977E-6	6.454204315971203E-8	0.0	0.0	717.4195902341828	33.253679231213034
191	0.2109643508051704	0.0380367625824789	5.887272891413886E-8	2.8034639583330276E-9	0.0	0.0	717.4193235838222	33.25365191261423
192	0.21018143659239286	0.03780038839174438	5.855827112100087E-8	2.788489777707409E-9	0.0	0.0	717.4190663371664	33.253626423567
193	0.2100922058393735	0.037821252947743744	5.829065230500419E-8	2.775745686211026E-9	0.0	0.0	717.4188181518967	33.25360265673961
194	0.21014298185264124	0.03789189858783715	5.8025989346788265E-8	2.763142688200744E-9	0.0	0.0	717.4185786973136	33.25359156133452
195	0.2097175547482948	0.03807064336346144	1.2744540072162636E-6	6.068828808803942E-8	0.0	0.0	717.4201036897869	33.25396921337829
196	0.20935180789820151	0.037772650082850134	1.7524084796605166E-6	8.34480245327454E-8	0.0	0.0	717.4198477494274	33.25394247226477
197	0.2086009983531767	0.03754648020554896	1.745073404890718E-6	8.309873559634677E-8	0.0	0.0	717.4196003796918	33.25391732593354
198	0.2081511895848962	0.03743051319402113	1.737405227686395E-6	8.273358430090281E-8	0.0	0.0	717.4193612790918	33.25389375265859
199	0.20820170449042052	0.03749965608204775	1.7298752936767414E-6	8.237501601472883E-8	0.0	0.0	717.4191301600827	33.25387169788664
200	0.20824513240222586	0.037563778951646754	1.7224776911461959E-6	8.202274787414527E-8	0.0	0.0	717.4189067471681	33.25389723360401
201	0.20744257894102702	0.03757258372031558	1.134919330070261E-6	5.4043778299100747E-8	0.0	0.0	717.4202730971541	33.25419884361261
202	0.20712762777247917	0.037310650661190436	1.558657913847128E-6	7.422180643635286E-8	0.0	0.0	717.4200487188209	33.25417566801689
203	0.2064677977186875	0.03711154880856782	1.5528653420915361E-6	7.394596867102553E-8	0.0	0.0	717.4198311142572	33.25415375057341
204	0.2064135543514567	0.03713745881861996	1.5467501270904904E-6	7.36547706635195E-8	0.0	0.0	717.4196200691555	33.25413308201151
205	0.20645521189908322	0.03719736285915687	1.5407329101435607E-6	7.336823516977478E-8	0.0	0.0	717.4194153783333	33.25412603010715
206	0.2060569171080715	0.03733423344691289	1.0686860605346737E-6	5.0889814098181456E-8	0.0	0.0	717.4206965901876	33.25443987698523
207	0.20575042342125016	0.037085150611716244	1.4677843864774331E-6	6.989449493251716E-8	0.0	0.0	717.4204817102159	33.254417282861034
208	0.20511929791064176	0.03689507954860716	1.4625900348619325E-6	6.964714451723488E-8	0.0	0.0	717.4202729886838	33.25439583232737
209	0.20476563656939106	0.03680714780120198	1.4570846360584255E-6	6.938498469957093E-8	0.0	0.0	717.4200702400418	33.25437551972734
210	0.20480693141371376	0.03686551444014796	1.4516649571305607E-6	6.912690305885657E-8	0.0	0.0	717.4198732863376	33.254356311304655
211	0.20484306072239633	0.03692022609065759	1.4463278148468817E-6	6.887275511806884E-8	0.0	0.0	717.4196819560132	33.25438067109325
212	0.20412113731299542	0.03691191233553681	9.52418531596777E-7	4.535326476278507E-8	0.0	0.0	717.4208312594229	33.25463052953323
213	0.2038553932366085	0.03669210697627889	1.3082417353871278E-6	6.229722617133251E-8	0.0	0.0	717.4206422527327	33.2546108702878
214	0.2032990383518154	0.036524294626037346	1.3041328656981932E-6	6.210156537160098E-8	0.0	0.0	717.4204581305696	33.25459211581836
215	0.20329005179837623	0.036560249091692754	1.2997313660889631E-6	6.189197150552857E-8	0.0	0.0	717.4202787604966	33.2545742672989
216	0.20332444113728343	0.03661104439359164	1.2953910299984273E-6	6.168528951125804E-8	0.0	0.0	717.4201040151042	33.25457188539256
217	0.20293939698149188	0.03670923052076702	8.979893664218253E-7	4.276139873939298E-8	0.0	0.0	717.4211838197116	33.25483211257676
218	0.20268184570704761	0.036500270489195685	1.2335424344200874E-6	5.8740116263119746E-8	0.0	0.0	717.421003095626	33.25481304074627
219	0.20215034413649846	0.036340211656973764	1.2298603451199597E-6	5.856477935410675E-8	0.0	0.0	717.4208268064347	33.25479478987907
220	0.20188914232585375	0.03628014663892287	1.225896085088607E-6	5.8376006081960524E-8	0.0	0.0	717.4206548376483	33.254777363043246
221	0.20192311606524527	0.03632946577694085	1.2219843483762816E-6	5.818973222847576E-8	0.0	0.0	717.420487078968	33.25476073932175
222	0.2019533230804882	0.03637612291121428	1.2181246802356327E-6	5.800593715407775E-8	0.0	0.0	717.4203234234972	33.25478503050121
223	0.2012930670221067	0.03635114876276191	8.017693744477583E-7	3.8179496051443924E-8	0.0	0.0	717.4212929784383	33.25499142923011
224	0.201068647525517	0.036166209368733604	1.1014390111085959E-6	5.2449477396164316E-8	0.0	0.0	717.4211335094814	33.25497476654668
225	0.2006029143744854	0.03602607043821848	1.0985233984683873E-6	5.231063802230416E-8	0.0	0.0	717.4209775698209	33.254958755158455
226	0.2006345785657686	0.03607137793847315	1.0953451692330418E-6	5.2159294111355675E-8	0.0	0.0	717.4208250774216	33.25494340161068
227	0.20066313972893113	0.036114488796492594	1.0922071851382498E-6	5.200986629731796E-8	0.0	0.0	717.4206759530562	33.25494547517117
228	0.2002860626016627	0.03617897251962887	7.567778084194288E-7	3.603703917287064E-8	0.0	0.0	717.421588371508	33.255160792983276
229	0.20006924979043106	0.036003187202176434	1.039682729242486E-6	4.950870274591406E-8	0.0	0.0	717.421436065621	33.25514468776426
230	0.1996207393790428	0.03586811652202826	1.037071115206345E-6	4.9384339157703446E-8	0.0	0.0	717.4212869609619	33.255129172692065
231	0.1994423862433905	0.03583337103242812	1.0342062068957603E-6	4.924791461408382E-8	0.0	0.0	717.4211409866966	33.25511425519129
232	0.19947050633982144	0.03587510796633708	1.0313763141311938E-6	4.9113158830832187E-8	0.0	0.0	717.4209980743368	33.25509992227898
233	0.19949587759310816	0.03591490455997004	1.028580072670593E-6	4.898000481391916E-8	0.0	0.0	717.4208581572063	33.25512455040323
234	0.19888568791066064	0.035875208768640476	6.767511422367534E-7	3.222624520677051E-8	0.0	0.0	717.421678053347	33.25529456694088
235	0.19869590482448984	0.03571922281940232	9.297707492805785E-7	4.427479927655787E-8	0.0	0.0	717.4215432691108	33.255280440950955
236	0.19834854736609486	0.03561818058701505	9.277002845919924E-7	4.417620470489748E-8	0.0	0.0	717.4214110401717	33.25526678425213
237	0.19837465531918497	0.03565640982863627	9.254001724912087E-7	4.406667521888743E-8	0.0	0.0	717.4212813155909	33.25525360581892
238	0.19839850303787898	0.035693041510274526	9.231241620000219E-7	4.3958294781987206E-8	0.0	0.0	717.4211540460292	33.255259631319255
239	0.19802758791365704	0.03572892885210521	6.393697731255088E-7	3.0446180349350644E-8	0.0	0.0	717.4219266911159	33.255437364673725
240	0.19784470542526833	0.035580678990282166	8.784547844697954E-7	4.1831182242969506E-8	0.0	0.0	717.4217980752315	33.25542375053847
241	0.19746548643070128	0.03546646717503421	8.766030532569857E-7	4.174300388946168E-8	0.0	0.0	717.4216717753005	33.255410561133665
242	0.19735915143519378	0.03545387761182184	8.745284958422417E-7	4.164421544114053E-8	0.0	0.0	717.4215477473803	33.25539780572731
243	0.19738255122638293	0.03548925376908585	8.724773579160683E-7	4.1546541191499793E-8	0.0	0.0	717.4214259488698	33.25538774084001
244	0.1971984532483475	0.0355859452629268	6.042457698640646E-7	2.8773608427118667E-8	0.0	0.0	717.4221544992542	33.25557079033356
245	0.19702282161370022	0.035445166460174704	8.301617526740301E-7	3.953151372386509E-8	0.0	0.0	717.4220319159601	33.25555770188703
246	0.19666162578005242	0.035336477052897663	8.285026069643209E-7	3.945250610860014E-8	0.0	0.0	717.4219114288973	33.255545000217616
247	0.1964026341893259	0.03526546950027054	8.266379154520109E-7	3.936371296644904E-8	0.0	0.0	717.4217930002209	33.25553269183127
248	0.19642543639884025	0.03529951108804141	8.247866389865521E-7	3.92755555908696E-8	0.0	0.0	717.4216765932142	33.25552076977352
249	0.19644641357126602	0.03533226383978416	8.22954689283506E-7	3.9188319552370863E-8	0.0	0.0	717.4215621719508	33.25553079252794
250	0.19605382128611382	0.03533741348865149	5.412714472186053E-7	2.5774831496640954E-8	0.0	0.0	717.4222175218063	33.25567581673781
251	0.19589956117306428	0.03521220157079341	7.436340183630819E-7	3.54111444082827E-8	0.0	0.0	717.4221087546089	33.25566429075986
252	0.19557868031688486	0.03511553027647096	7.423202532663709E-7	3.534858382722849E-8	0.0	0.0	717.4220016650406	33.25565307916875
253	0.19554620568942482	0.035126499675310896	7.40817768019042E-7	3.527703792575007E-8	0.0	0.0	717.421896225808	33.25564218300007
254	0.1955656909967729	0.03515645790174915	7.393277883238625E-7	3.520608549663285E-8	0.0	0.0	717.4217924103984	33.25563883895429
255	0.19535016922009163	0.03521664965045801	5.11887719767401E-7	2.4375606379916938E-8	0.0	0.0	717.4224110114272	33.2557888928096
256	0.19520217791432515	0.035097719642919856	7.032933808659436E-7	3.349016200867741E-8	0.0	0.0	717.422307384795	33.25577782902064
257	0.1948965996689367	0.03500573007678298	7.021185410849284E-7	3.343421691884682E-8	0.0	0.0	717.4222052762592	33.255767052662414
258	0.19472973476831612	0.03496529312707253	7.007647582213394E-7	3.336975174490709E-8	0.0	0.0	717.4221046623229	33.25575656200958
259	0.19474869402620243	0.03499408882453281	6.994216619204963E-7	3.330579545490764E-8	0.0	0.0	717.4220055201429	33.25574635273939
260	0.19476632191617682	0.03502194571205308	6.980894795560744E-7	3.324235752275161E-8	0.0	0.0	717.4219078273027	33.255759627140904
261	0.19437808071052132	0.03500609890162565	4.590426669892622E-7	2.185917597195103E-8	0.0	0.0	717.4224645287445	33.255877902638495
262	0.19424757064598452	0.03490009321302523	6.306709110504016E-7	3.0031949498671954E-8	0.0	0.0	717.4223723584503	33.255868125189345
263	0.19398125801217247	0.034820272010676945	6.297436812019441E-7	2.998779501965709E-8	0.0	0.0	717.4222814062168	33.2558585836982
264	0.1939986742486326	0.03484647875244207	6.286506959440885E-7	2.993574776426266E-8	0.0	0.0	717.4221916550431	33.2558492718758
265	0.19401500011508688	0.034871916158039085	6.275679425016278E-7	2.9884188414880124E-8	0.0	0.0	717.4221030883939	33.25585102073361
266	0.19377969356446556	0.03490379399673671	4.3440377339720726E-7	2.0685893971295585E-8	0.0	0.0	717.4226290506604	33.25597389226132
267	0.19365462996483984	0.03480309537002668	5.968472578388173E-7	2.8421298669032E-8	0.0	0.0	717.4225412680164	33.255964522805435
268	0.19339556102568167	0.03472508364356486	5.960191629128531E-7	2.8381865577319418E-8	0.0	0.0	717.4224545872987	33.255955366965395
269	0.19330148982226092	0.03470860973271783	5.950350896455348E-7	2.8335004607188673E-8	0.0	0.0	717.4223689938727	33.25594641906548
270	0.19331734383740695	0.03473303010343187	5.940587470831815E-7	2.8288511765865786E-8	0.0	0.0	717.4222844735018	33.25593773094781
271	0.19320523102305742	0.0348048472392577	4.1119096749753226E-7	1.9580522600140934E-8	0.0	0.0	717.4227815741838	33.25606407079362
272	0.1930855901950963	0.034709227665882025	5.649344529956579E-7	2.6901641633901905E-8	0.0	0.0	717.4226980177327	33.256055104083934
273	0.19283909010482603	0.03463504203126888	5.641950338031165E-7	2.6866430857808155E-8	0.0	0.0	717.4226154575156	33.25604633064723
274	0.1926430733574307	0.03457948264164301	5.633075943478616E-7	2.682417217448303E-8	0.0	0.0	717.422533880949	33.25603774535282
275	0.1926584134116638	0.034602884591439675	5.624274308502208E-7	2.6782259288622646E-8	0.0	0.0	717.422453275781	33.256029345872484
276	0.19267287139109612	0.03462566467563022	5.615520421997644E-7	2.6740573438084018E-8	0.0	0.0	717.42237362995	33.256034730317175
277	0.1924140198452733	0.03463343319846146	3.691823167173425E-7	1.7580110658227134E-8	0.0	0.0	717.4228212640908	33.25613489508439
278	0.1923081491481753	0.03454803485617575	5.071958639746299E-7	2.41521839987919E-8	0.0	0.0	717.4227467733351	33.256126949157334
279	0.1920882037748015	0.03448178353168885	5.066133326181443E-7	2.4124446102156245E-8	0.0	0.0	717.4226730837956	33.25611915895882
280	0.19205373364229672	0.034484841593389604	5.058964234194718E-7	2.409030689217876E-8	0.0	0.0	717.4226001863424	33.256111520295185
281	0.1920670374506699	0.03450557668588772	5.051838343206327E-7	2.405637373959464E-8	0.0	0.0	717.4225280720879	33.25610821961579
282	0.1919256739224693	0.034549653272691216	3.496129465929698E-7	1.664823622875355E-8	0.0	0.0	717.4229514478972	33.2562116503216
283	0.1918244548869552	0.03446854589375192	4.803318915946875E-7	2.2872947895502008E-8	0.0	0.0	717.4228805575611	33.25620405308212
284	0.1916151977361551	0.03440554562883591	4.798146164830541E-7	2.284831642403636E-8	0.0	0.0	717.422810391502	33.25619659673586
285	0.1914909040810926	0.03437418562212713	4.791668288817164E-7	2.281746939540123E-8	0.0	0.0	717.4227409418672	33.256189277462184
286	0.19150375877961778	0.03439404012258862	4.785251803696156E-7	2.2786914704348808E-8	0.0	0.0	717.4226722010125	33.25618209380803
287	0.19151596895198963	0.03441344077576147	4.778869424626464E-7	2.275652140800351E-8	0.0	0.0	717.4226041613931	33.25619048931126
288	0.19125252508092672	0.034404091114126345	3.141346951451851E-7	1.495879534526726E-8	0.0	0.0	717.4229855224974	33.25627194632867
289	0.19116269075357195	0.03433154172688191	4.3156637730135117E-7	2.055078122490765E-8	0.0	0.0	717.4229222110816	33.25626519637255
290	0.19097565781657977	0.034275191549635764	4.3115824155393057E-7	2.0531345850962506E-8	0.0	0.0	717.4228594832509	33.25625856017703
291	0.1909870948866228	0.03429309039352191	4.3063641896878835E-7	2.0506496818078242E-8	0.0	0.0	717.4227973332972	33.25625203456607
292	0.19099830718505473	0.034310731435912345	4.3011618799937423E-7	2.0481723576419124E-8	0.0	0.0	717.4227357556621	33.256252897265426
293	0.1908366869861311	0.034332978161639716	2.976150881295325E-7	1.4172147392140947E-8	0.0	0.0	717.4230966746619	33.25633734030944
294	0.19075086060320245	0.034264067077860005	4.088924470124766E-7	1.947106992041708E-8	0.0	0.0	717.4230364353602	33.25633089201882
295	0.19057293842752188	0.034210485627010456	4.085316049895482E-7	1.945388629023693E-8	0.0	0.0	717.4229767235222	33.25632454664749
296	0.19050585026752742	0.03419830631440135	4.080613962287316E-7	1.9431495735218397E-8	0.0	0.0	717.4229175342383	33.25631830128079
297	0.19051666705854586	0.03421518401082935	4.07591187467915E-7	1.9409104841846176E-8	0.0	0.0	717.4228588627293	33.25631215501025
298	0.1904389082360467	0.03426461185572194	2.8202339308336377E-7	1.3429686399983135E-8	0.0	0.0	717.423200514357	33.256398992623275
299	0.1903569870401043	0.034199169839482124	3.874592948704958E-7	1.8450442612880753E-8	0.0	0.0	717.4231432144693	33.256392836758394
300	0.1901877858390435	0.03414823395338473	3.8713869798812084E-7	1.8435176433026105E-8	0.0	0.0	717.4230863911689	33.25638677397929
301	0.19005055749948951	0.034109142431013595	3.867139639623929E-7	1.8414951003229536E-8	0.0	0.0	717.4230300402364	33.256380801606475
302	0.19006097174542447	0.03412527429307488	3.862917310470948E-7	1.8394844673929625E-8	0.0	0.0	717.4229741575656	33.25637491885922
303	0.19007095903180016	0.03414110559915784	3.858704076264985E-7	1.837478334566965E-8	0.0	0.0	717.4229187390931	33.25637847087041
304	0.18989143688395416	0.0341462226976077	2.536150986998109E-7	1.2076910138603125E-8	0.0	0.0	717.4232266074762	33.25644735116125
305	0.189818531363926	0.03408759713042997	3.4840968510252424E-7	1.6590938062541855E-8	0.0	0.0	717.4231753426868	33.25644186761272
306	0.1896670578867088	0.03404196964912032	3.481595740595367E-7	1.6579027674522096E-8	0.0	0.0	717.4231244626069	33.25643645938771
307	0.1896431256050164	0.0340440531701276	3.4781487556756474E-7	1.656261346061867E-8	0.0	0.0	717.423073964158	33.25643112421392
308	0.18965226048749173	0.03405842214262833	3.4747358768072445E-7	1.654636267154447E-8	0.0	0.0	717.4230238443504	33.25642884760404
309	0.18955255663331627	0.03408815206308802	2.403965027042432E-7	1.1447453186433233E-8	0.0	0.0	717.4233154234987	33.25649995767549
310	0.18948299740486618	0.034032469708755286	3.3026913115463685E-7	1.5727101483554137E-8	0.0	0.0	717.4232666667554	33.25649472607349
311	0.18933895881218632	0.03398909639407677	3.300469870737288E-7	1.571652454740182E-8	0.0	0.0	717.4232182575804	33.25648956260174
312	0.18925357933994746	0.0339676143664569	3.2973730412777513E-7	1.5701776725390594E-8	0.0	0.0	717.42317019333	33.256484465158266
313	0.1892623631611059	0.033981339645027475	3.294285306765232E-7	1.5687074581126667E-8	0.0	0.0	717.4231224714329	33.25647943325371
314	0.18927083451080762	0.033994845154673214	3.29121121467324E-7	1.5672435032294222E-8	0.0	0.0	717.4230750893439	33.25648530076469
315	0.18908585843200854	0.03398736820464521	2.1629534785461146E-7	1.0299780161035631E-8	0.0	0.0	717.4233378914917	33.25654123192888
316	0.18902382560963815	0.0339374315936567	2.9713919502682984E-7	1.4149486830882822E-8	0.0	0.0	717.4232942148735	33.25653656294375
317	0.1888969697911307	0.033899378079425446	2.969670731545193E-7	1.4141290551248988E-8	0.0	0.0	717.4232508191884	33.25653194917947
318	0.188904961334174	0.033911807019013196	2.9671627999050543E-7	1.4129347342921911E-8	0.0	0.0	717.4232077025048	33.25652738883051
319	0.18891269779078357	0.033924056519367696	2.96465714200167E-7	1.4117414961912713E-8	0.0	0.0	717.4231648629484	33.256528204294135
320	0.18879681496036937	0.03393795721063597	2.0508582565526012E-7	9.76599271293058E-9	0.0	0.0	717.423413867935	33.256586148456975
321	0.188737658644186	0.03389052425183792	2.817557742673671E-7	1.3416941970133069E-8	0.0	0.0	717.4233723335485	33.25658169648647
322	0.18861490399103786	0.033853551707228036	2.816047981468728E-7	1.3409752631061912E-8	0.0	0.0	717.4233310529464	33.25657729446712
323	0.18857159822437097	0.03384629527741012	2.8137787921878044E-7	1.339894798288047E-8	0.0	0.0	717.4232900244688	33.2565729407198
324	0.18857902787294734	0.03385798876785273	2.811530066537671E-7	1.3388239088791515E-8	0.0	0.0	717.423249246506	33.25656893521504
325	0.18852094296698851	0.03389063510817536	1.9448998500593007E-7	9.261428872486292E-9	0.0	0.0	717.4234852144205	33.25662859535069
326	0.18846456065011807	0.03384558545069538	2.6719226298155263E-7	1.2723441771067017E-8	0.0	0.0	717.4234457231078	33.25662435192191
327	0.188347860696922	0.033810445686910384	2.670601588761201E-7	1.271715076102607E-8	0.0	0.0	717.4234064610172	33.25662015367311
328	0.18825582139697872	0.0337844837972483	2.6685529519454576E-7	1.2707395347617768E-8	0.0	0.0	717.4233674267223	33.256615999039695
329	0.1882629481578988	0.033795640521098846	2.6665270524972584E-7	1.2697748545741931E-8	0.0	0.0	717.4233286188403	33.25661188775811
330	0.1882698678714405	0.03380665166254815	2.664485236891778E-7	1.2688025614287263E-8	0.0	0.0	717.4232900359981	33.256614597688106
331	0.18814134608464883	0.03380866297460017	1.750941009959206E-7	8.337815348200128E-9	0.0	0.0	717.4235027710986	33.25666186459601
332	0.18809096214909005	0.033768217270278456	2.405286068096757E-7	1.145374419647418E-8	0.0	0.0	717.42346734838	33.25665807018099
333	0.18798623928751113	0.03373667013282855	2.4042833501880523E-7	1.1448969010936188E-8	0.0	0.0	717.423432111184	33.25665431245354
334	0.18797328464097518	0.033739479664994576	2.4026121536735445E-7	1.144101059394199E-8	0.0	0.0	717.4233970584692	33.25665059005156
335	0.1879795880245183	0.03374945551049535	2.400959147053072E-7	1.1433139133844504E-8	0.0	0.0	717.4233621892231	33.256649325831816
336	0.1879059036596118	0.033768362557804465	1.660753241594648E-7	7.908350461266743E-9	0.0	0.0	717.4235638567884	33.25669814032764
337	0.18785789617322735	0.03372994501700077	2.2815447664470412E-7	1.0864499226196736E-8	0.0	0.0	717.4235301797751	33.25669452522119
338	0.18775834484313236	0.033699962669604844	2.2806693777965847E-7	1.0860331047167295E-8	0.0	0.0	717.423496670317	33.25669094330346
339	0.18770294072510296	0.0336864844920548	2.2791869014326949E-7	1.0853270959203308E-8	0.0	0.0	717.423463327515	33.256687393299295
340	0.18770898075763398	0.033695997703770075	2.2776930563850328E-7	1.0846158088064666E-8	0.0	0.0	717.4234301505048	33.256683875043514
341	0.1877148690705326	0.03370540430387692	2.2762037588108797E-7	1.083906585650073E-8	0.0	0.0	717.4233971384228	33.256688270233944
342	0.18758179413134712	0.03369844123995236	1.4956708582758438E-7	7.122243197326974E-9	0.0	0.0	717.4235789768973	33.25672657939727
343	0.18753883189356202	0.03366392376530314	2.0546167434076779E-7	9.783889931029642E-9	0.0	0.0	717.4235487426092	33.2567233425186
344	0.18745555970508576	0.0336392873748963	2.0539687284326646E-7	9.780805498849077E-9	0.0	0.0	717.4235186440582	33.256720132628054
345	0.18746104122192264	0.03364789235743615	2.0527636479528155E-7	9.775064990251502E-9	0.0	0.0	717.4234886805887	33.256716948606915
346	0.18746639897790374	0.03365641036429423	2.0515381038421765E-7	9.769230080976178E-9	0.0	0.0	717.4234588515653	33.256717906486806
347	0.18738069459050166	0.03366407986126063	1.418948158971034E-7	6.756896333453846E-9	0.0	0.0	717.423631281869	33.256757594576335
348	0.18733977326019158	0.033631291773598804	1.9493495528877247E-7	9.282617933574025E-9	0.0	0.0	717.4236025401991	33.25675451184498
349	0.18725478500982717	0.03360569113974066	1.9487788449623622E-7	9.279900276786585E-9	0.0	0.0	717.4235739211111	33.25675145353212
350	0.18722955572548017	0.03360246278901258	1.9476919987937436E-7	9.27472380377973E-9	0.0	0.0	717.4235454240388	33.25674841858704
351	0.18723468451662484	0.03361058202534295	1.946600605151616E-7	9.269527367905539E-9	0.0	0.0	717.4235170484392	33.25674604785946
352	0.18718904040406414	0.03363125404590761	1.3463773029798176E-7	6.411320828733768E-9	0.0	0.0	717.4236805738758	33.256786951840034
353	0.1871500766947065	0.03360011102524041	1.8496007214707788E-7	8.807623159901552E-9	0.0	0.0	717.4236532533575	33.2567840165577
354	0.18706929785685134	0.03357578278254536	1.8491095943318214E-7	8.805285812654585E-9	0.0	0.0	717.4236260435309	33.256781103368944
355	0.1870100914534305	0.03355951044461136	1.84811369763338E-7	8.800542432362861E-9	0.0	0.0	717.4235989439085	33.25677821128635
356	0.18701499770531882	0.033567247171383485	1.8471359908289742E-7	8.79588634732153E-9	0.0	0.0	717.4235719540229	33.25677534022059
357	0.1870198033975612	0.03357491325043327	1.8461582840245683E-7	8.79123127734125E-9	0.0	0.0	717.4235450734112	33.25677761492992
358	0.18692534819683715	0.033574368823838796	1.2130294635426253E-7	5.776330778774406E-9	0.0	0.0	717.4236925462562	33.25680995106618
359	0.1868904278935588	0.03354636522747967	1.6662943380651996E-7	7.934735281521301E-9	0.0	0.0	717.423667995635	33.256807319192994
360	0.18681781628447425	0.0335244899844902	1.6659373613947537E-7	7.933035054260732E-9	0.0	0.0	717.4236435347714	33.256804705316554
361	0.18681375037294856	0.03352829203555174	1.6651415535307024E-7	7.929246846418079E-9	0.0	0.0	717.4236191633097	33.25680210856349
362	0.18681811571696016	0.03353522894395411	1.6643389244563878E-7	7.925423788146006E-9	0.0	0.0	717.4235948809073	33.256801649762814
363	0.18676156397532395	0.033546359319611696	1.151072410721099E-7	5.481297193909995E-9	0.0	0.0	717.4237347719989	33.25683506592589
364	0.18672832043421295	0.03351975856712386	1.5813088793947827E-7	7.530042621185982E-9	0.0	0.0	717.4237114369489	33.256832560700644
365	0.18665930876022685	0.03349897115042921	1.5810087461431976E-7	7.528614768640788E-9	0.0	0.0	717.423688182944	33.25683007176293
366	0.186625780491795	0.03349146528678659	1.5802811503817793E-7	7.52514935021238E-9	0.0	0.0	717.4236650096798	33.25682759828988
367	0.1866299529679054	0.03349807291426998	1.5795603758306243E-7	7.521716752091292E-9	0.0	0.0	717.4236419168608	33.25682514022526
368	0.18663405168854297	0.033504628748474374	1.5788305063324515E-7	7.518241183052375E-9	0.0	0.0	717.4236189041958	33.25682861561127
369	0.186536147348761	0.03349776486524192	1.0373355507908855E-7	4.939694452418952E-9	0.0	0.0	717.4237450757205	33.25685474523331
370	0.18650632359958763	0.033473833041085754	1.4249553714762442E-7	6.785502445641864E-9	0.0	0.0	717.4237240934511	33.256852496861
371	0.18645382787872222	0.033458722067667424	1.4247461876948364E-7	6.7845063323970645E-9	0.0	0.0	717.4237031769442	33.256850261774105
372	0.18645760807748957	0.03346469451633993	1.424159563612193E-7	6.781714237799211E-9	0.0	0.0	717.423682325973	33.25684803924036
373	0.18646132814274097	0.03347062473340401	1.4235774870030582E-7	6.778940414300277E-9	0.0	0.0	717.4236615403245	33.256849155439
374	0.18639610337140766	0.0334738454998913	9.845143722486682E-8	4.688164354081978E-9	0.0	0.0	717.4237812504177	33.25687623718385
375	0.18636771890351156	0.03345111187271499	1.3524777386919595E-7	6.440370860954794E-9	0.0	0.0	717.4237613083221	33.25687409757741
376	0.18630872875655768	0.03343334091362138	1.3523163033823948E-7	6.4396031364464895E-9	0.0	0.0	717.4237414256022	33.256871969998485
377	0.1862965930063183	0.0334331222253752	1.3517797015083488E-7	6.4370475510735384E-9	0.0	0.0	717.4237216020642	33.25686985375583
378	0.1863001460283158	0.033438769037083205	1.351254468318075E-7	6.434546440643663E-9	0.0	0.0	717.4237018375239	33.25686866203378
379	0.18626276856184631	0.033451034078183284	9.344898899144027E-8	4.449952195088935E-9	0.0	0.0	717.4238154248545	33.25689660292025
380	0.18623576053323632	0.03342943987186331	1.283740402868716E-7	6.1130495374700765E-9	0.0	0.0	717.423796472234	33.256894567084835
381	0.186179700487628	0.033412553748487284	1.283608526136959E-7	6.112422229740506E-9	0.0	0.0	717.4237775732191	33.256892542138274
382	0.18614384644070014	0.03340322848320554	1.2831333151552826E-7	6.110159658657635E-9	0.0	0.0	717.4237587276457	33.256890527428915
383	0.18614723850851078	0.03340860443292115	1.2826581041736063E-7	6.107897425928448E-9	0.0	0.0	717.4237399353544	33.25688852292562
384	0.1861505816755198	0.03341394605057246	1.2821965356124565E-7	6.1056988036917966E-9	0.0	0.0	717.4237211961872	33.25689055186125
385	0.18607932138911565	0.033411488521672084	8.423830877291039E-8	4.011348036805256E-9	0.0	0.0	717.4238236560832	33.256912553342225
386	0.1860550661654088	0.03339205000762391	1.1571478353289422E-7	5.510227787280677E-9	0.0	0.0	717.4238066029986	33.2569107243982
387	0.18600461371806887	0.033376849697202005	1.1570637070690282E-7	5.509827514872865E-9	0.0	0.0	717.4237895934407	33.256908904351434
388	0.18600720371023272	0.033381526994137545	1.156683993031038E-7	5.508019691140882E-9	0.0	0.0	717.4237726272868	33.25690709261965
389	0.18601023460178112	0.03338635658769107	1.1562860890990123E-7	5.506124910512188E-9	0.0	0.0	717.4237557044228	33.25690723154282
390	0.1859652666726106	0.033391996745979924	7.996209205884952E-8	3.80772002288376E-9	0.0	0.0	717.4238529404827	33.25692998800537
391	0.18594219018496005	0.033373531257684164	1.0984740583808161E-7	5.230829864493509E-9	0.0	0.0	717.4238367343561	33.25692824813836
392	0.1858942456706245	0.033359088124118585	1.0984126674884465E-7	5.230537188557112E-9	0.0	0.0	717.4238205675254	33.25692651633014
393	0.18587633718652796	0.03335589646962234	1.0980625120282639E-7	5.2288691048964945E-9	0.0	0.0	717.4238044398862	33.25692479202978
394	0.18587922896813325	0.0333604931322391	1.0977191777783446E-7	5.227234856604246E-9	0.0	0.0	717.4237883513383	33.25692307521791
395	0.1858567236208728	0.0333734219661217	7.591165740450379E-8	3.6148418438469455E-9	0.0	0.0	717.4238806349586	33.25694651700213
396	0.18583477309994123	0.03335588167699299	1.042808435158804E-7	4.965755468198214E-9	0.0	0.0	717.4238652342302	33.256944862035986
397	0.18578921340395027	0.033342158350180284	1.042776602844242E-7	4.965603885747918E-9	0.0	0.0	717.4238498689781	33.25694321436984
398	0.18575215771716103	0.03333161314929711	1.0424582796986215E-7	4.964087722891279E-9	0.0	0.0	717.4238345391116	33.25694157348258
399	0.18575491590991078	0.03333598750714373	1.0421422302897554E-7	4.962582387352519E-9	0.0	0.0	717.4238192445443	33.25693993935739
400	0.18575764168417663	0.03334033910593348	1.0418284546176437E-7	4.961088555839004E-9	0.0	0.0	717.4238039851925	33.25694085295385
